0.0228824728452 0.0167966137387 0.000688730562971 0.0345126144273 1.62267682762e-05 0.0288741256532 0.0837983152113 0.693412239719
0.0256720682211 0.0455295756661 0.376404225412 0.0948718957007 0.0531965324526 0.0084099756695 0.485578558826 0.151940648117
0.317491370182 0.154360975365 0.292310951631 0.0431298685 0.10136699033 0.0518192006173 0.339713849427 0.335101203504
0.00378553182892 0.00613875094271 0.00292408411157 0.0230192477776 0.0723517606716 0.0396339462849 0.016659208827 0.639285432467
0.000614806321435 0.000193352215942 0.0112333810044 1.8139492911e-05 0.0222613045219 0.287707448176 0.394787234353 0.161332701228
0.00364904381313 0.00820711019512 0.119415076348 0.017081182578 0.129652556772 0.00752879573654 0.474631133822 0.247488403616
0.0193456512841 0.000303537586931 0.150674713507 0.00533473906036 0.0914337917629 0.235260764435 0.535664835568 0.0170221937038
0.000859557750559 0.0148091926778 0.0281439350682 0.000681081412871 0.00440594394429 0.00199278919891 0.297361663524 0.302302387941
0.00408457708438 0.00251429144363 0.050726706861 0.000759064504111 0.0011928140161 0.277752065651 0.242337883027 0.349432899046
0.00277461083638 0.0368516078802 0.00410503410958 0.079416829113 0.013952868456 0.57443087156 0.0659471306436 0.0455999449267
0.00553293310602 0.00340717969688 0.0638721094399 0.0294520875382 0.0216225850466 0.0714714778325 0.288038267934 0.522575664366
0.000326137626747 0.000244922408298 0.00253630001423 0.0105832032736 0.00317509818946 0.00994566542532 0.0385888215762 0.825129756422
0.0255753849292 0.00468796438798 0.164627234614 0.00448760995421 0.10728061493 0.179928728196 0.600834563966 0.0747370908687
0.200719329808 0.0624898759916 0.11353990935 0.0289141059037 0.0127282966107 0.429698662402 0.154211513589 0.113529524554
0.00553548014444 0.00732750736406 0.0232054364997 0.00608208078006 0.157092749222 0.104628791042 0.269480776194 0.461674958807
0.00171141041547 0.016079511229 0.00378088421147 0.00954089079237 0.0115187459916 0.0241745692066 0.0163108945665 0.873647722554
0.022255473922 0.0284991922037 0.0213072666026 0.00764401807379 0.041439710465 0.211233634375 0.405857378196 0.265444401571
0.0158694511477 0.00711032227868 0.000197134620653 0.0055680525597 0.0217883177355 0.107794962121 0.212650598088 0.470145386599
0.00601255041954 0.00123606863927 0.131707179984 0.119007773289 0.0598071727805 0.657055569593 0.178555412507 0.0721016853999
0.062552142606 0.289635203999 0.0460605031945 0.111920213415 0.15592392911 0.12676919327 0.0492407848077 0.422302935333
0.446385768713 0.476150219255 0.0333856413494 0.0353051833255 0.236333837722 0.0591399559135 0.270601834931 0.238707306093
0.00509106578208 0.0147621146174 0.0181824821605 0.0369327857707 0.157300987703 0.182778941852 0.213538351107 0.308954805222
0.00138920381993 0.000455906300599 0.0211307562566 0.0147529724047 0.00955969233698 0.0312412977144 0.0701993930134 0.793096679386
0.200020336959 0.231934788578 0.592723585506 0.358781997203 0.0960934397109 0.183107575676 0.0624532756648 0.221337247064
0.0765093844888 0.0109860137088 0.0182104904645 0.0573729451355 0.0027117651009 0.0434541288088 0.104361023867 0.708187511143
0.000938091033751 0.00203489578609 0.000115538950958 0.0114476401966 0.00340526677508 0.0159257736534 0.0156194107676 0.742747952704
6.53608796014e-07 7.97835875808e-06 0.000133296831933 0.0138365264595 0.0154528670387 0.000663758914043 0.0431065782907 0.840514836532
0.000938092690504 0.011363858004 0.0335298699852 0.0356921534887 0.299993064845 0.0878234246274 0.583437908287 0.0141424287985
0.00310779965738 0.0100254062519 0.0502776858801 0.0214420830741 0.00106045265947 0.0719774298297 0.0755559150151 0.671266568785
0.00560154707106 0.0028301200035 0.0906199088765 0.0303802512035 0.00294544921421 0.0405820975791 0.270929655237 0.506579482875
0.362157390488 0.152409955243 0.593591855342 0.0921586940738 0.103893830602 0.208471413395 0.231591919689 0.10993660403
0.000795030204704 0.000363277156028 0.000896553241643 0.00314878396912 0.00127379570813 0.00659303805347 0.000774851709315 0.802739806801
7.97424608755e-05 0.000286473850446 0.0139444078567 0.00580519150199 0.144012504568 0.18102561969 0.0953664488408 0.432599257881
0.526353130186 0.0185659122672 0.513702283751 0.140009620512 0.211413766265 0.163533939973 0.327968785359 0.0309484340788
0.00403231664877 0.00443588232623 0.0261717147319 0.0144646237203 0.00406565464735 0.0843498964532 0.105190027218 0.703106689559
0.0237378679319 0.000639674872351 0.0166817026859 0.00903985546503 0.00652100755693 0.00873240325856 0.150442063321 0.555590932919
0.000772980809574 0.000584876141829 0.0001196700937 0.000747729611081 0.000276433559633 0.0195493911371 0.114049520353 0.853559386158
3.37515105095e-06 4.28965471714e-06 0.000295195939564 0.000464764351407 0.00410800791021 0.0024921737356 0.119872030724 0.591493751304
4.7572826917e-05 0.00033120128604 0.00138413492533 5.52340596382e-05 9.22740603805e-05 0.00492026380753 0.23004332572 0.524117559189
0.20111691193 0.0784206338114 0.108552790166 0.033438684026 0.00573244970721 0.0844355494213 0.42189885987 0.201154316896
0.00345107501613 0.00330158382037 0.00921649382023 0.0310679188947 0.0851938934568 0.227083225103 0.029667130902 0.435082713828
0.0341252407869 0.0302799889003 0.116908213718 0.00600314680352 0.0147142564179 0.0851896688562 0.00466452055325 0.710887100732
0.0161214538721 0.027797518886 0.0214675008836 0.00810414461169 0.148599532671 0.0500353537228 0.500948851025 0.0319481671305
0.0196909213886 0.0210858029084 0.00190676498174 0.0651537540466 0.0977852557617 0.399795610453 0.0307648807165 0.284441855968
0.105171413805 0.00883438913774 0.0587305112871 0.0241210758756 0.030315776269 0.127069984661 0.0452357000242 0.534763972681
0.00486297977943 4.16904398951e-05 0.00693430857146 0.0019824360948 0.00219701070258 0.100721265075 0.178693964427 0.459464645382
0.000203793660516 0.0175244197783 0.199287121409 0.00715102080924 0.00323721238141 0.122280377159 0.160233681501 0.474672945621
0.00124805902907 1.74104067933e-05 0.00066736815619 0.000545412416758 0.152288487851 0.0125252242756 0.271668828914 0.616292798203
0.036332544871 0.00116360913852 0.0580432046989 0.00626149661244 0.0206970616111 0.384910767143 0.185577596511 0.239821147646
0.0437269278636 0.00909120077812 0.0257737283937 0.0165995774673 0.264563335348 0.17954793885 0.153213977062 0.363390796339
0.0228824728452 0.0167966137387 0.000688730562971 0.0345126144273 1.62267682762e-05 0.0288741256532 0.0837983152113 0.693412239719
0.0228824728452 0.0167966137387 0.000688730562971 0.0345126144273 1.62267682762e-05 0.0288741256532 0.0837983152113 0.693412239719
0.0228824728452 0.0167966137387 0.000688730562971 0.0345126144273 1.62267682762e-05 0.0288741256532 0.0837983152113 0.693412239719
0.0228824728452 0.0167966137387 0.000688730562971 0.0345126144273 1.62267682762e-05 0.0288741256532 0.0837983152113 0.693412239719
0.0228824728452 0.0167966137387 0.000688730562971 0.0345126144273 1.62267682762e-05 0.0288741256532 0.0837983152113 0.693412239719
0.0228824728452 0.0167966137387 0.000688730562971 0.0345126144273 1.62267682762e-05 0.0288741256532 0.0837983152113 0.693412239719
0.0228824728452 0.0167966137387 0.000688730562971 0.0345126144273 1.62267682762e-05 0.0288741256532 0.0837983152113 0.693412239719
0.0228824728452 0.0167966137387 0.000688730562971 0.0345126144273 1.62267682762e-05 0.0288741256532 0.0837983152113 0.693412239719
0.0228824728452 0.0167966137387 0.000688730562971 0.0345126144273 1.62267682762e-05 0.0288741256532 0.0837983152113 0.693412239719
0.0228824728452 0.0167966137387 0.000688730562971 0.0345126144273 1.62267682762e-05 0.0288741256532 0.0837983152113 0.693412239719
0.0228824728452 0.0167966137387 0.000688730562971 0.0345126144273 1.62267682762e-05 0.0288741256532 0.0837983152113 0.693412239719
0.0228824728452 0.0167966137387 0.000688730562971 0.0345126144273 1.62267682762e-05 0.0288741256532 0.0837983152113 0.693412239719
0.0228824728452 0.0167966137387 0.000688730562971 0.0345126144273 1.62267682762e-05 0.0288741256532 0.0837983152113 0.693412239719
0.0228824728452 0.0167966137387 0.000688730562971 0.0345126144273 1.62267682762e-05 0.0288741256532 0.0837983152113 0.693412239719
0.0224833687155 0.0165036566833 0.000676709017979 0.033910646568 1.58228969081e-05 0.0283701353578 0.0823361908758 0.681315399136
0.0228824728452 0.0167966137387 0.000688730562971 0.0345126144273 1.62267682762e-05 0.0288741256532 0.0837983152113 0.693412239719
0.0228824728452 0.0167966137387 0.000688730562971 0.0345126144273 1.62267682762e-05 0.0288741256532 0.0837983152113 0.693412239719
0.0228824728452 0.0167966137387 0.000688730562971 0.0345126144273 1.62267682762e-05 0.0288741256532 0.0837983152113 0.693412239719
0.0228824728452 0.0167966137387 0.000688730562971 0.0345126144273 1.62267682762e-05 0.0288741256532 0.0837983152113 0.693412239719
0.0228824728452 0.0167966137387 0.000688730562971 0.0345126144273 1.62267682762e-05 0.0288741256532 0.0837983152113 0.693412239719
0.0228824728452 0.0167966137387 0.000688730562971 0.0345126144273 1.62267682762e-05 0.0288741256532 0.0837983152113 0.693412239719
0.0228824728452 0.0167966137387 0.000688730562971 0.0345126144273 1.62267682762e-05 0.0288741256532 0.0837983152113 0.693412239719
0.0228824728452 0.0167966137387 0.000688730562971 0.0345126144273 1.62267682762e-05 0.0288741256532 0.0837983152113 0.693412239719
0.0228824728452 0.0167966137387 0.000688730562971 0.0345126144273 1.62267682762e-05 0.0288741256532 0.0837983152113 0.693412239719
0.0228824728452 0.0167966137387 0.000688730562971 0.0345126144273 1.62267682762e-05 0.0288741256532 0.0837983152113 0.693412239719
0.0228824728452 0.0167966137387 0.000688730562971 0.0345126144273 1.62267682762e-05 0.0288741256532 0.0837983152113 0.693412239719
0.0228824728452 0.0167966137387 0.000688730562971 0.0345126144273 1.62267682762e-05 0.0288741256532 0.0837983152113 0.693412239719
0.0228824728452 0.0167966137387 0.000688730562971 0.0345126144273 1.62267682762e-05 0.0288741256532 0.0837983152113 0.693412239719
0.0228824728452 0.0167966137387 0.000688730562971 0.0345126144273 1.62267682762e-05 0.0288741256532 0.0837983152113 0.693412239719
0.0228824728452 0.0167966137387 0.000688730562971 0.0345126144273 1.62267682762e-05 0.0288741256532 0.0837983152113 0.693412239719
0.0228824728452 0.0167966137387 0.000688730562971 0.0345126144273 1.62267682762e-05 0.0288741256532 0.0837983152113 0.693412239719
0.0228824728452 0.0167966137387 0.000688730562971 0.0345126144273 1.62267682762e-05 0.0288741256532 0.0837983152113 0.693412239719
0.0228824728452 0.0167966137387 0.000688730562971 0.0345126144273 1.62267682762e-05 0.0288741256532 0.0837983152113 0.693412239719
0.0228824728452 0.0167966137387 0.000688730562971 0.0345126144273 1.62267682762e-05 0.0288741256532 0.0837983152113 0.693412239719
0.0228824728452 0.0167966137387 0.000688730562971 0.0345126144273 1.62267682762e-05 0.0288741256532 0.0837983152113 0.693412239719
0.0228824728452 0.0167966137387 0.000688730562971 0.0345126144273 1.62267682762e-05 0.0288741256532 0.0837983152113 0.693412239719
0.0228824728452 0.0167966137387 0.000688730562971 0.0345126144273 1.62267682762e-05 0.0288741256532 0.0837983152113 0.693412239719
0.0228824728452 0.0167966137387 0.000688730562971 0.0345126144273 1.62267682762e-05 0.0288741256532 0.0837983152113 0.693412239719
0.0228824728452 0.0167966137387 0.000688730562971 0.0345126144273 1.62267682762e-05 0.0288741256532 0.0837983152113 0.693412239719
0.0228824728452 0.0167966137387 0.000688730562971 0.0345126144273 1.62267682762e-05 0.0288741256532 0.0837983152113 0.693412239719
0.0228824728452 0.0167966137387 0.000688730562971 0.0345126144273 1.62267682762e-05 0.0288741256532 0.0837983152113 0.693412239719
0.0228824728452 0.0167966137387 0.000688730562971 0.0345126144273 1.62267682762e-05 0.0288741256532 0.0837983152113 0.693412239719
0.0228824728452 0.0167966137387 0.000688730562971 0.0345126144273 1.62267682762e-05 0.0288741256532 0.0837983152113 0.693412239719
0.0228824728452 0.0167966137387 0.000688730562971 0.0345126144273 1.62267682762e-05 0.0288741256532 0.0837983152113 0.693412239719
0.0228824728452 0.0167966137387 0.000688730562971 0.0345126144273 1.62267682762e-05 0.0288741256532 0.0837983152113 0.693412239719
0.0228824728452 0.0167966137387 0.000688730562971 0.0345126144273 1.62267682762e-05 0.0288741256532 0.0837983152113 0.693412239719
0.0228824728452 0.0167966137387 0.000688730562971 0.0345126144273 1.62267682762e-05 0.0288741256532 0.0837983152113 0.693412239719
0.0228824728452 0.0167966137387 0.000688730562971 0.0345126144273 1.62267682762e-05 0.0288741256532 0.0837983152113 0.693412239719
0.0228824728452 0.0167966137387 0.000688730562971 0.0345126144273 1.62267682762e-05 0.0288741256532 0.0837983152113 0.693412239719
0.0228824728452 0.0167966137387 0.000688730562971 0.0345126144273 1.62267682762e-05 0.0288741256532 0.0837983152113 0.693412239719
0.0228824728452 0.0167966137387 0.000688730562971 0.0345126144273 1.62267682762e-05 0.0288741256532 0.0837983152113 0.693412239719
0.0228824728452 0.0167966137387 0.000688730562971 0.0345126144273 1.62267682762e-05 0.0288741256532 0.0837983152113 0.693412239719
0.0228824728452 0.0167966137387 0.000688730562971 0.0345126144273 1.62267682762e-05 0.0288741256532 0.0837983152113 0.693412239719
0.0228824728452 0.0167966137387 0.000688730562971 0.0345126144273 1.62267682762e-05 0.0288741256532 0.0837983152113 0.693412239719
0.0226355075749 0.0166153321809 0.00068129164193 0.0341401172668 1.59768530432e-05 0.0285622569195 0.0828935540103 0.685926725835
0.0228824728452 0.0167966137387 0.000688730562971 0.0345126144273 1.62267682762e-05 0.0288741256532 0.0837983152113 0.693412239719
0.0228824728452 0.0167966137387 0.000688730562971 0.0345126144273 1.62267682762e-05 0.0288741256532 0.0837983152113 0.693412239719
0.0228824728452 0.0167966137387 0.000688730562971 0.0345126144273 1.62267682762e-05 0.0288741256532 0.0837983152113 0.693412239719
0.0228824728452 0.0167966137387 0.000688730562971 0.0345126144273 1.62267682762e-05 0.0288741256532 0.0837983152113 0.693412239719
0.0228824728452 0.0167966137387 0.000688730562971 0.0345126144273 1.62267682762e-05 0.0288741256532 0.0837983152113 0.693412239719
0.0228824728452 0.0167966137387 0.000688730562971 0.0345126144273 1.62267682762e-05 0.0288741256532 0.0837983152113 0.693412239719
0.0228824728452 0.0167966137387 0.000688730562971 0.0345126144273 1.62267682762e-05 0.0288741256532 0.0837983152113 0.693412239719
0.0228824728452 0.0167966137387 0.000688730562971 0.0345126144273 1.62267682762e-05 0.0288741256532 0.0837983152113 0.693412239719
0.0228824728452 0.0167966137387 0.000688730562971 0.0345126144273 1.62267682762e-05 0.0288741256532 0.0837983152113 0.693412239719
0.0228824728452 0.0167966137387 0.000688730562971 0.0345126144273 1.62267682762e-05 0.0288741256532 0.0837983152113 0.693412239719
0.0228824728452 0.0167966137387 0.000688730562971 0.0345126144273 1.62267682762e-05 0.0288741256532 0.0837983152113 0.693412239719
0.0228824728452 0.0167966137387 0.000688730562971 0.0345126144273 1.62267682762e-05 0.0288741256532 0.0837983152113 0.693412239719
0.0228824728452 0.0167966137387 0.000688730562971 0.0345126144273 1.62267682762e-05 0.0288741256532 0.0837983152113 0.693412239719
0.0228824728452 0.0167966137387 0.000688730562971 0.0345126144273 1.62267682762e-05 0.0288741256532 0.0837983152113 0.693412239719
0.0234494259181 0.0172127780688 0.000705807940445 0.0353677484694 1.68004935178e-05 0.0295900762672 0.0858753568234 0.710596579421
0.0228824728452 0.0167966137387 0.000688730562971 0.0345126144273 1.62267682762e-05 0.0288741256532 0.0837983152113 0.693412239719
0.0228824728452 0.0167966137387 0.000688730562971 0.0345126144273 1.62267682762e-05 0.0288741256532 0.0837983152113 0.693412239719
0.0228824728452 0.0167966137387 0.000688730562971 0.0345126144273 1.62267682762e-05 0.0288741256532 0.0837983152113 0.693412239719
0.0228824728452 0.0167966137387 0.000688730562971 0.0345126144273 1.62267682762e-05 0.0288741256532 0.0837983152113 0.693412239719
0.0228824728452 0.0167966137387 0.000688730562971 0.0345126144273 1.62267682762e-05 0.0288741256532 0.0837983152113 0.693412239719
0.0228824728452 0.0167966137387 0.000688730562971 0.0345126144273 1.62267682762e-05 0.0288741256532 0.0837983152113 0.693412239719
0.0228824728452 0.0167966137387 0.000688730562971 0.0345126144273 1.62267682762e-05 0.0288741256532 0.0837983152113 0.693412239719
0.0228824728452 0.0167966137387 0.000688730562971 0.0345126144273 1.62267682762e-05 0.0288741256532 0.0837983152113 0.693412239719
0.0228824728452 0.0167966137387 0.000688730562971 0.0345126144273 1.62267682762e-05 0.0288741256532 0.0837983152113 0.693412239719
0.0228824728452 0.0167966137387 0.000688730562971 0.0345126144273 1.62267682762e-05 0.0288741256532 0.0837983152113 0.693412239719
0.0228824728452 0.0167966137387 0.000688730562971 0.0345126144273 1.62267682762e-05 0.0288741256532 0.0837983152113 0.693412239719
0.0228824728452 0.0167966137387 0.000688730562971 0.0345126144273 1.62267682762e-05 0.0288741256532 0.0837983152113 0.693412239719
0.0228824728452 0.0167966137387 0.000688730562971 0.0345126144273 1.62267682762e-05 0.0288741256532 0.0837983152113 0.693412239719
0.0228824728452 0.0167966137387 0.000688730562971 0.0345126144273 1.62267682762e-05 0.0288741256532 0.0837983152113 0.693412239719
0.0228824728452 0.0167966137387 0.000688730562971 0.0345126144273 1.62267682762e-05 0.0288741256532 0.0837983152113 0.693412239719
0.0228824728452 0.0167966137387 0.000688730562971 0.0345126144273 1.62267682762e-05 0.0288741256532 0.0837983152113 0.693412239719
0.0228824728452 0.0167966137387 0.000688730562971 0.0345126144273 1.62267682762e-05 0.0288741256532 0.0837983152113 0.693412239719
0.0228824728452 0.0167966137387 0.000688730562971 0.0345126144273 1.62267682762e-05 0.0288741256532 0.0837983152113 0.693412239719
0.0228824728452 0.0167966137387 0.000688730562971 0.0345126144273 1.62267682762e-05 0.0288741256532 0.0837983152113 0.693412239719
0.0228824728452 0.0167966137387 0.000688730562971 0.0345126144273 1.62267682762e-05 0.0288741256532 0.0837983152113 0.693412239719
0.0228824728452 0.0167966137387 0.000688730562971 0.0345126144273 1.62267682762e-05 0.0288741256532 0.0837983152113 0.693412239719
0.0228824728452 0.0167966137387 0.000688730562971 0.0345126144273 1.62267682762e-05 0.0288741256532 0.0837983152113 0.693412239719
0.0228824728452 0.0167966137387 0.000688730562971 0.0345126144273 1.62267682762e-05 0.0288741256532 0.0837983152113 0.693412239719
0.0228824728452 0.0167966137387 0.000688730562971 0.0345126144273 1.62267682762e-05 0.0288741256532 0.0837983152113 0.693412239719
0.0228824728452 0.0167966137387 0.000688730562971 0.0345126144273 1.62267682762e-05 0.0288741256532 0.0837983152113 0.693412239719
0.0228824728452 0.0167966137387 0.000688730562971 0.0345126144273 1.62267682762e-05 0.0288741256532 0.0837983152113 0.693412239719
0.0228824728452 0.0167966137387 0.000688730562971 0.0345126144273 1.62267682762e-05 0.0288741256532 0.0837983152113 0.693412239719
0.0228824728452 0.0167966137387 0.000688730562971 0.0345126144273 1.62267682762e-05 0.0288741256532 0.0837983152113 0.693412239719
0.0228824728452 0.0167966137387 0.000688730562971 0.0345126144273 1.62267682762e-05 0.0288741256532 0.0837983152113 0.693412239719
0.0228824728452 0.0167966137387 0.000688730562971 0.0345126144273 1.62267682762e-05 0.0288741256532 0.0837983152113 0.693412239719
0.0228824728452 0.0167966137387 0.000688730562971 0.0345126144273 1.62267682762e-05 0.0288741256532 0.0837983152113 0.693412239719
0.0228824728452 0.0167966137387 0.000688730562971 0.0345126144273 1.62267682762e-05 0.0288741256532 0.0837983152113 0.693412239719
0.0228824728452 0.0167966137387 0.000688730562971 0.0345126144273 1.62267682762e-05 0.0288741256532 0.0837983152113 0.693412239719
0.0228824728452 0.0167966137387 0.000688730562971 0.0345126144273 1.62267682762e-05 0.0288741256532 0.0837983152113 0.693412239719
0.0228824728452 0.0167966137387 0.000688730562971 0.0345126144273 1.62267682762e-05 0.0288741256532 0.0837983152113 0.693412239719
0.0228824728452 0.0167966137387 0.000688730562971 0.0345126144273 1.62267682762e-05 0.0288741256532 0.0837983152113 0.693412239719
0.0228824728452 0.0167966137387 0.000688730562971 0.0345126144273 1.62267682762e-05 0.0288741256532 0.0837983152113 0.693412239719
0.0223756369839 0.0164245776449 0.000673463995537 0.0337481550402 1.57138783373e-05 0.0282340912952 0.0819415139616 0.678050051862
0.0228824728452 0.0167966137387 0.000688730562971 0.0345126144273 1.62267682762e-05 0.0288741256532 0.0837983152113 0.693412239719
0.0228824728452 0.0167966137387 0.000688730562971 0.0345126144273 1.62267682762e-05 0.0288741256532 0.0837983152113 0.693412239719
0.0228824728452 0.0167966137387 0.000688730562971 0.0345126144273 1.62267682762e-05 0.0288741256532 0.0837983152113 0.693412239719
0.0228824728452 0.0167966137387 0.000688730562971 0.0345126144273 1.62267682762e-05 0.0288741256532 0.0837983152113 0.693412239719
0.0228824728452 0.0167966137387 0.000688730562971 0.0345126144273 1.62267682762e-05 0.0288741256532 0.0837983152113 0.693412239719
0.0228824728452 0.0167966137387 0.000688730562971 0.0345126144273 1.62267682762e-05 0.0288741256532 0.0837983152113 0.693412239719
0.0228824728452 0.0167966137387 0.000688730562971 0.0345126144273 1.62267682762e-05 0.0288741256532 0.0837983152113 0.693412239719
0.0228824728452 0.0167966137387 0.000688730562971 0.0345126144273 1.62267682762e-05 0.0288741256532 0.0837983152113 0.693412239719
0.0228824728452 0.0167966137387 0.000688730562971 0.0345126144273 1.62267682762e-05 0.0288741256532 0.0837983152113 0.693412239719
0.0228824728452 0.0167966137387 0.000688730562971 0.0345126144273 1.62267682762e-05 0.0288741256532 0.0837983152113 0.693412239719
0.0228824728452 0.0167966137387 0.000688730562971 0.0345126144273 1.62267682762e-05 0.0288741256532 0.0837983152113 0.693412239719
0.0228824728452 0.0167966137387 0.000688730562971 0.0345126144273 1.62267682762e-05 0.0288741256532 0.0837983152113 0.693412239719
0.0228824728452 0.0167966137387 0.000688730562971 0.0345126144273 1.62267682762e-05 0.0288741256532 0.0837983152113 0.693412239719
0.0228824728452 0.0167966137387 0.000688730562971 0.0345126144273 1.62267682762e-05 0.0288741256532 0.0837983152113 0.693412239719
0.0228824728452 0.0167966137387 0.000688730562971 0.0345126144273 1.62267682762e-05 0.0288741256532 0.0837983152113 0.693412239719
0.0228824728452 0.0167966137387 0.000688730562971 0.0345126144273 1.62267682762e-05 0.0288741256532 0.0837983152113 0.693412239719
0.0228824728452 0.0167966137387 0.000688730562971 0.0345126144273 1.62267682762e-05 0.0288741256532 0.0837983152113 0.693412239719
0.0228824728452 0.0167966137387 0.000688730562971 0.0345126144273 1.62267682762e-05 0.0288741256532 0.0837983152113 0.693412239719
0.0228824728452 0.0167966137387 0.000688730562971 0.0345126144273 1.62267682762e-05 0.0288741256532 0.0837983152113 0.693412239719
0.0228824728452 0.0167966137387 0.000688730562971 0.0345126144273 1.62267682762e-05 0.0288741256532 0.0837983152113 0.693412239719
0.0228824728452 0.0167966137387 0.000688730562971 0.0345126144273 1.62267682762e-05 0.0288741256532 0.0837983152113 0.693412239719
0.0228824728452 0.0167966137387 0.000688730562971 0.0345126144273 1.62267682762e-05 0.0288741256532 0.0837983152113 0.693412239719
0.0228824728452 0.0167966137387 0.000688730562971 0.0345126144273 1.62267682762e-05 0.0288741256532 0.0837983152113 0.693412239719
0.0228824728452 0.0167966137387 0.000688730562971 0.0345126144273 1.62267682762e-05 0.0288741256532 0.0837983152113 0.693412239719
0.0228824728452 0.0167966137387 0.000688730562971 0.0345126144273 1.62267682762e-05 0.0288741256532 0.0837983152113 0.693412239719
0.0228824728452 0.0167966137387 0.000688730562971 0.0345126144273 1.62267682762e-05 0.0288741256532 0.0837983152113 0.693412239719
0.0236294439179 0.0173449178769 0.000711230321027 0.0356392692126 1.69826618053e-05 0.0298174037192 0.0865348556324 0.716052922472
0.0228824728452 0.0167966137387 0.000688730562971 0.0345126144273 1.62267682762e-05 0.0288741256532 0.0837983152113 0.693412239719
0.0228824728452 0.0167966137387 0.000688730562971 0.0345126144273 1.62267682762e-05 0.0288741256532 0.0837983152113 0.693412239719
0.0228824728452 0.0167966137387 0.000688730562971 0.0345126144273 1.62267682762e-05 0.0288741256532 0.0837983152113 0.693412239719
0.0228824728452 0.0167966137387 0.000688730562971 0.0345126144273 1.62267682762e-05 0.0288741256532 0.0837983152113 0.693412239719
0.0228824728452 0.0167966137387 0.000688730562971 0.0345126144273 1.62267682762e-05 0.0288741256532 0.0837983152113 0.693412239719
0.0228824728452 0.0167966137387 0.000688730562971 0.0345126144273 1.62267682762e-05 0.0288741256532 0.0837983152113 0.693412239719
0.0228824728452 0.0167966137387 0.000688730562971 0.0345126144273 1.62267682762e-05 0.0288741256532 0.0837983152113 0.693412239719
0.0228824728452 0.0167966137387 0.000688730562971 0.0345126144273 1.62267682762e-05 0.0288741256532 0.0837983152113 0.693412239719
0.0228824728452 0.0167966137387 0.000688730562971 0.0345126144273 1.62267682762e-05 0.0288741256532 0.0837983152113 0.693412239719
0.0230369650579 0.0169100166838 0.000467874535075 0.0345126144273 1.62267682762e-05 0.0288741256532 0.0837983152113 0.693412239719
0.0228824728452 0.0167966137387 0.000688730562971 0.0345126144273 1.62267682762e-05 0.0288741256532 0.0837983152113 0.693412239719
0.0228824728452 0.0167966137387 0.000688730562971 0.0345126144273 1.62267682762e-05 0.0288741256532 0.0837983152113 0.693412239719
0.0228824728452 0.0167966137387 0.000688730562971 0.0345126144273 1.62267682762e-05 0.0288741256532 0.0837983152113 0.693412239719
0.0228824728452 0.0167966137387 0.000688730562971 0.0345126144273 1.62267682762e-05 0.0288741256532 0.0837983152113 0.693412239719
0.0228824728452 0.0167966137387 0.000688730562971 0.0345126144273 1.62267682762e-05 0.0288741256532 0.0837983152113 0.693412239719
0.0228824728452 0.0167966137387 0.000688730562971 0.0345126144273 1.62267682762e-05 0.0288741256532 0.0837983152113 0.693412239719
0.0228824728452 0.0167966137387 0.000688730562971 0.0345126144273 1.62267682762e-05 0.0288741256532 0.0837983152113 0.693412239719
0.0228824728452 0.0167966137387 0.000688730562971 0.0345126144273 1.62267682762e-05 0.0288741256532 0.0837983152113 0.693412239719
0.0228824728452 0.0167966137387 0.000688730562971 0.0345126144273 1.62267682762e-05 0.0288741256532 0.0837983152113 0.693412239719
0.0228824728452 0.0167966137387 0.000688730562971 0.0345126144273 1.62267682762e-05 0.0288741256532 0.0837983152113 0.693412239719
0.0219535298315 0.016114735528 0.000660749569036 0.0331114917736 1.52867291789e-05 0.0277010526905 0.0803951176863 0.665255989984
0.0228824728452 0.0167966137387 0.000688730562971 0.0345126144273 1.62267682762e-05 0.0288741256532 0.0837983152113 0.693412239719
0.0228824728452 0.0167966137387 0.000688730562971 0.0345126144273 1.62267682762e-05 0.0288741256532 0.0837983152113 0.693412239719
0.0228824728452 0.0167966137387 0.000688730562971 0.0345126144273 1.62267682762e-05 0.0288741256532 0.0837983152113 0.693412239719
0.0228824728452 0.0167966137387 0.000688730562971 0.0345126144273 1.62267682762e-05 0.0288741256532 0.0837983152113 0.693412239719
0.0228824728452 0.0167966137387 0.000688730562971 0.0345126144273 1.62267682762e-05 0.0288741256532 0.0837983152113 0.693412239719
0.0228824728452 0.0167966137387 0.000688730562971 0.0345126144273 1.62267682762e-05 0.0288741256532 0.0837983152113 0.693412239719
0.0228824728452 0.0167966137387 0.000688730562971 0.0345126144273 1.62267682762e-05 0.0288741256532 0.0837983152113 0.693412239719
0.0228824728452 0.0167966137387 0.000688730562971 0.0345126144273 1.62267682762e-05 0.0288741256532 0.0837983152113 0.693412239719
0.0228824728452 0.0167966137387 0.000688730562971 0.0345126144273 1.62267682762e-05 0.0288741256532 0.0837983152113 0.693412239719
0.0228824728452 0.0167966137387 0.000688730562971 0.0345126144273 1.62267682762e-05 0.0288741256532 0.0837983152113 0.693412239719
0.0228824728452 0.0167966137387 0.000688730562971 0.0345126144273 1.62267682762e-05 0.0288741256532 0.0837983152113 0.693412239719
0.0228824728452 0.0167966137387 0.000688730562971 0.0345126144273 1.62267682762e-05 0.0288741256532 0.0837983152113 0.693412239719
0.0228824728452 0.0167966137387 0.000688730562971 0.0345126144273 1.62267682762e-05 0.0288741256532 0.0837983152113 0.693412239719
0.0228824728452 0.0167966137387 0.000688730562971 0.0345126144273 1.62267682762e-05 0.0288741256532 0.0837983152113 0.693412239719
0.0228824728452 0.0167966137387 0.000688730562971 0.0345126144273 1.62267682762e-05 0.0288741256532 0.0837983152113 0.693412239719
0.0228824728452 0.0167966137387 0.000688730562971 0.0345126144273 1.62267682762e-05 0.0288741256532 0.0837983152113 0.693412239719
0.0228824728452 0.0167966137387 0.000688730562971 0.0345126144273 1.62267682762e-05 0.0288741256532 0.0837983152113 0.693412239719
0.0228824728452 0.0167966137387 0.000688730562971 0.0345126144273 1.62267682762e-05 0.0288741256532 0.0837983152113 0.693412239719
0.0228824728452 0.0167966137387 0.000688730562971 0.0345126144273 1.62267682762e-05 0.0288741256532 0.0837983152113 0.693412239719
0.0228824728452 0.0167966137387 0.000688730562971 0.0345126144273 1.62267682762e-05 0.0288741256532 0.0837983152113 0.693412239719
0.0228824728452 0.0167966137387 0.000688730562971 0.0345126144273 1.62267682762e-05 0.0288741256532 0.0837983152113 0.693412239719
0.0228824728452 0.0167966137387 0.000688730562971 0.0345126144273 1.62267682762e-05 0.0288741256532 0.0837983152113 0.693412239719
0.0228824728452 0.0167966137387 0.000688730562971 0.0345126144273 1.62267682762e-05 0.0288741256532 0.0837983152113 0.693412239719
0.0228824728452 0.0167966137387 0.000688730562971 0.0345126144273 1.62267682762e-05 0.0288741256532 0.0837983152113 0.693412239719
0.0228824728452 0.0167966137387 0.000688730562971 0.0345126144273 1.62267682762e-05 0.0288741256532 0.0837983152113 0.693412239719
0.0228824728452 0.0167966137387 0.000688730562971 0.0345126144273 1.62267682762e-05 0.0288741256532 0.0837983152113 0.693412239719
0.0228824728452 0.0167966137387 0.000688730562971 0.0345126144273 1.62267682762e-05 0.0288741256532 0.0837983152113 0.693412239719
0.0228824728452 0.0167966137387 0.000688730562971 0.0345126144273 1.62267682762e-05 0.0288741256532 0.0837983152113 0.693412239719
0.0228824728452 0.0167966137387 0.000688730562971 0.0345126144273 1.62267682762e-05 0.0288741256532 0.0837983152113 0.693412239719
0.0228824728452 0.0167966137387 0.000688730562971 0.0345126144273 1.62267682762e-05 0.0288741256532 0.0837983152113 0.693412239719
0.0227053965178 0.0166666332259 0.000683396789458 0.0342455306019 1.6047576799e-05 0.0286505129569 0.0831495932659 0.688045058717
0.0228824728452 0.0167966137387 0.000688730562971 0.0345126144273 1.62267682762e-05 0.0288741256532 0.0837983152113 0.693412239719
0.0228824728452 0.0167966137387 0.000688730562971 0.0345126144273 1.62267682762e-05 0.0288741256532 0.0837983152113 0.693412239719
0.0228824728452 0.0167966137387 0.000688730562971 0.0345126144273 1.62267682762e-05 0.0288741256532 0.0837983152113 0.693412239719
0.0228824728452 0.0167966137387 0.000688730562971 0.0345126144273 1.62267682762e-05 0.0288741256532 0.0837983152113 0.693412239719
0.0228824728452 0.0167966137387 0.000688730562971 0.0345126144273 1.62267682762e-05 0.0288741256532 0.0837983152113 0.693412239719
0.0228824728452 0.0167966137387 0.000688730562971 0.0345126144273 1.62267682762e-05 0.0288741256532 0.0837983152113 0.693412239719
0.0228824728452 0.0167966137387 0.000688730562971 0.0345126144273 1.62267682762e-05 0.0288741256532 0.0837983152113 0.693412239719
0.0228824728452 0.0167966137387 0.000688730562971 0.0345126144273 1.62267682762e-05 0.0288741256532 0.0837983152113 0.693412239719
0.0228824728452 0.0167966137387 0.000688730562971 0.0345126144273 1.62267682762e-05 0.0288741256532 0.0837983152113 0.693412239719
0.0228824728452 0.0167966137387 0.000688730562971 0.0345126144273 1.62267682762e-05 0.0288741256532 0.0837983152113 0.693412239719
0.0228824728452 0.0167966137387 0.000688730562971 0.0345126144273 1.62267682762e-05 0.0288741256532 0.0837983152113 0.693412239719
0.0228824728452 0.0167966137387 0.000688730562971 0.0345126144273 1.62267682762e-05 0.0288741256532 0.0837983152113 0.693412239719
0.0228824728452 0.0167966137387 0.000688730562971 0.0345126144273 1.62267682762e-05 0.0288741256532 0.0837983152113 0.693412239719
0.0228824728452 0.0167966137387 0.000688730562971 0.0345126144273 1.62267682762e-05 0.0288741256532 0.0837983152113 0.693412239719
0.0228824728452 0.0167966137387 0.000688730562971 0.0345126144273 1.62267682762e-05 0.0288741256532 0.0837983152113 0.693412239719
0.0228824728452 0.0167966137387 0.000688730562971 0.0345126144273 1.62267682762e-05 0.0288741256532 0.0837983152113 0.693412239719
0.0228824728452 0.0167966137387 0.000688730562971 0.0345126144273 1.62267682762e-05 0.0288741256532 0.0837983152113 0.693412239719
0.0228824728452 0.0167966137387 0.000688730562971 0.0345126144273 1.62267682762e-05 0.0288741256532 0.0837983152113 0.693412239719
0.0228824728452 0.0167966137387 0.000688730562971 0.0345126144273 1.62267682762e-05 0.0288741256532 0.0837983152113 0.693412239719
0.0228824728452 0.0167966137387 0.000688730562971 0.0345126144273 1.62267682762e-05 0.0288741256532 0.0837983152113 0.693412239719
0.0228824728452 0.0167966137387 0.000688730562971 0.0345126144273 1.62267682762e-05 0.0288741256532 0.0837983152113 0.693412239719
0.0228824728452 0.0167966137387 0.000688730562971 0.0345126144273 1.62267682762e-05 0.0288741256532 0.0837983152113 0.693412239719
0.0228824728452 0.0167966137387 0.000688730562971 0.0345126144273 1.62267682762e-05 0.0288741256532 0.0837983152113 0.693412239719
0.0545821587758 0.0400653447648 0.00164356708875 0.0120728104841 1.62267682762e-05 0.0288741256532 0.0837983152113 0.693412239719
0.0228824728452 0.0167966137387 0.000688730562971 0.0345126144273 1.62267682762e-05 0.0288741256532 0.0837983152113 0.693412239719
0.0228824728452 0.0167966137387 0.000688730562971 0.0345126144273 1.62267682762e-05 0.0288741256532 0.0837983152113 0.693412239719
0.0228824728452 0.0167966137387 0.000688730562971 0.0345126144273 1.62267682762e-05 0.0288741256532 0.0837983152113 0.693412239719
0.0228824728452 0.0167966137387 0.000688730562971 0.0345126144273 1.62267682762e-05 0.0288741256532 0.0837983152113 0.693412239719
0.0228824728452 0.0167966137387 0.000688730562971 0.0345126144273 1.62267682762e-05 0.0288741256532 0.0837983152113 0.693412239719
0.0228824728452 0.0167966137387 0.000688730562971 0.0345126144273 1.62267682762e-05 0.0288741256532 0.0837983152113 0.693412239719
0.0228824728452 0.0167966137387 0.000688730562971 0.0345126144273 1.62267682762e-05 0.0288741256532 0.0837983152113 0.693412239719
0.0228824728452 0.0167966137387 0.000688730562971 0.0345126144273 1.62267682762e-05 0.0288741256532 0.0837983152113 0.693412239719
0.0228824728452 0.0167966137387 0.000688730562971 0.0345126144273 1.62267682762e-05 0.0288741256532 0.0837983152113 0.693412239719
0.0228824728452 0.0167966137387 0.000688730562971 0.0345126144273 1.62267682762e-05 0.0288741256532 0.0837983152113 0.693412239719
0.0228824728452 0.0167966137387 0.000688730562971 0.0345126144273 1.62267682762e-05 0.0288741256532 0.0837983152113 0.693412239719
0.0228824728452 0.0167966137387 0.000688730562971 0.0345126144273 1.62267682762e-05 0.0288741256532 0.0837983152113 0.693412239719
0.0228824728452 0.0167966137387 0.000688730562971 0.0345126144273 1.62267682762e-05 0.0288741256532 0.0837983152113 0.693412239719
0.0228824728452 0.0167966137387 0.000688730562971 0.0345126144273 1.62267682762e-05 0.0288741256532 0.0837983152113 0.693412239719
0.0228824728452 0.0167966137387 0.000688730562971 0.0345126144273 1.62267682762e-05 0.0288741256532 0.0837983152113 0.693412239719
0.0228824728452 0.0167966137387 0.000688730562971 0.0345126144273 1.62267682762e-05 0.0288741256532 0.0837983152113 0.693412239719
0.0228824728452 0.0167966137387 0.000688730562971 0.0345126144273 1.62267682762e-05 0.0288741256532 0.0837983152113 0.693412239719
0.0228824728452 0.0167966137387 0.000688730562971 0.0345126144273 1.62267682762e-05 0.0288741256532 0.0837983152113 0.693412239719
0.0228824728452 0.0167966137387 0.000688730562971 0.0345126144273 1.62267682762e-05 0.0288741256532 0.0837983152113 0.693412239719
0.0228824728452 0.0167966137387 0.000688730562971 0.0345126144273 1.62267682762e-05 0.0288741256532 0.0837983152113 0.693412239719
0.0228824728452 0.0167966137387 0.000688730562971 0.0345126144273 1.62267682762e-05 0.0288741256532 0.0837983152113 0.693412239719
0.0228824728452 0.0167966137387 0.000688730562971 0.0345126144273 1.62267682762e-05 0.0288741256532 0.0837983152113 0.693412239719
0.0228824728452 0.0167966137387 0.000688730562971 0.0345126144273 1.62267682762e-05 0.0288741256532 0.0837983152113 0.693412239719
0.0228824728452 0.0167966137387 0.000688730562971 0.0345126144273 1.62267682762e-05 0.0288741256532 0.0837983152113 0.693412239719
0.0228824728452 0.0167966137387 0.000688730562971 0.0345126144273 1.62267682762e-05 0.0288741256532 0.0837983152113 0.693412239719
0.0228824728452 0.0167966137387 0.000688730562971 0.0345126144273 1.62267682762e-05 0.0288741256532 0.0837983152113 0.693412239719
0.0228824728452 0.0167966137387 0.000688730562971 0.0345126144273 1.62267682762e-05 0.0288741256532 0.0837983152113 0.693412239719
0.0228824728452 0.0167966137387 0.000688730562971 0.0345126144273 1.62267682762e-05 0.0288741256532 0.0837983152113 0.693412239719
0.0228824728452 0.0167966137387 0.000688730562971 0.0345126144273 1.62267682762e-05 0.0288741256532 0.0837983152113 0.693412239719
0.0228824728452 0.0167966137387 0.000688730562971 0.0345126144273 1.62267682762e-05 0.0288741256532 0.0837983152113 0.693412239719
0.0228824728452 0.0167966137387 0.000688730562971 0.0345126144273 1.62267682762e-05 0.0288741256532 0.0837983152113 0.693412239719
0.0228824728452 0.0167966137387 0.000688730562971 0.0345126144273 1.62267682762e-05 0.0288741256532 0.0837983152113 0.693412239719
0.0228824728452 0.0167966137387 0.000688730562971 0.0345126144273 1.62267682762e-05 0.0288741256532 0.0837983152113 0.693412239719
0.0228824728452 0.0167966137387 0.000688730562971 0.0345126144273 1.62267682762e-05 0.0288741256532 0.0837983152113 0.693412239719
0.0228824728452 0.0167966137387 0.000688730562971 0.0345126144273 1.62267682762e-05 0.0288741256532 0.0837983152113 0.693412239719
0.0228824728452 0.0167966137387 0.000688730562971 0.0345126144273 1.62267682762e-05 0.0288741256532 0.0837983152113 0.693412239719
0.0228824728452 0.0167966137387 0.000688730562971 0.0345126144273 1.62267682762e-05 0.0288741256532 0.0837983152113 0.693412239719
0.0239602917251 0.0175877722904 0.000721195895182 0.0361382862146 1.73174615395e-05 0.0302351996569 0.0877469218434 0.726080914876
0.0232603026362 0.0170739546499 0.000700111296705 0.0350824942495 1.66091111869e-05 0.0293512506284 0.0851825006681 0.704864255394
0.0228824728452 0.0167966137387 0.000688730562971 0.0345126144273 1.62267682762e-05 0.0288741256532 0.0837983152113 0.693412239719
0.0228824728452 0.0167966137387 0.000688730562971 0.0345126144273 1.62267682762e-05 0.0288741256532 0.0837983152113 0.693412239719
0.0228824728452 0.0167966137387 0.000688730562971 0.0345126144273 1.62267682762e-05 0.0288741256532 0.0837983152113 0.693412239719
0.0228824728452 0.0167966137387 0.000688730562971 0.0345126144273 1.62267682762e-05 0.0288741256532 0.0837983152113 0.693412239719
0.0228824728452 0.0167966137387 0.000688730562971 0.0345126144273 1.62267682762e-05 0.0288741256532 0.0837983152113 0.693412239719
0.0228824728452 0.0167966137387 0.000688730562971 0.0345126144273 1.62267682762e-05 0.0288741256532 0.0837983152113 0.693412239719
0.0228824728452 0.0167966137387 0.000688730562971 0.0345126144273 1.62267682762e-05 0.0288741256532 0.0837983152113 0.693412239719
0.0228824728452 0.0167966137387 0.000688730562971 0.0345126144273 1.62267682762e-05 0.0288741256532 0.0837983152113 0.693412239719
0.0228824728452 0.0167966137387 0.000688730562971 0.0345126144273 1.62267682762e-05 0.0288741256532 0.0837983152113 0.693412239719
0.0228824728452 0.0167966137387 0.000688730562971 0.0345126144273 1.62267682762e-05 0.0288741256532 0.0837983152113 0.693412239719
0.0228824728452 0.0167966137387 0.000688730562971 0.0345126144273 1.62267682762e-05 0.0288741256532 0.0837983152113 0.693412239719
0.0228824728452 0.0167966137387 0.000688730562971 0.0345126144273 1.62267682762e-05 0.0288741256532 0.0837983152113 0.693412239719
0.0228824728452 0.0167966137387 0.000688730562971 0.0345126144273 1.62267682762e-05 0.0288741256532 0.0837983152113 0.693412239719
0.0228824728452 0.0167966137387 0.000688730562971 0.0345126144273 1.62267682762e-05 0.0288741256532 0.0837983152113 0.693412239719
0.0228824728452 0.0167966137387 0.000688730562971 0.0345126144273 1.62267682762e-05 0.0288741256532 0.0837983152113 0.693412239719
0.0228824728452 0.0167966137387 0.000688730562971 0.0345126144273 1.62267682762e-05 0.0288741256532 0.0837983152113 0.693412239719
0.0228824728452 0.0167966137387 0.000688730562971 0.0345126144273 1.62267682762e-05 0.0288741256532 0.0837983152113 0.693412239719
0.0228824728452 0.0167966137387 0.000688730562971 0.0345126144273 1.62267682762e-05 0.0288741256532 0.0837983152113 0.693412239719
0.0228824728452 0.0167966137387 0.000688730562971 0.0345126144273 1.62267682762e-05 0.0288741256532 0.0837983152113 0.693412239719
0.0228824728452 0.0167966137387 0.000688730562971 0.0345126144273 1.62267682762e-05 0.0288741256532 0.0837983152113 0.693412239719
0.0228824728452 0.0167966137387 0.000688730562971 0.0345126144273 1.62267682762e-05 0.0288741256532 0.0837983152113 0.693412239719
0.0228824728452 0.0167966137387 0.000688730562971 0.0345126144273 1.62267682762e-05 0.0288741256532 0.0837983152113 0.693412239719
0.0228824728452 0.0167966137387 0.000688730562971 0.0345126144273 1.62267682762e-05 0.0288741256532 0.0837983152113 0.693412239719
0.0228824728452 0.0167966137387 0.000688730562971 0.0345126144273 1.62267682762e-05 0.0288741256532 0.0837983152113 0.693412239719
0.0228824728452 0.0167966137387 0.000688730562971 0.0345126144273 1.62267682762e-05 0.0288741256532 0.0837983152113 0.693412239719
0.0228824728452 0.0167966137387 0.000688730562971 0.0345126144273 1.62267682762e-05 0.0288741256532 0.0837983152113 0.693412239719
0.0228824728452 0.0167966137387 0.000688730562971 0.0345126144273 1.62267682762e-05 0.0288741256532 0.0837983152113 0.693412239719
0.0228824728452 0.0167966137387 0.000688730562971 0.0345126144273 1.62267682762e-05 0.0288741256532 0.0837983152113 0.693412239719
0.0228824728452 0.0167966137387 0.000688730562971 0.0345126144273 1.62267682762e-05 0.0288741256532 0.0837983152113 0.693412239719
0.0228824728452 0.0167966137387 0.000688730562971 0.0345126144273 1.62267682762e-05 0.0288741256532 0.0837983152113 0.693412239719
0.0228824728452 0.0167966137387 0.000688730562971 0.0345126144273 1.62267682762e-05 0.0288741256532 0.0837983152113 0.693412239719
0.0228824728452 0.0167966137387 0.000688730562971 0.0345126144273 1.62267682762e-05 0.0288741256532 0.0837983152113 0.693412239719
0.0228824728452 0.0167966137387 0.000688730562971 0.0345126144273 1.62267682762e-05 0.0288741256532 0.0837983152113 0.693412239719
0.0228824728452 0.0167966137387 0.000688730562971 0.0345126144273 1.62267682762e-05 0.0288741256532 0.0837983152113 0.693412239719
0.0228824728452 0.0167966137387 0.000688730562971 0.0345126144273 1.62267682762e-05 0.0288741256532 0.0837983152113 0.693412239719
0.0228824728452 0.0167966137387 0.000688730562971 0.0345126144273 1.62267682762e-05 0.0288741256532 0.0837983152113 0.693412239719
0.0228824728452 0.0167966137387 0.000688730562971 0.0345126144273 1.62267682762e-05 0.0288741256532 0.0837983152113 0.693412239719
0.0228824728452 0.0167966137387 0.000688730562971 0.0345126144273 1.62267682762e-05 0.0288741256532 0.0837983152113 0.693412239719
0.0228824728452 0.0167966137387 0.000688730562971 0.0345126144273 1.62267682762e-05 0.0288741256532 0.0837983152113 0.693412239719
0.0228824728452 0.0167966137387 0.000688730562971 0.0345126144273 1.62267682762e-05 0.0288741256532 0.0837983152113 0.693412239719
0.0228824728452 0.0167966137387 0.000688730562971 0.0345126144273 1.62267682762e-05 0.0288741256532 0.0837983152113 0.693412239719
0.0228824728452 0.0167966137387 0.000688730562971 0.0345126144273 1.62267682762e-05 0.0288741256532 0.0837983152113 0.693412239719
0.0228824728452 0.0167966137387 0.000688730562971 0.0345126144273 1.62267682762e-05 0.0288741256532 0.0837983152113 0.693412239719
0.0228824728452 0.0167966137387 0.000688730562971 0.0345126144273 1.62267682762e-05 0.0288741256532 0.0837983152113 0.693412239719
0.0228824728452 0.0167966137387 0.000688730562971 0.0345126144273 1.62267682762e-05 0.0288741256532 0.0837983152113 0.693412239719
0.0228824728452 0.0167966137387 0.000688730562971 0.0345126144273 1.62267682762e-05 0.0288741256532 0.0837983152113 0.693412239719
0.0228824728452 0.0167966137387 0.000688730562971 0.0345126144273 1.62267682762e-05 0.0288741256532 0.0837983152113 0.693412239719
0.0228824728452 0.0167966137387 0.000688730562971 0.0345126144273 1.62267682762e-05 0.0288741256532 0.0837983152113 0.693412239719
0.0228824728452 0.0167966137387 0.000688730562971 0.0345126144273 1.62267682762e-05 0.0288741256532 0.0837983152113 0.693412239719
0.0228824728452 0.0167966137387 0.000688730562971 0.0345126144273 1.62267682762e-05 0.0288741256532 0.0837983152113 0.693412239719
0.0228824728452 0.0167966137387 0.000688730562971 0.0345126144273 1.62267682762e-05 0.0288741256532 0.0837983152113 0.693412239719
0.0228824728452 0.0167966137387 0.000688730562971 0.0345126144273 1.62267682762e-05 0.0288741256532 0.0837983152113 0.693412239719
0.0228824728452 0.0167966137387 0.000688730562971 0.0345126144273 1.62267682762e-05 0.0288741256532 0.0837983152113 0.693412239719
0.0228824728452 0.0167966137387 0.000688730562971 0.0345126144273 1.62267682762e-05 0.0288741256532 0.0837983152113 0.693412239719
0.0228824728452 0.0167966137387 0.000688730562971 0.0345126144273 1.62267682762e-05 0.0288741256532 0.0837983152113 0.693412239719
0.0228824728452 0.0167966137387 0.000688730562971 0.0345126144273 1.62267682762e-05 0.0288741256532 0.0837983152113 0.693412239719
0.0228824728452 0.0167966137387 0.000688730562971 0.0345126144273 1.62267682762e-05 0.0288741256532 0.0837983152113 0.693412239719
0.0228824728452 0.0167966137387 0.000688730562971 0.0345126144273 1.62267682762e-05 0.0288741256532 0.0837983152113 0.693412239719
0.0228824728452 0.0167966137387 0.000688730562971 0.0345126144273 1.62267682762e-05 0.0288741256532 0.0837983152113 0.693412239719
0.0228824728452 0.0167966137387 0.000688730562971 0.0345126144273 1.62267682762e-05 0.0288741256532 0.0837983152113 0.693412239719
0.0228824728452 0.0167966137387 0.000688730562971 0.0345126144273 1.62267682762e-05 0.0288741256532 0.0837983152113 0.693412239719
0.0228824728452 0.0167966137387 0.000688730562971 0.0345126144273 1.62267682762e-05 0.0288741256532 0.0837983152113 0.693412239719
0.0228824728452 0.0167966137387 0.000688730562971 0.0345126144273 1.62267682762e-05 0.0288741256532 0.0837983152113 0.693412239719
0.0228824728452 0.0167966137387 0.000688730562971 0.0345126144273 1.62267682762e-05 0.0288741256532 0.0837983152113 0.693412239719
0.0228824728452 0.0167966137387 0.000688730562971 0.0345126144273 1.62267682762e-05 0.0288741256532 0.0837983152113 0.693412239719
0.0228824728452 0.0167966137387 0.000688730562971 0.0345126144273 1.62267682762e-05 0.0288741256532 0.0837983152113 0.693412239719
0.0228824728452 0.0167966137387 0.000688730562971 0.0345126144273 1.62267682762e-05 0.0288741256532 0.0837983152113 0.693412239719
0.0228824728452 0.0167966137387 0.000688730562971 0.0345126144273 1.62267682762e-05 0.0288741256532 0.0837983152113 0.693412239719
0.0228824728452 0.0167966137387 0.000688730562971 0.0345126144273 1.62267682762e-05 0.0288741256532 0.0837983152113 0.693412239719
0.0228824728452 0.0167966137387 0.000688730562971 0.0345126144273 1.62267682762e-05 0.0288741256532 0.0837983152113 0.693412239719
0.0228824728452 0.0167966137387 0.000688730562971 0.0345126144273 1.62267682762e-05 0.0288741256532 0.0837983152113 0.693412239719
0.0228824728452 0.0167966137387 0.000688730562971 0.0345126144273 1.62267682762e-05 0.0288741256532 0.0837983152113 0.693412239719
0.0228824728452 0.0167966137387 0.000688730562971 0.0345126144273 1.62267682762e-05 0.0288741256532 0.0837983152113 0.693412239719
0.0228824728452 0.0167966137387 0.000688730562971 0.0345126144273 1.62267682762e-05 0.0288741256532 0.0837983152113 0.693412239719
0.0228824728452 0.0167966137387 0.000688730562971 0.0345126144273 1.62267682762e-05 0.0288741256532 0.0837983152113 0.693412239719
0.0228824728452 0.0167966137387 0.000688730562971 0.0345126144273 1.62267682762e-05 0.0288741256532 0.0837983152113 0.693412239719
0.0228824728452 0.0167966137387 0.000688730562971 0.0345126144273 1.62267682762e-05 0.0288741256532 0.0837983152113 0.693412239719
0.0228824728452 0.0167966137387 0.000688730562971 0.0345126144273 1.62267682762e-05 0.0288741256532 0.0837983152113 0.693412239719
0.0228824728452 0.0167966137387 0.000688730562971 0.0345126144273 1.62267682762e-05 0.0288741256532 0.0837983152113 0.693412239719
0.0238589549579 0.0175133873901 0.000718143497536 0.035985440197 1.721491432e-05 0.0301072311809 0.0873756729829 0.723009398882
0.0228824728452 0.0167966137387 0.000688730562971 0.0345126144273 1.62267682762e-05 0.0288741256532 0.0837983152113 0.693412239719
0.0228824728452 0.0167966137387 0.000688730562971 0.0345126144273 1.62267682762e-05 0.0288741256532 0.0837983152113 0.693412239719
0.0228824728452 0.0167966137387 0.000688730562971 0.0345126144273 1.62267682762e-05 0.0288741256532 0.0837983152113 0.693412239719
0.0228256815649 0.016754926858 0.000687019934391 0.0344269562673 1.61692986327e-05 0.0288024093968 0.0835902594516 0.69169089681
0.0228824728452 0.0167966137387 0.000688730562971 0.0345126144273 1.62267682762e-05 0.0288741256532 0.0837983152113 0.693412239719
0.0228824728452 0.0167966137387 0.000688730562971 0.0345126144273 1.62267682762e-05 0.0288741256532 0.0837983152113 0.693412239719
0.0228824728452 0.0167966137387 0.000688730562971 0.0345126144273 1.62267682762e-05 0.0288741256532 0.0837983152113 0.693412239719
0.0228824728452 0.0167966137387 0.000688730562971 0.0345126144273 1.62267682762e-05 0.0288741256532 0.0837983152113 0.693412239719
0.0228824728452 0.0167966137387 0.000688730562971 0.0345126144273 1.62267682762e-05 0.0288741256532 0.0837983152113 0.693412239719
0.0228824728452 0.0167966137387 0.000688730562971 0.0345126144273 1.62267682762e-05 0.0288741256532 0.0837983152113 0.693412239719
0.0228824728452 0.0167966137387 0.000688730562971 0.0345126144273 1.62267682762e-05 0.0288741256532 0.0837983152113 0.693412239719
0.0228824728452 0.0167966137387 0.000688730562971 0.0345126144273 1.62267682762e-05 0.0288741256532 0.0837983152113 0.693412239719
0.0228824728452 0.0167966137387 0.000688730562971 0.0345126144273 1.62267682762e-05 0.0288741256532 0.0837983152113 0.693412239719
0.0228824728452 0.0167966137387 0.000688730562971 0.0345126144273 1.62267682762e-05 0.0288741256532 0.0837983152113 0.693412239719
0.0228824728452 0.0167966137387 0.000688730562971 0.0345126144273 1.62267682762e-05 0.0288741256532 0.0837983152113 0.693412239719
0.0228824728452 0.0167966137387 0.000688730562971 0.0345126144273 1.62267682762e-05 0.0288741256532 0.0837983152113 0.693412239719
0.0228824728452 0.0167966137387 0.000688730562971 0.0345126144273 1.62267682762e-05 0.0288741256532 0.0837983152113 0.693412239719
0.0228824728452 0.0167966137387 0.000688730562971 0.0345126144273 1.62267682762e-05 0.0288741256532 0.0837983152113 0.693412239719
0.0228824728452 0.0167966137387 0.000688730562971 0.0345126144273 1.62267682762e-05 0.0288741256532 0.0837983152113 0.693412239719
0.0228824728452 0.0167966137387 0.000688730562971 0.0345126144273 1.62267682762e-05 0.0288741256532 0.0837983152113 0.693412239719
0.0228824728452 0.0167966137387 0.000688730562971 0.0345126144273 1.62267682762e-05 0.0288741256532 0.0837983152113 0.693412239719
0.0228824728452 0.0167966137387 0.000688730562971 0.0345126144273 1.62267682762e-05 0.0288741256532 0.0837983152113 0.693412239719
0.0228824728452 0.0167966137387 0.000688730562971 0.0345126144273 1.62267682762e-05 0.0288741256532 0.0837983152113 0.693412239719
0.0228824728452 0.0167966137387 0.000688730562971 0.0345126144273 1.62267682762e-05 0.0288741256532 0.0837983152113 0.693412239719
0.0228824728452 0.0167966137387 0.000688730562971 0.0345126144273 1.62267682762e-05 0.0288741256532 0.0837983152113 0.693412239719
0.0228658598254 0.0167844191735 0.000688230156813 0.0344875570471 1.62099568165e-05 0.0288531466653 0.0837374531489 0.692908699324
0.0228824728452 0.0167966137387 0.000688730562971 0.0345126144273 1.62267682762e-05 0.0288741256532 0.0837983152113 0.693412239719
0.0228824728452 0.0167966137387 0.000688730562971 0.0345126144273 1.62267682762e-05 0.0288741256532 0.0837983152113 0.693412239719
0.0228824728452 0.0167966137387 0.000688730562971 0.0345126144273 1.62267682762e-05 0.0288741256532 0.0837983152113 0.693412239719
0.0228824728452 0.0167966137387 0.000688730562971 0.0345126144273 1.62267682762e-05 0.0288741256532 0.0837983152113 0.693412239719
0.0228824728452 0.0167966137387 0.000688730562971 0.0345126144273 1.62267682762e-05 0.0288741256532 0.0837983152113 0.693412239719
0.0228824728452 0.0167966137387 0.000688730562971 0.0345126144273 1.62267682762e-05 0.0288741256532 0.0837983152113 0.693412239719
0.0228824728452 0.0167966137387 0.000688730562971 0.0345126144273 1.62267682762e-05 0.0288741256532 0.0837983152113 0.693412239719
0.0228824728452 0.0167966137387 0.000688730562971 0.0345126144273 1.62267682762e-05 0.0288741256532 0.0837983152113 0.693412239719
0.0228824728452 0.0167966137387 0.000688730562971 0.0345126144273 1.62267682762e-05 0.0288741256532 0.0837983152113 0.693412239719
0.0228824728452 0.0167966137387 0.000688730562971 0.0345126144273 1.62267682762e-05 0.0288741256532 0.0837983152113 0.693412239719
0.0228824728452 0.0167966137387 0.000688730562971 0.0345126144273 1.62267682762e-05 0.0288741256532 0.0837983152113 0.693412239719
0.0228824728452 0.0167966137387 0.000688730562971 0.0345126144273 1.62267682762e-05 0.0288741256532 0.0837983152113 0.693412239719
0.0228824728452 0.0167966137387 0.000688730562971 0.0345126144273 1.62267682762e-05 0.0288741256532 0.0837983152113 0.693412239719
0.0228824728452 0.0167966137387 0.000688730562971 0.0345126144273 1.62267682762e-05 0.0288741256532 0.0837983152113 0.693412239719
0.0228824728452 0.0167966137387 0.000688730562971 0.0345126144273 1.62267682762e-05 0.0288741256532 0.0837983152113 0.693412239719
0.02234476623 0.0164019173803 0.000672534127541 0.0337015927516 1.56826388369e-05 0.0281951075833 0.0818284184629 0.677114359743
0.0228824728452 0.0167966137387 0.000688730562971 0.0345126144273 1.62267682762e-05 0.0288741256532 0.0837983152113 0.693412239719
0.0228824728452 0.0167966137387 0.000688730562971 0.0345126144273 1.62267682762e-05 0.0288741256532 0.0837983152113 0.693412239719
0.0228824728452 0.0167966137387 0.000688730562971 0.0345126144273 1.62267682762e-05 0.0288741256532 0.0837983152113 0.693412239719
0.0219939612659 0.0161444136823 0.000661967417388 0.0331724744149 1.53276435606e-05 0.0277521096679 0.0805432388899 0.666481466193
0.0228824728452 0.0167966137387 0.000688730562971 0.0345126144273 1.62267682762e-05 0.0288741256532 0.0837983152113 0.693412239719
0.0228824728452 0.0167966137387 0.000688730562971 0.0345126144273 1.62267682762e-05 0.0288741256532 0.0837983152113 0.693412239719
0.0228824728452 0.0167966137387 0.000688730562971 0.0345126144273 1.62267682762e-05 0.0288741256532 0.0837983152113 0.693412239719
0.0222556078673 0.0163364718751 0.000669848559567 0.033567115394 1.5592415491e-05 0.0280825180453 0.0815017853811 0.674411971017
0.0228824728452 0.0167966137387 0.000688730562971 0.0345126144273 1.62267682762e-05 0.0288741256532 0.0837983152113 0.693412239719
0.0228824728452 0.0167966137387 0.000688730562971 0.0345126144273 1.62267682762e-05 0.0288741256532 0.0837983152113 0.693412239719
0.0228824728452 0.0167966137387 0.000688730562971 0.0345126144273 1.62267682762e-05 0.0288741256532 0.0837983152113 0.693412239719
0.0228824728452 0.0167966137387 0.000688730562971 0.0345126144273 1.62267682762e-05 0.0288741256532 0.0837983152113 0.693412239719
0.0228824728452 0.0167966137387 0.000688730562971 0.0345126144273 1.62267682762e-05 0.0288741256532 0.0837983152113 0.693412239719
0.0228824728452 0.0167966137387 0.000688730562971 0.0345126144273 1.62267682762e-05 0.0288741256532 0.0837983152113 0.693412239719
0.0228824728452 0.0167966137387 0.000688730562971 0.0345126144273 1.62267682762e-05 0.0288741256532 0.0837983152113 0.693412239719
0.0226853610627 0.0166519264677 0.000682793295012 0.0342153111701 1.60273020233e-05 0.0286252121039 0.0830761930569 0.687437784352
0.0228824728452 0.0167966137387 0.000688730562971 0.0345126144273 1.62267682762e-05 0.0288741256532 0.0837983152113 0.693412239719
0.0228824728452 0.0167966137387 0.000688730562971 0.0345126144273 1.62267682762e-05 0.0288741256532 0.0837983152113 0.693412239719
0.0228824728452 0.0167966137387 0.000688730562971 0.0345126144273 1.62267682762e-05 0.0288741256532 0.0837983152113 0.693412239719
0.0228824728452 0.0167966137387 0.000688730562971 0.0345126144273 1.62267682762e-05 0.0288741256532 0.0837983152113 0.693412239719
0.0228824728452 0.0167966137387 0.000688730562971 0.0345126144273 1.62267682762e-05 0.0288741256532 0.0837983152113 0.693412239719
0.0228824728452 0.0167966137387 0.000688730562971 0.0345126144273 1.62267682762e-05 0.0288741256532 0.0837983152113 0.693412239719
0.0228824728452 0.0167966137387 0.000688730562971 0.0345126144273 1.62267682762e-05 0.0288741256532 0.0837983152113 0.693412239719
0.0228824728452 0.0167966137387 0.000688730562971 0.0345126144273 1.62267682762e-05 0.0288741256532 0.0837983152113 0.693412239719
0.0228824728452 0.0167966137387 0.000688730562971 0.0345126144273 1.62267682762e-05 0.0288741256532 0.0837983152113 0.693412239719
0.0227990666038 0.0167353905014 0.000686218256512 0.0343868129815 1.614236576e-05 0.0287687999172 0.0834927551178 0.690884197712
0.0228824728452 0.0167966137387 0.000688730562971 0.0345126144273 1.62267682762e-05 0.0288741256532 0.0837983152113 0.693412239719
0.0228824728452 0.0167966137387 0.000688730562971 0.0345126144273 1.62267682762e-05 0.0288741256532 0.0837983152113 0.693412239719
0.0228824728452 0.0167966137387 0.000688730562971 0.0345126144273 1.62267682762e-05 0.0288741256532 0.0837983152113 0.693412239719
0.0228824728452 0.0167966137387 0.000688730562971 0.0345126144273 1.62267682762e-05 0.0288741256532 0.0837983152113 0.693412239719
0.0228824728452 0.0167966137387 0.000688730562971 0.0345126144273 1.62267682762e-05 0.0288741256532 0.0837983152113 0.693412239719
0.0221850842459 0.0162847049528 0.000667724294684 0.0334607447748 1.55210494757e-05 0.0279934605334 0.081243420971 0.67227440104
0.0228824728452 0.0167966137387 0.000688730562971 0.0345126144273 1.62267682762e-05 0.0288741256532 0.0837983152113 0.693412239719
0.0228824728452 0.0167966137387 0.000688730562971 0.0345126144273 1.62267682762e-05 0.0288741256532 0.0837983152113 0.693412239719
0.0229255935238 0.0168282658968 0.000690029414923 0.0345776532496 1.62704040248e-05 0.028928578619 0.083956288504 0.694719226883
0.0228824728452 0.0167966137387 0.000688730562971 0.0345126144273 1.62267682762e-05 0.0288741256532 0.0837983152113 0.693412239719
0.0228824728452 0.0167966137387 0.000688730562971 0.0345126144273 1.62267682762e-05 0.0288741256532 0.0837983152113 0.693412239719
0.0228824728452 0.0167966137387 0.000688730562971 0.0345126144273 1.62267682762e-05 0.0288741256532 0.0837983152113 0.693412239719
0.0228824728452 0.0167966137387 0.000688730562971 0.0345126144273 1.62267682762e-05 0.0288741256532 0.0837983152113 0.693412239719
0.0228824728452 0.0167966137387 0.000688730562971 0.0345126144273 1.62267682762e-05 0.0288741256532 0.0837983152113 0.693412239719
0.0228824728452 0.0167966137387 0.000688730562971 0.0345126144273 1.62267682762e-05 0.0288741256532 0.0837983152113 0.693412239719
0.0228824728452 0.0167966137387 0.000688730562971 0.0345126144273 1.62267682762e-05 0.0288741256532 0.0837983152113 0.693412239719
0.0228824728452 0.0167966137387 0.000688730562971 0.0345126144273 1.62267682762e-05 0.0288741256532 0.0837983152113 0.693412239719
0.0228824728452 0.0167966137387 0.000688730562971 0.0345126144273 1.62267682762e-05 0.0288741256532 0.0837983152113 0.693412239719
0.0228824728452 0.0167966137387 0.000688730562971 0.0345126144273 1.62267682762e-05 0.0288741256532 0.0837983152113 0.693412239719
0.0228824728452 0.0167966137387 0.000688730562971 0.0345126144273 1.62267682762e-05 0.0288741256532 0.0837983152113 0.693412239719
0.0228824728452 0.0167966137387 0.000688730562971 0.0345126144273 1.62267682762e-05 0.0288741256532 0.0837983152113 0.693412239719
0.0228824728452 0.0167966137387 0.000688730562971 0.0345126144273 1.62267682762e-05 0.0288741256532 0.0837983152113 0.693412239719
0.0228824728452 0.0167966137387 0.000688730562971 0.0345126144273 1.62267682762e-05 0.0288741256532 0.0837983152113 0.693412239719
0.0228824728452 0.0167966137387 0.000688730562971 0.0345126144273 1.62267682762e-05 0.0288741256532 0.0837983152113 0.693412239719
0.0228824728452 0.0167966137387 0.000688730562971 0.0345126144273 1.62267682762e-05 0.0288741256532 0.0837983152113 0.693412239719
0.0228824728452 0.0167966137387 0.000688730562971 0.0345126144273 1.62267682762e-05 0.0288741256532 0.0837983152113 0.693412239719
0.0228824728452 0.0167966137387 0.000688730562971 0.0345126144273 1.62267682762e-05 0.0288741256532 0.0837983152113 0.693412239719
0.0228824728452 0.0167966137387 0.000688730562971 0.0345126144273 1.62267682762e-05 0.0288741256532 0.0837983152113 0.693412239719
0.0228824728452 0.0167966137387 0.000688730562971 0.0345126144273 1.62267682762e-05 0.0288741256532 0.0837983152113 0.693412239719
0.0228824728452 0.0167966137387 0.000688730562971 0.0345126144273 1.62267682762e-05 0.0288741256532 0.0837983152113 0.693412239719
0.0228824728452 0.0167966137387 0.000688730562971 0.0345126144273 1.62267682762e-05 0.0288741256532 0.0837983152113 0.693412239719
0.0228824728452 0.0167966137387 0.000688730562971 0.0345126144273 1.62267682762e-05 0.0288741256532 0.0837983152113 0.693412239719
0.0228824728452 0.0167966137387 0.000688730562971 0.0345126144273 1.62267682762e-05 0.0288741256532 0.0837983152113 0.693412239719
0.0228824728452 0.0167966137387 0.000688730562971 0.0345126144273 1.62267682762e-05 0.0288741256532 0.0837983152113 0.693412239719
0.0228824728452 0.0167966137387 0.000688730562971 0.0345126144273 1.62267682762e-05 0.0288741256532 0.0837983152113 0.693412239719
0.0224928359295 0.0165106059653 0.000676994183004 0.0339249259455 1.58324772065e-05 0.0283820905936 0.0823708741651 0.68160235026
0.0228824728452 0.0167966137387 0.000688730562971 0.0345126144273 1.62267682762e-05 0.0288741256532 0.0837983152113 0.693412239719
0.0228824728452 0.0167966137387 0.000688730562971 0.0345126144273 1.62267682762e-05 0.0288741256532 0.0837983152113 0.693412239719
0.0228824728452 0.0167966137387 0.000688730562971 0.0345126144273 1.62267682762e-05 0.0288741256532 0.0837983152113 0.693412239719
0.0228824728452 0.0167966137387 0.000688730562971 0.0345126144273 1.62267682762e-05 0.0288741256532 0.0837983152113 0.693412239719
0.0228824728452 0.0167966137387 0.000688730562971 0.0345126144273 1.62267682762e-05 0.0288741256532 0.0837983152113 0.693412239719
0.0228824728452 0.0167966137387 0.000688730562971 0.0345126144273 1.62267682762e-05 0.0288741256532 0.0837983152113 0.693412239719
0.0228824728452 0.0167966137387 0.000688730562971 0.0345126144273 1.62267682762e-05 0.0288741256532 0.0837983152113 0.693412239719
0.0228824728452 0.0167966137387 0.000688730562971 0.0345126144273 1.62267682762e-05 0.0288741256532 0.0837983152113 0.693412239719
0.00903569300317 0.00663256995524 0.0204835457251 0.0345126144273 1.62267682762e-05 0.0288741256532 0.0837983152113 0.693412239719
0.0228824728452 0.0167966137387 0.000688730562971 0.0345126144273 1.62267682762e-05 0.0288741256532 0.0837983152113 0.693412239719
0.0228824728452 0.0167966137387 0.000688730562971 0.0345126144273 1.62267682762e-05 0.0288741256532 0.0837983152113 0.693412239719
0.0228824728452 0.0167966137387 0.000688730562971 0.0345126144273 1.62267682762e-05 0.0288741256532 0.0837983152113 0.693412239719
0.0228824728452 0.0167966137387 0.000688730562971 0.0345126144273 1.62267682762e-05 0.0288741256532 0.0837983152113 0.693412239719
0.0228824728452 0.0167966137387 0.000688730562971 0.0345126144273 1.62267682762e-05 0.0288741256532 0.0837983152113 0.693412239719
0.023033653655 0.0169075859927 0.000693284329198 0.034740640102 1.63797549179e-05 0.0290650373861 0.0843521685156 0.697994527947
0.0228824728452 0.0167966137387 0.000688730562971 0.0345126144273 1.62267682762e-05 0.0288741256532 0.0837983152113 0.693412239719
