0.0436373536411 0.0427408810063 0.133123766572 0.0398481906811 0.680110798666 0.050175864663 0.497595432611 0.187659844865
0.172882840731 0.0985481851578 0.137274635461 0.135509352344 0.116310508068 0.181546440888 0.00973984417465 0.63358139772
0.00440611249723 0.000833376326513 0.00794761562229 0.00469710250304 0.0211762728762 0.0156018601641 0.0203850838049 0.890176406277
0.0305397715839 0.000922096530112 0.161140116463 0.0619364020041 0.0251029606114 0.139894416556 0.658100117214 0.0752916135985
0.0670836321354 0.162759517789 0.106276743143 0.157926142889 0.847644142282 0.0208064873403 0.0758989677451 0.205397764002
0.00746614252192 0.00307758223576 0.00216326209093 0.0118256325731 0.00497881655818 0.0220412605758 0.00825520315027 0.671258024035
0.0150334119307 0.0184141557839 0.235884428303 1.0881594083 0.0427496540714 0.20939929429 0.469766623007 0.238570920448
0.11850110516 0.0423957018283 0.114119953291 0.179350977788 0.0691944772526 0.12208423238 0.123041211442 0.473283497919
0.0117941848628 0.0560822557415 0.0025736175606 0.0698110227274 0.136917093691 0.0893861276471 0.173683834118 0.836899466869
0.0373088256336 0.022675112911 0.135821699595 0.425213941394 0.0566732229375 0.329892303011 0.513934058136 0.772945237203
0.0640968194315 0.0257565639591 0.0414581623217 0.0287886758393 0.437968906092 0.376977486146 0.197603508159 0.587044821899
0.00298208264627 0.0145493464976 0.009618875262 0.0595250087322 0.0747358979309 0.12428872704 0.247956222533 0.620480524763
0.00755539854749 0.00283571782253 0.00547161060218 0.0376528430571 0.0665827547723 0.129724974893 0.0932551754975 0.900709854258
1.61259428444 0.427792659382 0.619431297715 0.336797384648 0.598771533572 0.143927844166 0.148237042838 0.127030797211
0.00287333269444 0.000596939858335 0.00873270544833 0.0356537087232 0.0470695937856 0.070162558259 0.21021873966 0.546693095644
0.214296967334 0.0272963606291 0.157108035929 0.108736810052 0.532142393801 0.264032829019 0.129825853397 0.706107066397
4.21442561372e-05 0.00141528432097 0.00686543190745 0.0335579911186 0.0219809000881 0.239584891049 0.263435038434 0.373667770856
0.422294087094 0.0394668485225 0.00479521124054 0.121680732765 0.144623568129 0.0381458723268 0.558790864195 0.258678440478
0.0820196339903 0.0269931731419 0.351857514234 0.463969919132 0.40657920144 0.0383723451081 0.742548705935 0.452915915882
0.00376330046582 0.00542230115942 0.00597278520125 0.00555065112185 0.0276960821561 0.26150969314 0.645638146176 0.184081995005
0.00810054328183 0.00150956561839 0.0016759488452 0.0162830371427 0.0619991988551 0.213426872815 0.310808949159 0.535072294668
0.00595499928446 0.0524318267944 0.0337306854588 0.169653364328 0.0670248125525 0.158185865506 0.244373872455 0.679706292428
0.033869966522 0.0073625611637 0.00722759987598 0.0980324709288 0.074753419595 0.0149390340808 0.0397951814569 0.589548864919
0.034202041776 0.00687328033072 0.0152006556317 0.00281259075954 0.231422118899 0.705304362484 0.0530179975526 0.320096870699
0.00145936834885 0.00119505435001 0.00683586113887 0.0338205256633 0.0563899180925 0.0981535313939 0.252568210185 0.561671779824
0.0562372580689 0.0160376182342 0.00479044728737 0.0776009541611 0.101687707232 0.0286671067615 0.180080438387 0.435377513788
0.0848265309288 0.0648168794647 0.0105436523533 0.0077108065868 0.0599333000395 0.0257369234278 0.733551376389 0.0757948852152
0.00277485348962 0.000586686922894 0.00293701056139 0.00443666145063 0.016929249492 0.0432469992377 0.646263527962 0.122536102202
0.0279366452968 0.0248434865382 0.05007954073 0.00776302704804 0.000590118239349 0.0234324375398 0.789628415372 0.109086763477
0.0471157778123 0.155367468518 0.532029294939 0.200674868527 0.224191374183 0.190700958964 0.482973884354 0.270592121598
0.0236387428635 0.00691909041242 0.00308953857581 0.0284667681532 0.00149817012979 0.022184095375 0.125590549406 0.734962187078
0.000649760693055 0.002894867238 0.00169345919604 0.0105452528715 0.00620002697087 0.150393029416 0.129695047303 0.479596898763
0.225116785208 0.115424137248 0.232739127627 0.373996658756 0.432190329614 0.327680487627 0.174148107335 0.424347971146
0.00188498822668 0.00151376951042 0.000614475103003 0.00246230957875 0.000878042366681 0.0128200070572 0.399719158133 0.696933851272
0.000923823411648 0.00353616397889 0.000602118704011 0.00158289696534 0.00168504950072 0.203094216109 0.064063416807 0.580806245167
0.00102251092335 0.000505342533986 3.36197044621e-05 6.69474028518e-05 0.00127681071084 0.0183832283363 0.106358790951 0.699268069051
0.0124061693614 0.0038227529626 0.0424935992103 0.173880138167 0.317414799826 0.00526347807811 0.131496154838 0.676496358826
0.0301592505204 0.00921133489401 0.0436775810288 0.0163225828519 0.0530546734652 0.290354124284 0.592567752691 0.0993035026926
0.00398732771865 0.000297547379933 0.00631331590494 0.000725135417213 0.000603039104952 0.00343383292074 0.0585717689389 0.528786544847
0.00850555292615 0.00669555307944 0.110169484853 0.0805320849785 0.0754445187172 0.12239777278 0.265702301709 0.567561795592
0.00299364490474 0.0308307789094 0.00831621855576 0.861104932059 0.291716790099 0.0205126366686 0.2086775994 0.0930379428864
0.0455316044682 0.0311333901199 0.0323422024897 0.07521371427 0.165689447022 0.20578099686 0.188980369772 0.915822541553
0.263313204697 0.0273400475523 0.00768499146753 0.0611281561699 0.0111457756564 0.0532312494125 0.689933122684 0.448674799683
0.0403236154301 0.0881960694908 0.0397542161868 0.144933136998 0.0225243709199 0.0224682908361 0.125209986475 0.441299588226
0.00121202955707 0.000224270230309 0.00799487951185 0.00691611214548 0.0769682711678 0.0312745805432 0.0653750574169 0.643111750122
0.0124467148195 0.0111542938746 0.00127305253987 0.0170105158998 0.0131931438558 0.050539202007 0.698565402602 0.421375613735
0.00679027198755 0.00515295053553 0.0477228455798 0.0616055165401 0.282384694902 0.00877213744897 0.609641382197 0.221638190236
0.00300793180193 0.0053259694954 0.0560394287966 0.0381625359493 0.0436153818887 0.157835168046 0.149306478877 0.606369050849
0.0250189463923 0.0134481950726 0.324255344154 1.01570478246 0.122454572515 0.253338496537 0.392947222589 0.396397626203
0.729691305376 0.0300997728285 0.471051920265 0.21994426073 0.0552405442653 0.743056623068 0.45318701809 0.236007202258
0.0436373536411 0.0427408810063 0.133123766572 0.0398481906811 0.680110798666 0.050175864663 0.497595432611 0.187659844865
0.0436373536411 0.0427408810063 0.133123766572 0.0398481906811 0.680110798666 0.050175864663 0.497595432611 0.187659844865
0.0436373536411 0.0427408810063 0.133123766572 0.0398481906811 0.680110798666 0.050175864663 0.497595432611 0.187659844865
0.0436373536411 0.0427408810063 0.133123766572 0.0398481906811 0.680110798666 0.050175864663 0.497595432611 0.187659844865
0.0436373536411 0.0427408810063 0.133123766572 0.0398481906811 0.680110798666 0.050175864663 0.497595432611 0.187659844865
0.0436373536411 0.0427408810063 0.133123766572 0.0398481906811 0.680110798666 0.050175864663 0.497595432611 0.187659844865
0.0436373536411 0.0427408810063 0.133123766572 0.0398481906811 0.680110798666 0.050175864663 0.497595432611 0.187659844865
0.0428042256074 0.0419248767329 0.130582186147 0.03908736602 0.667126212295 0.04921791025 0.488091536188 0.234639493423
0.0436373536411 0.0427408810063 0.133123766572 0.0398481906811 0.680110798666 0.050175864663 0.497595432611 0.187659844865
0.0436373536411 0.0427408810063 0.133123766572 0.0398481906811 0.680110798666 0.050175864663 0.497595432611 0.187659844865
0.0436373536411 0.0427408810063 0.133123766572 0.0398481906811 0.680110798666 0.050175864663 0.497595432611 0.187659844865
0.0436373536411 0.0427408810063 0.133123766572 0.0398481906811 0.680110798666 0.050175864663 0.497595432611 0.187659844865
0.0436373536411 0.0427408810063 0.133123766572 0.0398481906811 0.680110798666 0.050175864663 0.497595432611 0.187659844865
0.0436373536411 0.0427408810063 0.133123766572 0.0398481906811 0.680110798666 0.050175864663 0.497595432611 0.187659844865
0.0436373536411 0.0427408810063 0.133123766572 0.0398481906811 0.680110798666 0.050175864663 0.497595432611 0.187659844865
0.0436373536411 0.0427408810063 0.133123766572 0.0398481906811 0.680110798666 0.050175864663 0.497595432611 0.187659844865
0.0436373536411 0.0427408810063 0.133123766572 0.0398481906811 0.680110798666 0.050175864663 0.497595432611 0.187659844865
0.0436373536411 0.0427408810063 0.133123766572 0.0398481906811 0.680110798666 0.050175864663 0.497595432611 0.187659844865
0.0436373536411 0.0427408810063 0.133123766572 0.0398481906811 0.680110798666 0.050175864663 0.497595432611 0.187659844865
0.0436373536411 0.0427408810063 0.133123766572 0.0398481906811 0.680110798666 0.050175864663 0.497595432611 0.187659844865
0.0436373536411 0.0427408810063 0.133123766572 0.0398481906811 0.680110798666 0.050175864663 0.497595432611 0.187659844865
0.0436373536411 0.0427408810063 0.133123766572 0.0398481906811 0.680110798666 0.050175864663 0.497595432611 0.187659844865
0.0436373536411 0.0427408810063 0.133123766572 0.0398481906811 0.680110798666 0.050175864663 0.497595432611 0.187659844865
0.0436373536411 0.0427408810063 0.133123766572 0.0398481906811 0.680110798666 0.050175864663 0.497595432611 0.187659844865
0.0436373536411 0.0427408810063 0.133123766572 0.0398481906811 0.680110798666 0.050175864663 0.497595432611 0.187659844865
0.0436373536411 0.0427408810063 0.133123766572 0.0398481906811 0.680110798666 0.050175864663 0.497595432611 0.187659844865
0.0436373536411 0.0427408810063 0.133123766572 0.0398481906811 0.680110798666 0.050175864663 0.497595432611 0.187659844865
0.0436373536411 0.0427408810063 0.133123766572 0.0398481906811 0.680110798666 0.050175864663 0.497595432611 0.187659844865
0.0909352256558 0.00078147459103 0.133123766572 0.0398481906811 0.680110798666 0.050175864663 0.497595432611 0.187659844865
0.0436373536411 0.0427408810063 0.133123766572 0.0398481906811 0.680110798666 0.050175864663 0.497595432611 0.187659844865
0.0436373536411 0.0427408810063 0.133123766572 0.0398481906811 0.680110798666 0.050175864663 0.497595432611 0.187659844865
0.0451608079493 0.0442330228808 0.137771289512 0.0412394313559 0.703854356977 0.0519275759469 0.514974216383 0.194211311738
0.0436373536411 0.0427408810063 0.133123766572 0.0398481906811 0.680110798666 0.050175864663 0.497595432611 0.187659844865
0.0436373536411 0.0427408810063 0.133123766572 0.0398481906811 0.680110798666 0.050175864663 0.497595432611 0.187659844865
0.0436373536411 0.0427408810063 0.133123766572 0.0398481906811 0.680110798666 0.050175864663 0.497595432611 0.187659844865
0.0436373536411 0.0427408810063 0.133123766572 0.0398481906811 0.680110798666 0.050175864663 0.497595432611 0.187659844865
0.0436373536411 0.0427408810063 0.133123766572 0.0398481906811 0.680110798666 0.050175864663 0.497595432611 0.187659844865
0.0436373536411 0.0427408810063 0.133123766572 0.0398481906811 0.680110798666 0.050175864663 0.497595432611 0.187659844865
0.0436373536411 0.0427408810063 0.133123766572 0.0398481906811 0.680110798666 0.050175864663 0.497595432611 0.187659844865
0.0436373536411 0.0427408810063 0.133123766572 0.0398481906811 0.680110798666 0.050175864663 0.497595432611 0.187659844865
0.0436373536411 0.0427408810063 0.133123766572 0.0398481906811 0.680110798666 0.050175864663 0.497595432611 0.187659844865
0.0436373536411 0.0427408810063 0.133123766572 0.0398481906811 0.680110798666 0.050175864663 0.497595432611 0.187659844865
0.0436373536411 0.0427408810063 0.133123766572 0.0398481906811 0.680110798666 0.050175864663 0.497595432611 0.187659844865
0.0436373536411 0.0427408810063 0.133123766572 0.0398481906811 0.680110798666 0.050175864663 0.497595432611 0.187659844865
0.0436373536411 0.0427408810063 0.133123766572 0.0398481906811 0.680110798666 0.050175864663 0.497595432611 0.187659844865
0.0436373536411 0.0427408810063 0.133123766572 0.0398481906811 0.680110798666 0.050175864663 0.497595432611 0.187659844865
0.0436373536411 0.0427408810063 0.133123766572 0.0398481906811 0.680110798666 0.050175864663 0.497595432611 0.187659844865
0.0436373536411 0.0427408810063 0.133123766572 0.0398481906811 0.680110798666 0.050175864663 0.497595432611 0.187659844865
0.0436373536411 0.0427408810063 0.133123766572 0.0398481906811 0.680110798666 0.050175864663 0.497595432611 0.187659844865
0.0436373536411 0.0427408810063 0.133123766572 0.0398481906811 0.680110798666 0.050175864663 0.497595432611 0.187659844865
0.0436373536411 0.0427408810063 0.133123766572 0.0398481906811 0.680110798666 0.050175864663 0.497595432611 0.187659844865
0.0436373536411 0.0427408810063 0.133123766572 0.0398481906811 0.680110798666 0.050175864663 0.497595432611 0.187659844865
0.0436373536411 0.0427408810063 0.133123766572 0.0398481906811 0.680110798666 0.050175864663 0.497595432611 0.187659844865
0.0436373536411 0.0427408810063 0.133123766572 0.0398481906811 0.680110798666 0.050175864663 0.497595432611 0.187659844865
0.0436373536411 0.0427408810063 0.133123766572 0.0398481906811 0.680110798666 0.050175864663 0.497595432611 0.187659844865
0.0436373536411 0.0427408810063 0.133123766572 0.0398481906811 0.680110798666 0.050175864663 0.497595432611 0.187659844865
0.0436373536411 0.0427408810063 0.133123766572 0.0398481906811 0.680110798666 0.050175864663 0.497595432611 0.187659844865
0.0436373536411 0.0427408810063 0.133123766572 0.0398481906811 0.680110798666 0.050175864663 0.497595432611 0.187659844865
0.0436373536411 0.0427408810063 0.133123766572 0.0398481906811 0.680110798666 0.050175864663 0.497595432611 0.187659844865
0.0436373536411 0.0427408810063 0.133123766572 0.0398481906811 0.680110798666 0.050175864663 0.497595432611 0.187659844865
0.0436373536411 0.0427408810063 0.133123766572 0.0398481906811 0.680110798666 0.050175864663 0.497595432611 0.187659844865
0.0436373536411 0.0427408810063 0.133123766572 0.0398481906811 0.680110798666 0.050175864663 0.497595432611 0.187659844865
0.0436373536411 0.0427408810063 0.133123766572 0.0398481906811 0.680110798666 0.050175864663 0.497595432611 0.187659844865
0.0436373536411 0.0427408810063 0.133123766572 0.0398481906811 0.680110798666 0.050175864663 0.497595432611 0.187659844865
0.0436373536411 0.0427408810063 0.133123766572 0.0398481906811 0.680110798666 0.050175864663 0.497595432611 0.187659844865
0.0436373536411 0.0427408810063 0.133123766572 0.0398481906811 0.680110798666 0.050175864663 0.497595432611 0.187659844865
0.0436373536411 0.0427408810063 0.133123766572 0.0398481906811 0.680110798666 0.050175864663 0.497595432611 0.187659844865
0.0436373536411 0.0427408810063 0.133123766572 0.0398481906811 0.680110798666 0.050175864663 0.497595432611 0.187659844865
0.0436373536411 0.0427408810063 0.133123766572 0.0398481906811 0.680110798666 0.050175864663 0.497595432611 0.187659844865
0.0436373536411 0.0427408810063 0.133123766572 0.0398481906811 0.680110798666 0.050175864663 0.497595432611 0.187659844865
0.0436373536411 0.0427408810063 0.133123766572 0.0398481906811 0.680110798666 0.050175864663 0.497595432611 0.187659844865
0.0436373536411 0.0427408810063 0.133123766572 0.0398481906811 0.680110798666 0.050175864663 0.497595432611 0.187659844865
0.0436373536411 0.0427408810063 0.133123766572 0.0398481906811 0.680110798666 0.050175864663 0.497595432611 0.187659844865
0.0436373536411 0.0427408810063 0.133123766572 0.0398481906811 0.680110798666 0.050175864663 0.497595432611 0.187659844865
0.0436373536411 0.0427408810063 0.133123766572 0.0398481906811 0.680110798666 0.050175864663 0.497595432611 0.187659844865
0.0494114240881 0.0483962736584 0.150738423419 0.0451211559561 0.770101668506 0.0568150558105 0.563463060701 0.212490672448
0.0436373536411 0.0427408810063 0.133123766572 0.0398481906811 0.680110798666 0.050175864663 0.497595432611 0.187659844865
0.0436373536411 0.0427408810063 0.133123766572 0.0398481906811 0.680110798666 0.050175864663 0.497595432611 0.187659844865
0.0436373536411 0.0427408810063 0.133123766572 0.0398481906811 0.680110798666 0.050175864663 0.497595432611 0.187659844865
0.0436373536411 0.0427408810063 0.133123766572 0.0398481906811 0.680110798666 0.050175864663 0.497595432611 0.187659844865
0.0436373536411 0.0427408810063 0.133123766572 0.0398481906811 0.680110798666 0.050175864663 0.497595432611 0.187659844865
0.0436373536411 0.0427408810063 0.133123766572 0.0398481906811 0.680110798666 0.050175864663 0.497595432611 0.187659844865
0.0436373536411 0.0427408810063 0.133123766572 0.0398481906811 0.680110798666 0.050175864663 0.497595432611 0.187659844865
0.0436373536411 0.0427408810063 0.133123766572 0.0398481906811 0.680110798666 0.050175864663 0.497595432611 0.187659844865
0.0436373536411 0.0427408810063 0.133123766572 0.0398481906811 0.680110798666 0.050175864663 0.497595432611 0.187659844865
0.0436373536411 0.0427408810063 0.133123766572 0.0398481906811 0.680110798666 0.050175864663 0.497595432611 0.187659844865
0.0436373536411 0.0427408810063 0.133123766572 0.0398481906811 0.680110798666 0.050175864663 0.497595432611 0.187659844865
0.0436373536411 0.0427408810063 0.133123766572 0.0398481906811 0.680110798666 0.050175864663 0.497595432611 0.187659844865
0.0436373536411 0.0427408810063 0.133123766572 0.0398481906811 0.680110798666 0.050175864663 0.497595432611 0.187659844865
0.0436373536411 0.0427408810063 0.133123766572 0.0398481906811 0.680110798666 0.050175864663 0.497595432611 0.187659844865
0.0436373536411 0.0427408810063 0.133123766572 0.0398481906811 0.680110798666 0.050175864663 0.497595432611 0.187659844865
0.0436373536411 0.0427408810063 0.133123766572 0.0398481906811 0.680110798666 0.050175864663 0.497595432611 0.187659844865
0.0436373536411 0.0427408810063 0.133123766572 0.0398481906811 0.680110798666 0.050175864663 0.497595432611 0.187659844865
0.0436373536411 0.0427408810063 0.133123766572 0.0398481906811 0.680110798666 0.050175864663 0.497595432611 0.187659844865
0.0436373536411 0.0427408810063 0.133123766572 0.0398481906811 0.680110798666 0.050175864663 0.497595432611 0.187659844865
0.0436373536411 0.0427408810063 0.133123766572 0.0398481906811 0.680110798666 0.050175864663 0.497595432611 0.187659844865
0.0436373536411 0.0427408810063 0.133123766572 0.0398481906811 0.680110798666 0.050175864663 0.497595432611 0.187659844865
0.0436373536411 0.0427408810063 0.133123766572 0.0398481906811 0.680110798666 0.050175864663 0.497595432611 0.187659844865
0.0445104188192 0.0435960015731 0.13578718117 0.0406454865245 0.693717819143 0.0511797399456 0.507554911454 0.118386550763
0.0436373536411 0.0427408810063 0.133123766572 0.0398481906811 0.680110798666 0.050175864663 0.497595432611 0.187659844865
0.0436373536411 0.0427408810063 0.133123766572 0.0398481906811 0.680110798666 0.050175864663 0.497595432611 0.187659844865
0.0436373536411 0.0427408810063 0.133123766572 0.0398481906811 0.680110798666 0.050175864663 0.497595432611 0.187659844865
0.0436373536411 0.0427408810063 0.133123766572 0.0398481906811 0.680110798666 0.050175864663 0.497595432611 0.187659844865
0.0436373536411 0.0427408810063 0.133123766572 0.0398481906811 0.680110798666 0.050175864663 0.497595432611 0.187659844865
0.0436373536411 0.0427408810063 0.133123766572 0.0398481906811 0.680110798666 0.050175864663 0.497595432611 0.187659844865
0.0436373536411 0.0427408810063 0.133123766572 0.0398481906811 0.680110798666 0.050175864663 0.497595432611 0.187659844865
0.0436373536411 0.0427408810063 0.133123766572 0.0398481906811 0.680110798666 0.050175864663 0.497595432611 0.187659844865
0.0436373536411 0.0427408810063 0.133123766572 0.0398481906811 0.680110798666 0.050175864663 0.497595432611 0.187659844865
0.0436373536411 0.0427408810063 0.133123766572 0.0398481906811 0.680110798666 0.050175864663 0.497595432611 0.187659844865
0.0436373536411 0.0427408810063 0.133123766572 0.0398481906811 0.680110798666 0.050175864663 0.497595432611 0.187659844865
0.0451100393518 0.0441832977595 0.137616412389 0.0411930687328 0.70306311096 0.0518692007633 0.514395074316 0.193992986329
0.0436373536411 0.0427408810063 0.133123766572 0.0398481906811 0.680110798666 0.050175864663 0.497595432611 0.187659844865
0.0436373536411 0.0427408810063 0.133123766572 0.0398481906811 0.680110798666 0.050175864663 0.497595432611 0.187659844865
0.0436373536411 0.0427408810063 0.133123766572 0.0398481906811 0.680110798666 0.050175864663 0.497595432611 0.187659844865
0.0436373536411 0.0427408810063 0.133123766572 0.0398481906811 0.680110798666 0.050175864663 0.497595432611 0.187659844865
0.0436373536411 0.0427408810063 0.133123766572 0.0398481906811 0.680110798666 0.050175864663 0.497595432611 0.187659844865
0.0436373536411 0.0427408810063 0.133123766572 0.0398481906811 0.680110798666 0.050175864663 0.497595432611 0.187659844865
0.0436373536411 0.0427408810063 0.133123766572 0.0398481906811 0.680110798666 0.050175864663 0.497595432611 0.187659844865
0.0436373536411 0.0427408810063 0.133123766572 0.0398481906811 0.680110798666 0.050175864663 0.497595432611 0.187659844865
0.0436373536411 0.0427408810063 0.133123766572 0.0398481906811 0.680110798666 0.050175864663 0.497595432611 0.187659844865
0.0436373536411 0.0427408810063 0.133123766572 0.0398481906811 0.680110798666 0.050175864663 0.497595432611 0.187659844865
0.0436373536411 0.0427408810063 0.133123766572 0.0398481906811 0.680110798666 0.050175864663 0.497595432611 0.187659844865
0.0436373536411 0.0427408810063 0.133123766572 0.0398481906811 0.680110798666 0.050175864663 0.497595432611 0.187659844865
0.0436373536411 0.0427408810063 0.133123766572 0.0398481906811 0.680110798666 0.050175864663 0.497595432611 0.187659844865
0.0436373536411 0.0427408810063 0.133123766572 0.0398481906811 0.680110798666 0.050175864663 0.497595432611 0.187659844865
0.0436373536411 0.0427408810063 0.133123766572 0.0398481906811 0.680110798666 0.050175864663 0.497595432611 0.187659844865
0.0436373536411 0.0427408810063 0.133123766572 0.0398481906811 0.680110798666 0.050175864663 0.497595432611 0.187659844865
0.0436373536411 0.0427408810063 0.133123766572 0.0398481906811 0.680110798666 0.050175864663 0.497595432611 0.187659844865
0.0436373536411 0.0427408810063 0.133123766572 0.0398481906811 0.680110798666 0.050175864663 0.497595432611 0.187659844865
0.0436373536411 0.0427408810063 0.133123766572 0.0398481906811 0.680110798666 0.050175864663 0.497595432611 0.187659844865
0.0436373536411 0.0427408810063 0.133123766572 0.0398481906811 0.680110798666 0.050175864663 0.497595432611 0.187659844865
0.0436373536411 0.0427408810063 0.133123766572 0.0398481906811 0.680110798666 0.050175864663 0.497595432611 0.187659844865
0.0436373536411 0.0427408810063 0.133123766572 0.0398481906811 0.680110798666 0.050175864663 0.497595432611 0.187659844865
0.0436373536411 0.0427408810063 0.133123766572 0.0398481906811 0.680110798666 0.050175864663 0.497595432611 0.187659844865
0.0436373536411 0.0427408810063 0.133123766572 0.0398481906811 0.680110798666 0.050175864663 0.497595432611 0.187659844865
0.0436373536411 0.0427408810063 0.133123766572 0.0398481906811 0.680110798666 0.050175864663 0.497595432611 0.187659844865
0.0436373536411 0.0427408810063 0.133123766572 0.0398481906811 0.680110798666 0.050175864663 0.497595432611 0.187659844865
0.0436373536411 0.0427408810063 0.133123766572 0.0398481906811 0.680110798666 0.050175864663 0.497595432611 0.187659844865
0.0436373536411 0.0427408810063 0.133123766572 0.0398481906811 0.680110798666 0.050175864663 0.497595432611 0.187659844865
0.0436373536411 0.0427408810063 0.133123766572 0.0398481906811 0.680110798666 0.050175864663 0.497595432611 0.187659844865
0.0436373536411 0.0427408810063 0.133123766572 0.0398481906811 0.680110798666 0.050175864663 0.497595432611 0.187659844865
0.0436373536411 0.0427408810063 0.133123766572 0.0398481906811 0.680110798666 0.050175864663 0.497595432611 0.187659844865
0.0436373536411 0.0427408810063 0.133123766572 0.0398481906811 0.680110798666 0.050175864663 0.497595432611 0.187659844865
0.0436373536411 0.0427408810063 0.133123766572 0.0398481906811 0.680110798666 0.050175864663 0.497595432611 0.187659844865
0.0436373536411 0.0427408810063 0.133123766572 0.0398481906811 0.680110798666 0.050175864663 0.497595432611 0.187659844865
0.0492405582137 0.0482289196887 0.15021717177 0.0449651187496 0.767438665204 0.0566185893469 0.561513910622 0.211755880396
0.0436373536411 0.0427408810063 0.133123766572 0.0398481906811 0.680110798666 0.050175864663 0.497595432611 0.187659844865
0.0436373536411 0.0427408810063 0.133123766572 0.0398481906811 0.680110798666 0.050175864663 0.497595432611 0.187659844865
0.0436373536411 0.0427408810063 0.133123766572 0.0398481906811 0.680110798666 0.050175864663 0.497595432611 0.187659844865
0.0436373536411 0.0427408810063 0.133123766572 0.0398481906811 0.680110798666 0.050175864663 0.497595432611 0.187659844865
0.0436373536411 0.0427408810063 0.133123766572 0.0398481906811 0.680110798666 0.050175864663 0.497595432611 0.187659844865
0.0436373536411 0.0427408810063 0.133123766572 0.0398481906811 0.680110798666 0.050175864663 0.497595432611 0.187659844865
0.0436373536411 0.0427408810063 0.133123766572 0.0398481906811 0.680110798666 0.050175864663 0.497595432611 0.187659844865
0.0436373536411 0.0427408810063 0.133123766572 0.0398481906811 0.680110798666 0.050175864663 0.497595432611 0.187659844865
0.0436373536411 0.0427408810063 0.133123766572 0.0398481906811 0.680110798666 0.050175864663 0.497595432611 0.187659844865
0.0436373536411 0.0427408810063 0.133123766572 0.0398481906811 0.680110798666 0.050175864663 0.497595432611 0.187659844865
0.0436373536411 0.0427408810063 0.133123766572 0.0398481906811 0.680110798666 0.050175864663 0.497595432611 0.187659844865
0.0436373536411 0.0427408810063 0.133123766572 0.0398481906811 0.680110798666 0.050175864663 0.497595432611 0.187659844865
0.0436373536411 0.0427408810063 0.133123766572 0.0398481906811 0.680110798666 0.050175864663 0.497595432611 0.187659844865
0.0436373536411 0.0427408810063 0.133123766572 0.0398481906811 0.680110798666 0.050175864663 0.497595432611 0.187659844865
0.0436373536411 0.0427408810063 0.133123766572 0.0398481906811 0.680110798666 0.050175864663 0.497595432611 0.187659844865
0.0436373536411 0.0427408810063 0.133123766572 0.0398481906811 0.680110798666 0.050175864663 0.497595432611 0.187659844865
0.0436373536411 0.0427408810063 0.133123766572 0.0398481906811 0.680110798666 0.050175864663 0.497595432611 0.187659844865
0.0436373536411 0.0427408810063 0.133123766572 0.0398481906811 0.680110798666 0.050175864663 0.497595432611 0.187659844865
0.0436373536411 0.0427408810063 0.133123766572 0.0398481906811 0.680110798666 0.050175864663 0.497595432611 0.187659844865
0.0436373536411 0.0427408810063 0.133123766572 0.0398481906811 0.680110798666 0.050175864663 0.497595432611 0.187659844865
0.0436373536411 0.0427408810063 0.133123766572 0.0398481906811 0.680110798666 0.050175864663 0.497595432611 0.187659844865
0.0436373536411 0.0427408810063 0.133123766572 0.0398481906811 0.680110798666 0.050175864663 0.497595432611 0.187659844865
0.0436373536411 0.0427408810063 0.133123766572 0.0398481906811 0.680110798666 0.050175864663 0.497595432611 0.187659844865
0.0436373536411 0.0427408810063 0.133123766572 0.0398481906811 0.680110798666 0.050175864663 0.497595432611 0.187659844865
0.0436373536411 0.0427408810063 0.133123766572 0.0398481906811 0.680110798666 0.050175864663 0.497595432611 0.187659844865
0.0436373536411 0.0427408810063 0.133123766572 0.0398481906811 0.680110798666 0.050175864663 0.497595432611 0.187659844865
0.0436373536411 0.0427408810063 0.133123766572 0.0398481906811 0.680110798666 0.050175864663 0.497595432611 0.187659844865
0.0436373536411 0.0427408810063 0.133123766572 0.0398481906811 0.680110798666 0.050175864663 0.497595432611 0.187659844865
0.0134316927079 0.0131560544164 0.0409769254406 0.123132821583 0.680110798666 0.050175864663 0.497595432611 0.187659844865
0.0436373536411 0.0427408810063 0.133123766572 0.0398481906811 0.680110798666 0.050175864663 0.497595432611 0.187659844865
0.0436373536411 0.0427408810063 0.133123766572 0.0398481906811 0.680110798666 0.050175864663 0.497595432611 0.187659844865
0.0436373536411 0.0427408810063 0.133123766572 0.0398481906811 0.680110798666 0.050175864663 0.497595432611 0.187659844865
0.0436373536411 0.0427408810063 0.133123766572 0.0398481906811 0.680110798666 0.050175864663 0.497595432611 0.187659844865
0.0436373536411 0.0427408810063 0.133123766572 0.0398481906811 0.680110798666 0.050175864663 0.497595432611 0.187659844865
0.0440237616893 0.0431193469874 0.134302561538 0.0402010641416 0.68613310073 0.0506201676753 0.502003377032 0.189321555041
0.0436373536411 0.0427408810063 0.133123766572 0.0398481906811 0.680110798666 0.050175864663 0.497595432611 0.187659844865
0.0436373536411 0.0427408810063 0.133123766572 0.0398481906811 0.680110798666 0.050175864663 0.497595432611 0.187659844865
0.0436373536411 0.0427408810063 0.133123766572 0.0398481906811 0.680110798666 0.050175864663 0.497595432611 0.187659844865
0.0436373536411 0.0427408810063 0.133123766572 0.0398481906811 0.680110798666 0.050175864663 0.497595432611 0.187659844865
0.0436373536411 0.0427408810063 0.133123766572 0.0398481906811 0.680110798666 0.050175864663 0.497595432611 0.187659844865
0.0436373536411 0.0427408810063 0.133123766572 0.0398481906811 0.680110798666 0.050175864663 0.497595432611 0.187659844865
0.0436373536411 0.0427408810063 0.133123766572 0.0398481906811 0.680110798666 0.050175864663 0.497595432611 0.187659844865
0.0436373536411 0.0427408810063 0.133123766572 0.0398481906811 0.680110798666 0.050175864663 0.497595432611 0.187659844865
0.0436373536411 0.0427408810063 0.133123766572 0.0398481906811 0.680110798666 0.050175864663 0.497595432611 0.187659844865
0.0436373536411 0.0427408810063 0.133123766572 0.0398481906811 0.680110798666 0.050175864663 0.497595432611 0.187659844865
0.0436373536411 0.0427408810063 0.133123766572 0.0398481906811 0.680110798666 0.050175864663 0.497595432611 0.187659844865
0.0436373536411 0.0427408810063 0.133123766572 0.0398481906811 0.680110798666 0.050175864663 0.497595432611 0.187659844865
0.0436373536411 0.0427408810063 0.133123766572 0.0398481906811 0.680110798666 0.050175864663 0.497595432611 0.187659844865
0.0436373536411 0.0427408810063 0.133123766572 0.0398481906811 0.680110798666 0.050175864663 0.497595432611 0.187659844865
0.0436373536411 0.0427408810063 0.133123766572 0.0398481906811 0.680110798666 0.050175864663 0.497595432611 0.187659844865
0.042951672051 0.0420692926248 0.131031993355 0.0392220162609 0.669424215728 0.0493874483829 0.489773529437 0.18471113797
0.0436373536411 0.0427408810063 0.133123766572 0.0398481906811 0.680110798666 0.050175864663 0.497595432611 0.187659844865
0.0436373536411 0.0427408810063 0.133123766572 0.0398481906811 0.680110798666 0.050175864663 0.497595432611 0.187659844865
0.0436373536411 0.0427408810063 0.133123766572 0.0398481906811 0.680110798666 0.050175864663 0.497595432611 0.187659844865
0.0436373536411 0.0427408810063 0.133123766572 0.0398481906811 0.680110798666 0.050175864663 0.497595432611 0.187659844865
0.0436373536411 0.0427408810063 0.133123766572 0.0398481906811 0.680110798666 0.050175864663 0.497595432611 0.187659844865
0.0436373536411 0.0427408810063 0.133123766572 0.0398481906811 0.680110798666 0.050175864663 0.497595432611 0.187659844865
0.0436373536411 0.0427408810063 0.133123766572 0.0398481906811 0.680110798666 0.050175864663 0.497595432611 0.187659844865
0.0436373536411 0.0427408810063 0.133123766572 0.0398481906811 0.680110798666 0.050175864663 0.497595432611 0.187659844865
0.0436373536411 0.0427408810063 0.133123766572 0.0398481906811 0.680110798666 0.050175864663 0.497595432611 0.187659844865
0.0436373536411 0.0427408810063 0.133123766572 0.0398481906811 0.680110798666 0.050175864663 0.497595432611 0.187659844865
0.0436373536411 0.0427408810063 0.133123766572 0.0398481906811 0.680110798666 0.050175864663 0.497595432611 0.187659844865
0.0436373536411 0.0427408810063 0.133123766572 0.0398481906811 0.680110798666 0.050175864663 0.497595432611 0.187659844865
0.0436373536411 0.0427408810063 0.133123766572 0.0398481906811 0.680110798666 0.050175864663 0.497595432611 0.187659844865
0.0436373536411 0.0427408810063 0.133123766572 0.0398481906811 0.680110798666 0.050175864663 0.497595432611 0.187659844865
0.0436373536411 0.0427408810063 0.133123766572 0.0398481906811 0.680110798666 0.050175864663 0.497595432611 0.187659844865
0.0436373536411 0.0427408810063 0.133123766572 0.0398481906811 0.680110798666 0.050175864663 0.497595432611 0.187659844865
0.0436373536411 0.0427408810063 0.133123766572 0.0398481906811 0.680110798666 0.050175864663 0.497595432611 0.187659844865
0.0436373536411 0.0427408810063 0.133123766572 0.0398481906811 0.680110798666 0.050175864663 0.497595432611 0.187659844865
0.0436373536411 0.0427408810063 0.133123766572 0.0398481906811 0.680110798666 0.050175864663 0.497595432611 0.187659844865
0.0436373536411 0.0427408810063 0.133123766572 0.0398481906811 0.680110798666 0.050175864663 0.497595432611 0.187659844865
0.0436373536411 0.0427408810063 0.133123766572 0.0398481906811 0.680110798666 0.050175864663 0.497595432611 0.187659844865
0.0436373536411 0.0427408810063 0.133123766572 0.0398481906811 0.680110798666 0.050175864663 0.497595432611 0.187659844865
0.0436373536411 0.0427408810063 0.133123766572 0.0398481906811 0.680110798666 0.050175864663 0.497595432611 0.187659844865
0.0454984729918 0.0445637476993 0.138801386722 0.0415477919933 0.709116982567 0.0523158328589 0.518826125646 0.195663407366
0.0436373536411 0.0427408810063 0.133123766572 0.0398481906811 0.680110798666 0.050175864663 0.497595432611 0.187659844865
0.0436373536411 0.0427408810063 0.133123766572 0.0398481906811 0.680110798666 0.050175864663 0.497595432611 0.187659844865
0.0436373536411 0.0427408810063 0.133123766572 0.0398481906811 0.680110798666 0.050175864663 0.497595432611 0.187659844865
0.0436373536411 0.0427408810063 0.133123766572 0.0398481906811 0.680110798666 0.050175864663 0.497595432611 0.187659844865
0.0436373536411 0.0427408810063 0.133123766572 0.0398481906811 0.680110798666 0.050175864663 0.497595432611 0.187659844865
0.0436373536411 0.0427408810063 0.133123766572 0.0398481906811 0.680110798666 0.050175864663 0.497595432611 0.187659844865
0.0436373536411 0.0427408810063 0.133123766572 0.0398481906811 0.680110798666 0.050175864663 0.497595432611 0.187659844865
0.0436373536411 0.0427408810063 0.133123766572 0.0398481906811 0.680110798666 0.050175864663 0.497595432611 0.187659844865
0.0436373536411 0.0427408810063 0.133123766572 0.0398481906811 0.680110798666 0.050175864663 0.497595432611 0.187659844865
0.0436373536411 0.0427408810063 0.133123766572 0.0398481906811 0.680110798666 0.050175864663 0.497595432611 0.187659844865
0.0436373536411 0.0427408810063 0.133123766572 0.0398481906811 0.680110798666 0.050175864663 0.497595432611 0.187659844865
0.0436373536411 0.0427408810063 0.133123766572 0.0398481906811 0.680110798666 0.050175864663 0.497595432611 0.187659844865
0.0436373536411 0.0427408810063 0.133123766572 0.0398481906811 0.680110798666 0.050175864663 0.497595432611 0.187659844865
0.0436373536411 0.0427408810063 0.133123766572 0.0398481906811 0.680110798666 0.050175864663 0.497595432611 0.187659844865
0.0436373536411 0.0427408810063 0.133123766572 0.0398481906811 0.680110798666 0.050175864663 0.497595432611 0.187659844865
0.0436373536411 0.0427408810063 0.133123766572 0.0398481906811 0.680110798666 0.050175864663 0.497595432611 0.187659844865
0.0436373536411 0.0427408810063 0.133123766572 0.0398481906811 0.680110798666 0.050175864663 0.497595432611 0.187659844865
0.0436373536411 0.0427408810063 0.133123766572 0.0398481906811 0.680110798666 0.050175864663 0.497595432611 0.187659844865
0.0436373536411 0.0427408810063 0.133123766572 0.0398481906811 0.680110798666 0.050175864663 0.497595432611 0.187659844865
0.0436373536411 0.0427408810063 0.133123766572 0.0398481906811 0.680110798666 0.050175864663 0.497595432611 0.187659844865
0.0436373536411 0.0427408810063 0.133123766572 0.0398481906811 0.680110798666 0.050175864663 0.497595432611 0.187659844865
0.0436373536411 0.0427408810063 0.133123766572 0.0398481906811 0.680110798666 0.050175864663 0.497595432611 0.187659844865
0.0436373536411 0.0427408810063 0.133123766572 0.0398481906811 0.680110798666 0.050175864663 0.497595432611 0.187659844865
0.00619754641476 0.00607059569796 0.0189080910368 0.00565761312976 0.689577101146 0.050175864663 0.497595432611 0.187659844865
0.0436373536411 0.0427408810063 0.133123766572 0.0398481906811 0.680110798666 0.050175864663 0.497595432611 0.187659844865
0.0436373536411 0.0427408810063 0.133123766572 0.0398481906811 0.680110798666 0.050175864663 0.497595432611 0.187659844865
0.0436373536411 0.0427408810063 0.133123766572 0.0398481906811 0.680110798666 0.050175864663 0.497595432611 0.187659844865
0.0436373536411 0.0427408810063 0.133123766572 0.0398481906811 0.680110798666 0.050175864663 0.497595432611 0.187659844865
0.0436373536411 0.0427408810063 0.133123766572 0.0398481906811 0.680110798666 0.050175864663 0.497595432611 0.187659844865
0.0436373536411 0.0427408810063 0.133123766572 0.0398481906811 0.680110798666 0.050175864663 0.497595432611 0.187659844865
0.0436373536411 0.0427408810063 0.133123766572 0.0398481906811 0.680110798666 0.050175864663 0.497595432611 0.187659844865
0.0396672749662 0.0388524016447 0.121012453738 0.0362226569812 0.618235759808 0.0456109547897 0.452306815502 0.170586908195
0.0436373536411 0.0427408810063 0.133123766572 0.0398481906811 0.680110798666 0.050175864663 0.497595432611 0.187659844865
0.0436373536411 0.0427408810063 0.133123766572 0.0398481906811 0.680110798666 0.050175864663 0.497595432611 0.187659844865
0.0436373536411 0.0427408810063 0.133123766572 0.0398481906811 0.680110798666 0.050175864663 0.497595432611 0.187659844865
0.0436373536411 0.0427408810063 0.133123766572 0.0398481906811 0.680110798666 0.050175864663 0.497595432611 0.187659844865
0.0436373536411 0.0427408810063 0.133123766572 0.0398481906811 0.680110798666 0.050175864663 0.497595432611 0.187659844865
0.0436373536411 0.0427408810063 0.133123766572 0.0398481906811 0.680110798666 0.050175864663 0.497595432611 0.187659844865
0.0436373536411 0.0427408810063 0.133123766572 0.0398481906811 0.680110798666 0.050175864663 0.497595432611 0.187659844865
0.0436373536411 0.0427408810063 0.133123766572 0.0398481906811 0.680110798666 0.050175864663 0.497595432611 0.187659844865
0.0436373536411 0.0427408810063 0.133123766572 0.0398481906811 0.680110798666 0.050175864663 0.497595432611 0.187659844865
0.0436373536411 0.0427408810063 0.133123766572 0.0398481906811 0.680110798666 0.050175864663 0.497595432611 0.187659844865
0.0436373536411 0.0427408810063 0.133123766572 0.0398481906811 0.680110798666 0.050175864663 0.497595432611 0.187659844865
0.0436373536411 0.0427408810063 0.133123766572 0.0398481906811 0.680110798666 0.050175864663 0.497595432611 0.187659844865
0.0436373536411 0.0427408810063 0.133123766572 0.0398481906811 0.680110798666 0.050175864663 0.497595432611 0.187659844865
0.0436373536411 0.0427408810063 0.133123766572 0.0398481906811 0.680110798666 0.050175864663 0.497595432611 0.187659844865
0.0436373536411 0.0427408810063 0.133123766572 0.0398481906811 0.680110798666 0.050175864663 0.497595432611 0.187659844865
0.0436373536411 0.0427408810063 0.133123766572 0.0398481906811 0.680110798666 0.050175864663 0.497595432611 0.187659844865
0.0436373536411 0.0427408810063 0.133123766572 0.0398481906811 0.680110798666 0.050175864663 0.497595432611 0.187659844865
0.0436373536411 0.0427408810063 0.133123766572 0.0398481906811 0.680110798666 0.050175864663 0.497595432611 0.187659844865
0.0436373536411 0.0427408810063 0.133123766572 0.0398481906811 0.680110798666 0.050175864663 0.497595432611 0.187659844865
0.0436373536411 0.0427408810063 0.133123766572 0.0398481906811 0.680110798666 0.050175864663 0.497595432611 0.187659844865
0.0436373536411 0.0427408810063 0.133123766572 0.0398481906811 0.680110798666 0.050175864663 0.497595432611 0.187659844865
0.0436373536411 0.0427408810063 0.133123766572 0.0398481906811 0.680110798666 0.050175864663 0.497595432611 0.187659844865
0.0436373536411 0.0427408810063 0.133123766572 0.0398481906811 0.680110798666 0.050175864663 0.497595432611 0.187659844865
0.0436373536411 0.0427408810063 0.133123766572 0.0398481906811 0.680110798666 0.050175864663 0.497595432611 0.187659844865
0.0436373536411 0.0427408810063 0.133123766572 0.0398481906811 0.680110798666 0.050175864663 0.497595432611 0.187659844865
0.0436373536411 0.0427408810063 0.133123766572 0.0398481906811 0.680110798666 0.050175864663 0.497595432611 0.187659844865
0.0436373536411 0.0427408810063 0.133123766572 0.0398481906811 0.680110798666 0.050175864663 0.497595432611 0.187659844865
0.0436373536411 0.0427408810063 0.133123766572 0.0398481906811 0.680110798666 0.050175864663 0.497595432611 0.187659844865
0.0436373536411 0.0427408810063 0.133123766572 0.0398481906811 0.680110798666 0.050175864663 0.497595432611 0.187659844865
0.0436373536411 0.0427408810063 0.133123766572 0.0398481906811 0.680110798666 0.050175864663 0.497595432611 0.187659844865
0.0436373536411 0.0427408810063 0.133123766572 0.0398481906811 0.680110798666 0.050175864663 0.497595432611 0.187659844865
0.0436373536411 0.0427408810063 0.133123766572 0.0398481906811 0.680110798666 0.050175864663 0.497595432611 0.187659844865
0.0436373536411 0.0427408810063 0.133123766572 0.0398481906811 0.680110798666 0.050175864663 0.497595432611 0.187659844865
0.0436373536411 0.0427408810063 0.133123766572 0.0398481906811 0.680110798666 0.050175864663 0.497595432611 0.187659844865
0.0436373536411 0.0427408810063 0.133123766572 0.0398481906811 0.680110798666 0.050175864663 0.497595432611 0.187659844865
0.0436373536411 0.0427408810063 0.133123766572 0.0398481906811 0.680110798666 0.050175864663 0.497595432611 0.187659844865
0.0436373536411 0.0427408810063 0.133123766572 0.0398481906811 0.680110798666 0.050175864663 0.497595432611 0.187659844865
0.0436373536411 0.0427408810063 0.133123766572 0.0398481906811 0.680110798666 0.050175864663 0.497595432611 0.187659844865
0.0436373536411 0.0427408810063 0.133123766572 0.0398481906811 0.680110798666 0.050175864663 0.497595432611 0.187659844865
0.0436373536411 0.0427408810063 0.133123766572 0.0398481906811 0.680110798666 0.050175864663 0.497595432611 0.187659844865
0.0436373536411 0.0427408810063 0.133123766572 0.0398481906811 0.680110798666 0.050175864663 0.497595432611 0.187659844865
0.0436373536411 0.0427408810063 0.133123766572 0.0398481906811 0.680110798666 0.050175864663 0.497595432611 0.187659844865
0.0436373536411 0.0427408810063 0.133123766572 0.0398481906811 0.680110798666 0.050175864663 0.497595432611 0.187659844865
0.0390123270833 0.0382109152827 0.119014438245 0.0356245490302 0.608028172245 0.0448578770041 0.444835506662 0.167770368614
0.0436373536411 0.0427408810063 0.133123766572 0.0398481906811 0.680110798666 0.050175864663 0.497595432611 0.187659844865
0.0436373536411 0.0427408810063 0.133123766572 0.0398481906811 0.680110798666 0.050175864663 0.497595432611 0.187659844865
0.0436373536411 0.0427408810063 0.133123766572 0.0398481906811 0.680110798666 0.050175864663 0.497595432611 0.187659844865
0.0436373536411 0.0427408810063 0.133123766572 0.0398481906811 0.680110798666 0.050175864663 0.497595432611 0.187659844865
0.0436373536411 0.0427408810063 0.133123766572 0.0398481906811 0.680110798666 0.050175864663 0.497595432611 0.187659844865
0.0436373536411 0.0427408810063 0.133123766572 0.0398481906811 0.680110798666 0.050175864663 0.497595432611 0.187659844865
0.0436373536411 0.0427408810063 0.133123766572 0.0398481906811 0.680110798666 0.050175864663 0.497595432611 0.187659844865
0.0436373536411 0.0427408810063 0.133123766572 0.0398481906811 0.680110798666 0.050175864663 0.497595432611 0.187659844865
0.0436373536411 0.0427408810063 0.133123766572 0.0398481906811 0.680110798666 0.050175864663 0.497595432611 0.187659844865
0.0436373536411 0.0427408810063 0.133123766572 0.0398481906811 0.680110798666 0.050175864663 0.497595432611 0.187659844865
0.0436373536411 0.0427408810063 0.133123766572 0.0398481906811 0.680110798666 0.050175864663 0.497595432611 0.187659844865
0.083734419734 0.0820138090096 0.0880733850031 0.0398481906811 0.680110798666 0.050175864663 0.497595432611 0.187659844865
0.0436373536411 0.0427408810063 0.133123766572 0.0398481906811 0.680110798666 0.050175864663 0.497595432611 0.187659844865
0.0436373536411 0.0427408810063 0.133123766572 0.0398481906811 0.680110798666 0.050175864663 0.497595432611 0.187659844865
0.0436373536411 0.0427408810063 0.133123766572 0.0398481906811 0.680110798666 0.050175864663 0.497595432611 0.187659844865
0.0436373536411 0.0427408810063 0.133123766572 0.0398481906811 0.680110798666 0.050175864663 0.497595432611 0.187659844865
0.0436373536411 0.0427408810063 0.133123766572 0.0398481906811 0.680110798666 0.050175864663 0.497595432611 0.187659844865
0.0436373536411 0.0427408810063 0.133123766572 0.0398481906811 0.680110798666 0.050175864663 0.497595432611 0.187659844865
0.0436373536411 0.0427408810063 0.133123766572 0.0398481906811 0.680110798666 0.050175864663 0.497595432611 0.187659844865
0.0436373536411 0.0427408810063 0.133123766572 0.0398481906811 0.680110798666 0.050175864663 0.497595432611 0.187659844865
0.0436373536411 0.0427408810063 0.133123766572 0.0398481906811 0.680110798666 0.050175864663 0.497595432611 0.187659844865
0.0436373536411 0.0427408810063 0.133123766572 0.0398481906811 0.680110798666 0.050175864663 0.497595432611 0.187659844865
0.0724660205898 0.0294358057394 0.133123766572 0.0398481906811 0.680110798666 0.050175864663 0.497595432611 0.187659844865
0.0436373536411 0.0427408810063 0.133123766572 0.0398481906811 0.680110798666 0.050175864663 0.497595432611 0.187659844865
0.041696284053 0.0408397073392 0.127202246386 0.038075577647 0.649858562873 0.0479439674002 0.475452708359 0.179312464154
0.0408315490645 0.0399927457469 0.124564244265 0.0372858890541 0.636381371261 0.0469496704076 0.465588256038 0.175593755559
0.0436373536411 0.0427408810063 0.133123766572 0.0398481906811 0.680110798666 0.050175864663 0.497595432611 0.187659844865
0.0436373536411 0.0427408810063 0.133123766572 0.0398481906811 0.680110798666 0.050175864663 0.497595432611 0.187659844865
0.0426251732967 0.0417495045874 0.130035960562 0.0389238528406 0.664335620573 0.0490120307881 0.48604899945 0.183307061876
0.0436373536411 0.0427408810063 0.133123766572 0.0398481906811 0.680110798666 0.050175864663 0.497595432611 0.187659844865
0.0436373536411 0.0427408810063 0.133123766572 0.0398481906811 0.680110798666 0.050175864663 0.497595432611 0.187659844865
0.0436373536411 0.0427408810063 0.133123766572 0.0398481906811 0.680110798666 0.050175864663 0.497595432611 0.187659844865
0.0436373536411 0.0427408810063 0.133123766572 0.0398481906811 0.680110798666 0.050175864663 0.497595432611 0.187659844865
0.0436373536411 0.0427408810063 0.133123766572 0.0398481906811 0.680110798666 0.050175864663 0.497595432611 0.187659844865
0.0436373536411 0.0427408810063 0.133123766572 0.0398481906811 0.680110798666 0.050175864663 0.497595432611 0.187659844865
0.0436373536411 0.0427408810063 0.133123766572 0.0398481906811 0.680110798666 0.050175864663 0.497595432611 0.187659844865
0.0436373536411 0.0427408810063 0.133123766572 0.0398481906811 0.680110798666 0.050175864663 0.497595432611 0.187659844865
0.0436373536411 0.0427408810063 0.133123766572 0.0398481906811 0.680110798666 0.050175864663 0.497595432611 0.187659844865
0.0436373536411 0.0427408810063 0.133123766572 0.0398481906811 0.680110798666 0.050175864663 0.497595432611 0.187659844865
0.0436373536411 0.0427408810063 0.133123766572 0.0398481906811 0.680110798666 0.050175864663 0.497595432611 0.187659844865
0.0436373536411 0.0427408810063 0.133123766572 0.0398481906811 0.680110798666 0.050175864663 0.497595432611 0.187659844865
0.0436373536411 0.0427408810063 0.133123766572 0.0398481906811 0.680110798666 0.050175864663 0.497595432611 0.187659844865
0.0436373536411 0.0427408810063 0.133123766572 0.0398481906811 0.680110798666 0.050175864663 0.497595432611 0.187659844865
0.0436373536411 0.0427408810063 0.133123766572 0.0398481906811 0.680110798666 0.050175864663 0.497595432611 0.187659844865
0.0436373536411 0.0427408810063 0.133123766572 0.0398481906811 0.680110798666 0.050175864663 0.497595432611 0.187659844865
0.0436373536411 0.0427408810063 0.133123766572 0.0398481906811 0.680110798666 0.050175864663 0.497595432611 0.187659844865
0.0436373536411 0.0427408810063 0.133123766572 0.0398481906811 0.680110798666 0.050175864663 0.497595432611 0.187659844865
0.0436373536411 0.0427408810063 0.133123766572 0.0398481906811 0.680110798666 0.050175864663 0.497595432611 0.187659844865
0.0451909835966 0.0442625783107 0.137863344793 0.0412669881968 0.704324654799 0.0519622727683 0.515318444659 0.19434107917
0.0436373536411 0.0427408810063 0.133123766572 0.0398481906811 0.680110798666 0.050175864663 0.497595432611 0.187659844865
0.0436373536411 0.0427408810063 0.133123766572 0.0398481906811 0.680110798666 0.050175864663 0.497595432611 0.187659844865
0.0436373536411 0.0427408810063 0.133123766572 0.0398481906811 0.680110798666 0.050175864663 0.497595432611 0.187659844865
0.0436373536411 0.0427408810063 0.133123766572 0.0398481906811 0.680110798666 0.050175864663 0.497595432611 0.187659844865
0.0436373536411 0.0427408810063 0.133123766572 0.0398481906811 0.680110798666 0.050175864663 0.497595432611 0.187659844865
0.0436373536411 0.0427408810063 0.133123766572 0.0398481906811 0.680110798666 0.050175864663 0.497595432611 0.187659844865
0.0436373536411 0.0427408810063 0.133123766572 0.0398481906811 0.680110798666 0.050175864663 0.497595432611 0.187659844865
0.0436373536411 0.0427408810063 0.133123766572 0.0398481906811 0.680110798666 0.050175864663 0.497595432611 0.187659844865
0.0436373536411 0.0427408810063 0.133123766572 0.0398481906811 0.680110798666 0.050175864663 0.497595432611 0.187659844865
0.0436373536411 0.0427408810063 0.133123766572 0.0398481906811 0.680110798666 0.050175864663 0.497595432611 0.187659844865
0.0436373536411 0.0427408810063 0.133123766572 0.0398481906811 0.680110798666 0.050175864663 0.497595432611 0.187659844865
0.0436373536411 0.0427408810063 0.133123766572 0.0398481906811 0.680110798666 0.050175864663 0.497595432611 0.187659844865
0.0436373536411 0.0427408810063 0.133123766572 0.0398481906811 0.680110798666 0.050175864663 0.497595432611 0.187659844865
0.0436373536411 0.0427408810063 0.133123766572 0.0398481906811 0.680110798666 0.050175864663 0.497595432611 0.187659844865
0.0436373536411 0.0427408810063 0.133123766572 0.0398481906811 0.680110798666 0.050175864663 0.497595432611 0.187659844865
0.0477452080489 0.046764304317 0.14565538468 0.0435995431881 0.744133119614 0.0548991930099 0.544455724474 0.205325272655
0.0436373536411 0.0427408810063 0.133123766572 0.0398481906811 0.680110798666 0.050175864663 0.497595432611 0.187659844865
0.0436373536411 0.0427408810063 0.133123766572 0.0398481906811 0.680110798666 0.050175864663 0.497595432611 0.187659844865
0.0436373536411 0.0427408810063 0.133123766572 0.0398481906811 0.680110798666 0.050175864663 0.497595432611 0.187659844865
0.0436373536411 0.0427408810063 0.133123766572 0.0398481906811 0.680110798666 0.050175864663 0.497595432611 0.187659844865
0.0436373536411 0.0427408810063 0.133123766572 0.0398481906811 0.680110798666 0.050175864663 0.497595432611 0.187659844865
0.0436373536411 0.0427408810063 0.133123766572 0.0398481906811 0.680110798666 0.050175864663 0.497595432611 0.187659844865
0.0436373536411 0.0427408810063 0.133123766572 0.0398481906811 0.680110798666 0.050175864663 0.497595432611 0.187659844865
0.0436373536411 0.0427408810063 0.133123766572 0.0398481906811 0.680110798666 0.050175864663 0.497595432611 0.187659844865
0.0436373536411 0.0427408810063 0.133123766572 0.0398481906811 0.680110798666 0.050175864663 0.497595432611 0.187659844865
0.0436373536411 0.0427408810063 0.133123766572 0.0398481906811 0.680110798666 0.050175864663 0.497595432611 0.187659844865
0.0436373536411 0.0427408810063 0.133123766572 0.0398481906811 0.680110798666 0.050175864663 0.497595432611 0.187659844865
0.0436373536411 0.0427408810063 0.133123766572 0.0398481906811 0.680110798666 0.050175864663 0.497595432611 0.187659844865
0.0436373536411 0.0427408810063 0.133123766572 0.0398481906811 0.680110798666 0.050175864663 0.497595432611 0.187659844865
0.0436373536411 0.0427408810063 0.133123766572 0.0398481906811 0.680110798666 0.050175864663 0.497595432611 0.187659844865
0.0436373536411 0.0427408810063 0.133123766572 0.0398481906811 0.680110798666 0.050175864663 0.497595432611 0.187659844865
0.0436373536411 0.0427408810063 0.133123766572 0.0398481906811 0.680110798666 0.050175864663 0.497595432611 0.187659844865
0.0436373536411 0.0427408810063 0.133123766572 0.0398481906811 0.680110798666 0.050175864663 0.497595432611 0.187659844865
0.0436373536411 0.0427408810063 0.133123766572 0.0398481906811 0.680110798666 0.050175864663 0.497595432611 0.187659844865
0.0436373536411 0.0427408810063 0.133123766572 0.0398481906811 0.680110798666 0.050175864663 0.497595432611 0.187659844865
0.0436373536411 0.0427408810063 0.133123766572 0.0398481906811 0.680110798666 0.050175864663 0.497595432611 0.187659844865
0.0436373536411 0.0427408810063 0.133123766572 0.0398481906811 0.680110798666 0.050175864663 0.497595432611 0.187659844865
0.0436373536411 0.0427408810063 0.133123766572 0.0398481906811 0.680110798666 0.050175864663 0.497595432611 0.187659844865
0.0436373536411 0.0427408810063 0.133123766572 0.0398481906811 0.680110798666 0.050175864663 0.497595432611 0.187659844865
0.0436373536411 0.0427408810063 0.133123766572 0.0398481906811 0.680110798666 0.050175864663 0.497595432611 0.187659844865
0.0436373536411 0.0427408810063 0.133123766572 0.0398481906811 0.680110798666 0.050175864663 0.497595432611 0.187659844865
0.0436373536411 0.0427408810063 0.133123766572 0.0398481906811 0.680110798666 0.050175864663 0.497595432611 0.187659844865
0.0436373536411 0.0427408810063 0.133123766572 0.0398481906811 0.680110798666 0.050175864663 0.497595432611 0.187659844865
0.0436373536411 0.0427408810063 0.133123766572 0.0398481906811 0.680110798666 0.050175864663 0.497595432611 0.187659844865
0.0436373536411 0.0427408810063 0.133123766572 0.0398481906811 0.680110798666 0.050175864663 0.497595432611 0.187659844865
0.0436373536411 0.0427408810063 0.133123766572 0.0398481906811 0.680110798666 0.050175864663 0.497595432611 0.187659844865
0.0436373536411 0.0427408810063 0.133123766572 0.0398481906811 0.680110798666 0.050175864663 0.497595432611 0.187659844865
0.0436373536411 0.0427408810063 0.133123766572 0.0398481906811 0.680110798666 0.050175864663 0.497595432611 0.187659844865
0.0436373536411 0.0427408810063 0.133123766572 0.0398481906811 0.680110798666 0.050175864663 0.497595432611 0.187659844865
0.0436373536411 0.0427408810063 0.133123766572 0.0398481906811 0.680110798666 0.050175864663 0.497595432611 0.187659844865
0.0436373536411 0.0427408810063 0.133123766572 0.0398481906811 0.680110798666 0.050175864663 0.497595432611 0.187659844865
0.0436373536411 0.0427408810063 0.133123766572 0.0398481906811 0.680110798666 0.050175864663 0.497595432611 0.187659844865
0.0436373536411 0.0427408810063 0.133123766572 0.0398481906811 0.680110798666 0.050175864663 0.497595432611 0.187659844865
0.0436373536411 0.0427408810063 0.133123766572 0.0398481906811 0.680110798666 0.050175864663 0.497595432611 0.187659844865
0.0436373536411 0.0427408810063 0.133123766572 0.0398481906811 0.680110798666 0.050175864663 0.497595432611 0.187659844865
0.0436373536411 0.0427408810063 0.133123766572 0.0398481906811 0.680110798666 0.050175864663 0.497595432611 0.187659844865
0.0436373536411 0.0427408810063 0.133123766572 0.0398481906811 0.680110798666 0.050175864663 0.497595432611 0.187659844865
0.0436373536411 0.0427408810063 0.133123766572 0.0398481906811 0.680110798666 0.050175864663 0.497595432611 0.187659844865
0.0436373536411 0.0427408810063 0.133123766572 0.0398481906811 0.680110798666 0.050175864663 0.497595432611 0.187659844865
0.0436373536411 0.0427408810063 0.133123766572 0.0398481906811 0.680110798666 0.050175864663 0.497595432611 0.187659844865
0.0436373536411 0.0427408810063 0.133123766572 0.0398481906811 0.680110798666 0.050175864663 0.497595432611 0.187659844865
0.0436373536411 0.0427408810063 0.133123766572 0.0398481906811 0.680110798666 0.050175864663 0.497595432611 0.187659844865
0.0436373536411 0.0427408810063 0.133123766572 0.0398481906811 0.680110798666 0.050175864663 0.497595432611 0.187659844865
0.0436373536411 0.0427408810063 0.133123766572 0.0398481906811 0.680110798666 0.050175864663 0.497595432611 0.187659844865
0.0436373536411 0.0427408810063 0.133123766572 0.0398481906811 0.680110798666 0.050175864663 0.497595432611 0.187659844865
0.0436373536411 0.0427408810063 0.133123766572 0.0398481906811 0.680110798666 0.050175864663 0.497595432611 0.187659844865
0.0436373536411 0.0427408810063 0.133123766572 0.0398481906811 0.680110798666 0.050175864663 0.497595432611 0.187659844865
0.0436373536411 0.0427408810063 0.133123766572 0.0398481906811 0.680110798666 0.050175864663 0.497595432611 0.187659844865
0.0436373536411 0.0427408810063 0.133123766572 0.0398481906811 0.680110798666 0.050175864663 0.497595432611 0.187659844865
0.0436373536411 0.0427408810063 0.133123766572 0.0398481906811 0.680110798666 0.050175864663 0.497595432611 0.187659844865
0.0436373536411 0.0427408810063 0.133123766572 0.0398481906811 0.680110798666 0.050175864663 0.497595432611 0.187659844865
0.0436373536411 0.0427408810063 0.133123766572 0.0398481906811 0.680110798666 0.050175864663 0.497595432611 0.187659844865
0.0436373536411 0.0427408810063 0.133123766572 0.0398481906811 0.680110798666 0.050175864663 0.497595432611 0.187659844865
0.0436373536411 0.0427408810063 0.133123766572 0.0398481906811 0.680110798666 0.050175864663 0.497595432611 0.187659844865
0.0418904470345 0.0410298795772 0.12779456931 0.0382528901111 0.652884659585 0.048167221543 0.477667619862 0.180147443146
0.0436373536411 0.0427408810063 0.133123766572 0.0398481906811 0.680110798666 0.050175864663 0.497595432611 0.187659844865
0.0436373536411 0.0427408810063 0.133123766572 0.0398481906811 0.680110798666 0.050175864663 0.497595432611 0.187659844865
0.0436373536411 0.0427408810063 0.133123766572 0.0398481906811 0.680110798666 0.050175864663 0.497595432611 0.187659844865
0.0436373536411 0.0427408810063 0.133123766572 0.0398481906811 0.680110798666 0.050175864663 0.497595432611 0.187659844865
0.0436373536411 0.0427408810063 0.133123766572 0.0398481906811 0.680110798666 0.050175864663 0.497595432611 0.187659844865
0.0436373536411 0.0427408810063 0.133123766572 0.0398481906811 0.680110798666 0.050175864663 0.497595432611 0.187659844865
0.0436373536411 0.0427408810063 0.133123766572 0.0398481906811 0.680110798666 0.050175864663 0.497595432611 0.187659844865
0.0436373536411 0.0427408810063 0.133123766572 0.0398481906811 0.680110798666 0.050175864663 0.497595432611 0.187659844865
0.0436373536411 0.0427408810063 0.133123766572 0.0398481906811 0.680110798666 0.050175864663 0.497595432611 0.187659844865
0.0436492066027 0.0427524903472 0.133159925787 0.0398590149783 0.680295531141 0.0501894935369 0.497730645106 0.187710817372
0.0436373536411 0.0427408810063 0.133123766572 0.0398481906811 0.680110798666 0.050175864663 0.497595432611 0.187659844865
0.0436373536411 0.0427408810063 0.133123766572 0.0398481906811 0.680110798666 0.050175864663 0.497595432611 0.187659844865
0.0436373536411 0.0427408810063 0.133123766572 0.0398481906811 0.680110798666 0.050175864663 0.497595432611 0.187659844865
0.0436373536411 0.0427408810063 0.133123766572 0.0398481906811 0.680110798666 0.050175864663 0.497595432611 0.187659844865
0.0436373536411 0.0427408810063 0.133123766572 0.0398481906811 0.680110798666 0.050175864663 0.497595432611 0.187659844865
0.0436373536411 0.0427408810063 0.133123766572 0.0398481906811 0.680110798666 0.050175864663 0.497595432611 0.187659844865
0.0585178791868 0.0573155585414 0.121473993259 0.0398481906811 0.680110798666 0.050175864663 0.497595432611 0.187659844865
0.0436373536411 0.0427408810063 0.133123766572 0.0398481906811 0.680110798666 0.050175864663 0.497595432611 0.187659844865
0.0436373536411 0.0427408810063 0.133123766572 0.0398481906811 0.680110798666 0.050175864663 0.497595432611 0.187659844865
0.0436373536411 0.0427408810063 0.133123766572 0.0398481906811 0.680110798666 0.050175864663 0.497595432611 0.187659844865
0.0436373536411 0.0427408810063 0.133123766572 0.0398481906811 0.680110798666 0.050175864663 0.497595432611 0.187659844865
0.0436373536411 0.0427408810063 0.133123766572 0.0398481906811 0.680110798666 0.050175864663 0.497595432611 0.187659844865
0.0436373536411 0.0427408810063 0.133123766572 0.0398481906811 0.680110798666 0.050175864663 0.497595432611 0.187659844865
0.0436373536411 0.0427408810063 0.133123766572 0.0398481906811 0.680110798666 0.050175864663 0.497595432611 0.187659844865
0.0436373536411 0.0427408810063 0.133123766572 0.0398481906811 0.680110798666 0.050175864663 0.497595432611 0.187659844865
0.0436373536411 0.0427408810063 0.133123766572 0.0398481906811 0.680110798666 0.050175864663 0.497595432611 0.187659844865
0.0436373536411 0.0427408810063 0.133123766572 0.0398481906811 0.680110798666 0.050175864663 0.497595432611 0.187659844865
0.0436373536411 0.0427408810063 0.133123766572 0.0398481906811 0.680110798666 0.050175864663 0.497595432611 0.187659844865
0.0436373536411 0.0427408810063 0.133123766572 0.0398481906811 0.680110798666 0.050175864663 0.497595432611 0.187659844865
