0.78589487575 0.793103630307 0.996161461347 0.769005474524 0.881499835156 0.950696307192 0.845553926332 0.435409815126
0.431187257457 0.813370508001 0.727166448012 0.119188839401 0.497058425063 0.700698399359 0.280962725177 0.308974622808
0.101448867879 0.227750971715 0.510864788569 0.167687187953 0.650945012687 0.24438563035 0.237031017526 0.62093814714
0.271310142202 0.703566736212 0.966272501716 0.996227266704 0.313820545003 0.547411360971 0.921502212896 0.516894377465
0.51532763457 0.375226910949 0.274513152509 0.889572861723 0.157883273708 0.0665806663349 0.898835508316 0.345349829577
0.155502041004 0.90211396971 0.606782265323 0.863471189706 0.555563106019 0.870732702636 0.188277338057 0.939201668232
0.329452963267 0.655854138804 0.772477756498 0.128180327418 0.144472274586 0.879977925964 0.897099252314 0.687048285251
0.904940252818 0.0075572926227 0.773884301483 0.51921210998 0.707673768284 0.435569602592 0.770256779354 0.40441844646
0.441689919323 0.589022910848 0.574138935781 0.472145680565 0.612809982206 0.354115353987 0.161981216998 0.718497518633
0.695799861836 0.91049883117 0.638370523493 0.211260074746 0.416622249894 0.12033373764 0.866605807931 0.420415128085
0.845533179336 0.267588942239 0.479133327381 0.491440090958 0.234888092917 0.289467224705 0.243255156573 0.405093841779
0.411531454402 0.397760017483 0.0211335856897 0.653402629697 0.225195480715 0.493494795755 0.787514813501 0.499874072499
0.0324097313486 0.351430767376 0.749776430576 0.924084757774 0.44913116727 0.65034808192 0.676027766861 0.341085850989
0.411165111136 0.539442133438 0.529743378211 0.648500551047 0.24195614122 0.808606357013 0.53147293221 0.490270184379
0.807211513805 0.73840003874 0.282531280549 0.43032773005 0.620475947027 0.79670094921 0.891711482343 0.432705397086
0.868015157025 0.192803105457 0.0292317810685 0.946250212582 0.890251660005 0.567737923349 0.751613240396 0.13870348788
0.499031421621 0.0710091812256 0.435936862594 0.829569366506 0.00205194552936 0.462561837633 0.807748832024 0.368571715783
0.950082219802 0.169590162107 0.344895863663 0.444680122101 0.15121283228 0.0987040340685 0.503984530008 0.760893836556
0.995618280216 0.206118850118 0.889429507806 0.134770481239 0.292744437514 0.135646457258 0.359115912955 0.41374980799
0.433546576436 0.0582778385772 0.623048945808 0.0256747321543 0.256228845343 0.427956043721 0.570372851171 0.447891241147
0.189701612237 0.0579402656097 0.289343251299 0.790685228369 0.0730467532109 0.894778332565 0.711274072068 0.554417330293
0.250868346248 0.993497061191 0.0524123136739 0.469090207507 0.862793613228 0.597073732108 0.0758283310027 0.579887879853
0.528985572729 0.268598415492 0.729676401075 0.508647527136 0.82529742015 0.151898280567 0.860665572753 0.277149132286
0.0643947442635 0.591403915997 0.348138395911 0.130049108144 0.826614111042 0.409723323796 0.194217648314 0.604711542471
0.392603175774 0.891392515174 0.209047900013 0.544693664169 0.598751192974 0.957276925972 0.700899665 0.312291307535
0.901400133185 0.00195084714577 0.544244226827 0.166340168095 0.575207401522 0.53053836026 0.212384752816 0.277964375307
0.210950829142 0.833206810204 0.3314581159 0.947348203726 0.235323908587 0.7698918615 0.83817023398 0.550737589894
0.286973570508 0.106351642505 0.0592417424221 0.440513953345 0.952406377487 0.0167647081164 0.0829017395611 0.346871528062
0.779600554751 0.837919233941 0.142545901592 0.831007239678 0.531598544951 0.802539253841 0.976580409854 0.203784392239
0.376781559961 0.525272956435 0.809355912316 0.661586870499 0.0715436283692 0.557568827042 0.183998619856 0.355466288647
0.674789185236 0.447494553129 0.909675728941 0.0679174275213 0.499076631568 0.214597122575 0.674803586245 0.349043123099
0.889581710891 0.985972597782 0.842396386921 0.180784666802 0.0716460571898 0.100500381448 0.485431551777 0.801861911441
0.749639852277 0.239738704446 0.974596501451 0.480283914932 0.542813329315 0.0151938717604 0.0750073313275 0.316091368978
0.0753023664949 0.35410092136 0.314295258109 0.0511406743624 0.656415447961 0.729511998945 0.797922959866 0.383581710437
0.16510441093 0.507482307351 0.0250290375194 0.947471879786 0.0514428109122 0.81543054237 0.837548650274 0.34697436639
0.355204354312 0.318021792255 0.149547173348 0.746584434015 0.0746599321777 0.298427854801 0.177361286161 0.489553507502
0.0593189888163 0.0870673436402 0.00932356436058 0.978758194072 0.687615562152 0.554776148363 0.317374546791 0.705848388663
0.165474246393 0.723371125605 0.921025148115 0.48279430028 0.949322210946 0.550292163836 0.537248754607 0.413668046202
0.145190455025 0.951122978448 0.645186125247 0.129369412084 0.577245880836 0.559674029519 0.930305484261 0.496900172216
0.550313974655 0.516869655708 0.715092297677 0.772786455727 0.31184976686 0.926979115164 0.776820595982 0.37814259248
0.268385537625 0.717002116733 0.403342366485 0.845658680511 0.141183226065 0.0865045393082 0.458067002382 0.496672692429
0.167010705292 0.953981107163 0.360598028489 0.803449240505 0.0694784239137 0.900445182945 0.460681863744 0.709127814334
0.802552243247 0.245449335687 0.139771252525 0.374382023468 0.216923634101 0.0249892505772 0.0680771744476 0.344148762565
0.477216416939 0.675309583998 0.993219801144 0.316711660652 0.307193427889 0.89489703355 0.428106620478 0.465042921178
0.1165460147 0.422037833487 0.823226979345 0.317910609844 0.537351074198 0.460533937614 0.116945463497 0.288978006208
0.942233977244 0.567706583177 0.707182487288 0.997884450741 0.989323426235 0.11643450361 0.309893457948 0.33649094427
0.366881786229 0.709314697481 0.1909449849 0.483813975452 0.18714508771 0.39098531667 0.915419784229 0.456371815066
0.300509636368 0.608196234242 0.0639332193403 0.470009057423 0.702341879935 0.295475405509 0.235673886202 0.638356073188
1.00088827125 0.174434962163 0.031408306699 0.638115420339 0.404353715304 0.288929993951 0.749361150111 0.551360650342
0.59442352077 0.340791185239 0.979561225871 0.981900636395 0.568578638056 0.232993728825 0.79411471508 0.420987058015
0.78589487575 0.793103630307 0.996161461347 0.769005474524 0.881499835156 0.950696307192 0.845553926332 0.435409815126
0.78589487575 0.793103630307 0.996161461347 0.769005474524 0.881499835156 0.950696307192 0.845553926332 0.435409815126
0.78589487575 0.793103630307 0.996161461347 0.769005474524 0.881499835156 0.950696307192 0.845553926332 0.435409815126
0.78589487575 0.793103630307 0.996161461347 0.769005474524 0.881499835156 0.950696307192 0.845553926332 0.435409815126
0.78589487575 0.793103630307 0.996161461347 0.769005474524 0.881499835156 0.950696307192 0.845553926332 0.435409815126
0.78589487575 0.793103630307 0.996161461347 0.769005474524 0.881499835156 0.950696307192 0.845553926332 0.435409815126
0.78589487575 0.793103630307 0.996161461347 0.769005474524 0.881499835156 0.950696307192 0.845553926332 0.435409815126
0.78589487575 0.793103630307 0.996161461347 0.769005474524 0.881499835156 0.950696307192 0.845553926332 0.435409815126
0.78589487575 0.793103630307 0.996161461347 0.769005474524 0.881499835156 0.950696307192 0.845553926332 0.435409815126
0.78589487575 0.793103630307 0.996161461347 0.769005474524 0.881499835156 0.950696307192 0.845553926332 0.435409815126
0.78589487575 0.793103630307 0.996161461347 0.769005474524 0.881499835156 0.950696307192 0.845553926332 0.435409815126
0.78589487575 0.793103630307 0.996161461347 0.769005474524 0.881499835156 0.950696307192 0.845553926332 0.435409815126
0.78589487575 0.793103630307 0.996161461347 0.769005474524 0.881499835156 0.950696307192 0.845553926332 0.435409815126
0.78589487575 0.793103630307 0.996161461347 0.769005474524 0.881499835156 0.950696307192 0.845553926332 0.435409815126
0.78589487575 0.793103630307 0.996161461347 0.769005474524 0.881499835156 0.950696307192 0.845553926332 0.435409815126
0.78589487575 0.793103630307 0.996161461347 0.769005474524 0.881499835156 0.950696307192 0.845553926332 0.435409815126
0.78589487575 0.793103630307 0.996161461347 0.769005474524 0.881499835156 0.950696307192 0.845553926332 0.435409815126
0.78589487575 0.793103630307 0.996161461347 0.769005474524 0.881499835156 0.950696307192 0.845553926332 0.435409815126
0.78589487575 0.793103630307 0.996161461347 0.769005474524 0.881499835156 0.950696307192 0.845553926332 0.435409815126
0.78589487575 0.793103630307 0.996161461347 0.769005474524 0.881499835156 0.950696307192 0.845553926332 0.435409815126
0.78589487575 0.793103630307 0.996161461347 0.769005474524 0.881499835156 0.950696307192 0.845553926332 0.435409815126
0.78589487575 0.793103630307 0.996161461347 0.769005474524 0.881499835156 0.950696307192 0.845553926332 0.435409815126
0.78589487575 0.793103630307 0.996161461347 0.769005474524 0.881499835156 0.950696307192 0.845553926332 0.462987671287
0.78589487575 0.793103630307 0.996161461347 0.769005474524 0.881499835156 0.950696307192 0.845553926332 0.435409815126
0.78589487575 0.793103630307 0.996161461347 0.769005474524 0.881499835156 0.950696307192 0.845553926332 0.435409815126
0.78589487575 0.793103630307 0.996161461347 0.769005474524 0.881499835156 0.950696307192 0.845553926332 0.435409815126
0.78589487575 0.793103630307 0.996161461347 0.769005474524 0.881499835156 0.950696307192 0.845553926332 0.391312943114
0.78589487575 0.793103630307 0.996161461347 0.769005474524 0.881499835156 0.950696307192 0.845553926332 0.435409815126
0.78589487575 0.793103630307 0.996161461347 0.769005474524 0.881499835156 0.950696307192 0.845553926332 0.435409815126
0.78589487575 0.793103630307 0.996161461347 0.769005474524 0.881499835156 0.950696307192 0.845553926332 0.435409815126
0.78589487575 0.793103630307 0.996161461347 0.769005474524 0.881499835156 0.950696307192 0.845553926332 0.435409815126
0.78589487575 0.793103630307 0.996161461347 0.769005474524 0.881499835156 0.708674828659 0.845553926332 0.43542964394
0.78589487575 0.793103630307 0.996161461347 0.769005474524 0.881499835156 0.950696307192 0.845553926332 0.435409815126
0.78589487575 0.793103630307 0.996161461347 0.769005474524 0.881499835156 0.950696307192 0.845553926332 0.435409815126
0.78589487575 0.793103630307 0.996161461347 0.769005474524 0.881499835156 0.950696307192 0.845553926332 0.435409815126
0.78589487575 0.793103630307 0.996161461347 0.769005474524 0.881499835156 0.950696307192 0.845553926332 0.435409815126
0.78589487575 0.793103630307 0.996161461347 0.769005474524 0.881499835156 0.950696307192 0.845553926332 0.435409815126
0.78589487575 0.793103630307 0.996161461347 0.769005474524 0.881499835156 0.950696307192 0.845553926332 0.435409815126
0.78589487575 0.793103630307 0.996161461347 0.769005474524 0.881499835156 0.950696307192 0.845553926332 0.502942722191
0.78589487575 0.793103630307 0.996161461347 0.769005474524 0.881499835156 0.950696307192 0.845553926332 0.435409815126
0.78589487575 0.793103630307 0.996161461347 0.769005474524 0.881499835156 0.950696307192 0.845553926332 0.435409815126
0.78589487575 0.793103630307 0.996161461347 0.769005474524 0.881499835156 0.950696307192 0.845553926332 0.435409815126
0.78589487575 0.793103630307 0.996161461347 0.769005474524 0.881499835156 0.950696307192 0.845553926332 0.435409815126
0.78589487575 0.793103630307 0.996161461347 0.769005474524 0.881499835156 0.950696307192 0.845553926332 0.435409815126
0.78589487575 0.793103630307 0.996161461347 0.769005474524 0.881499835156 0.950696307192 0.845553926332 0.435409815126
0.78589487575 0.793103630307 0.996161461347 0.769005474524 0.881499835156 0.950696307192 0.845553926332 0.435409815126
0.849193824522 0.793103630307 0.996161461347 0.769005474524 0.881499835156 0.950696307192 0.845553926332 0.435399653951
0.78589487575 0.793103630307 0.996161461347 0.769005474524 0.881499835156 0.950696307192 0.845553926332 0.435409815126
0.78589487575 0.793103630307 0.996161461347 0.769005474524 0.881499835156 0.950696307192 0.845553926332 0.457802626605
0.78589487575 0.793103630307 0.996161461347 0.769005474524 0.881499835156 0.950696307192 0.845553926332 0.435409815126
0.78589487575 0.793103630307 0.996161461347 0.769005474524 0.881499835156 0.950696307192 0.845553926332 0.435409815126
0.78589487575 0.793103630307 0.996161461347 0.769005474524 0.881499835156 0.950696307192 0.845553926332 0.435409815126
0.78589487575 0.793103630307 0.996161461347 0.769005474524 0.881499835156 0.950696307192 0.845553926332 0.435409815126
0.78589487575 0.793103630307 0.996161461347 0.769005474524 0.881499835156 0.950696307192 0.845553926332 0.435409815126
0.78589487575 0.793103630307 0.996161461347 0.769005474524 0.881499835156 0.950696307192 0.845553926332 0.435409815126
0.78589487575 0.793103630307 0.996161461347 0.769005474524 0.881499835156 0.950696307192 0.845553926332 0.435409815126
0.78589487575 0.793103630307 0.996161461347 0.769005474524 0.881499835156 0.950696307192 0.845553926332 0.435409815126
0.78589487575 0.793103630307 0.996161461347 0.769005474524 0.881499835156 0.950696307192 0.845553926332 0.435409815126
0.78589487575 0.793103630307 0.996161461347 0.769005474524 0.881499835156 0.950696307192 0.845553926332 0.435409815126
0.78589487575 0.793103630307 0.996161461347 0.769005474524 0.881499835156 0.950696307192 0.845553926332 0.435409815126
0.78589487575 0.793103630307 0.996161461347 0.769005474524 0.881499835156 0.950696307192 0.845553926332 0.435409815126
0.78589487575 0.793103630307 0.996161461347 0.769005474524 0.881499835156 0.950696307192 0.845553926332 0.435409815126
0.78589487575 0.793103630307 0.996161461347 0.769005474524 0.881499835156 0.950696307192 0.845553926332 0.435409815126
0.78589487575 0.793103630307 0.996161461347 0.769005474524 0.881499835156 0.950696307192 0.845553926332 0.435409815126
0.78589487575 0.793103630307 0.996161461347 0.769005474524 0.881499835156 0.950696307192 0.845553926332 0.435409815126
0.78589487575 0.793103630307 0.996161461347 0.769005474524 0.881499835156 0.950696307192 0.845553926332 0.435409815126
0.78589487575 0.793103630307 0.996161461347 0.769005474524 0.881499835156 0.950696307192 0.845553926332 0.435409815126
0.78589487575 0.793103630307 0.996161461347 0.769005474524 0.881499835156 0.950696307192 0.845553926332 0.435409815126
0.78589487575 0.793103630307 0.996161461347 0.769005474524 0.881499835156 0.950696307192 0.845553926332 0.435409815126
0.78589487575 0.793103630307 0.996161461347 0.769005474524 0.881499835156 0.950696307192 0.845553926332 0.435409815126
0.78589487575 0.793103630307 0.996161461347 0.769005474524 0.881499835156 0.950696307192 0.845553926332 0.435409815126
0.78589487575 0.793103630307 0.996161461347 0.769005474524 0.881499835156 0.950696307192 0.845553926332 0.435409815126
0.78589487575 0.793103630307 0.996161461347 0.769005474524 0.881499835156 0.950696307192 0.845553926332 0.435409815126
0.78589487575 0.793103630307 0.996161461347 0.769005474524 0.881499835156 0.950696307192 0.845553926332 0.435409815126
0.78589487575 0.793103630307 0.996161461347 0.769005474524 0.881499835156 0.950696307192 0.845553926332 0.435409815126
0.78589487575 0.793103630307 0.996161461347 0.769005474524 0.881499835156 0.950696307192 0.845553926332 0.435409815126
0.78589487575 0.793103630307 0.996161461347 0.769005474524 0.881499835156 0.950696307192 0.845553926332 0.435409815126
0.78589487575 0.793103630307 0.996161461347 0.769005474524 0.881499835156 0.950696307192 0.845553926332 0.435409815126
0.78589487575 0.793103630307 0.996161461347 0.769005474524 0.881499835156 0.950696307192 0.845553926332 0.435409815126
0.78589487575 0.793103630307 0.996161461347 0.769005474524 0.881499835156 0.950696307192 0.845553926332 0.435409815126
0.78589487575 0.793103630307 0.996161461347 0.769005474524 0.881499835156 0.950696307192 0.845553926332 0.437280028417
0.78589487575 0.793103630307 0.996161461347 0.769005474524 0.881499835156 0.950696307192 0.845553926332 0.435409815126
0.78589487575 0.793103630307 0.996161461347 0.769005474524 0.881499835156 0.950696307192 0.845553926332 0.435409815126
0.78589487575 0.793103630307 0.996161461347 0.769005474524 0.881499835156 0.950696307192 0.845553926332 0.435409815126
0.78589487575 0.793103630307 0.996161461347 0.769005474524 0.881499835156 0.950696307192 0.845553926332 0.435409815126
0.78589487575 0.793103630307 0.996161461347 0.769005474524 0.881499835156 0.950696307192 0.845553926332 0.435409815126
0.78589487575 0.793103630307 0.996161461347 0.769005474524 0.881499835156 0.950696307192 0.845553926332 0.435409815126
0.78589487575 0.793103630307 0.996161461347 0.769005474524 0.881499835156 0.950696307192 0.845553926332 0.435409815126
0.78589487575 0.793103630307 0.996161461347 0.769005474524 0.881499835156 0.950696307192 0.845553926332 0.435409815126
0.78589487575 0.793103630307 0.996161461347 0.769005474524 0.881499835156 0.950696307192 0.845553926332 0.435409815126
0.78589487575 0.793103630307 0.996161461347 0.769005474524 0.881499835156 0.950696307192 0.845553926332 0.435409815126
0.78589487575 0.793103630307 0.996161461347 0.769005474524 0.881499835156 0.950696307192 0.845553926332 0.435409815126
0.78589487575 0.793103630307 0.996161461347 0.769005474524 0.881499835156 0.950696307192 0.845553926332 0.435409815126
0.78589487575 0.793103630307 0.996161461347 0.769005474524 0.881499835156 0.950696307192 0.845553926332 0.435409815126
0.78589487575 0.793103630307 0.996161461347 0.769005474524 0.881499835156 0.950696307192 0.845553926332 0.435409815126
0.78589487575 0.793103630307 0.996161461347 0.769005474524 0.881499835156 0.950696307192 0.845553926332 0.435409815126
0.78589487575 0.793103630307 0.996161461347 0.769005474524 0.881499835156 0.950696307192 0.845553926332 0.435409815126
0.78589487575 0.793103630307 0.996161461347 0.769005474524 0.881499835156 0.950696307192 0.845553926332 0.435409815126
0.78589487575 0.793103630307 0.996161461347 0.769005474524 0.881499835156 0.950696307192 0.845553926332 0.435409815126
0.78589487575 0.793103630307 0.996161461347 0.769005474524 0.881499835156 0.950696307192 0.845553926332 0.435409815126
0.78589487575 0.793103630307 0.996161461347 0.769005474524 0.881499835156 0.950696307192 0.845553926332 0.435409815126
0.78589487575 0.793103630307 0.996161461347 0.769005474524 0.881499835156 0.950696307192 0.845553926332 0.435409815126
0.78589487575 0.793103630307 0.996161461347 0.769005474524 0.881499835156 0.950696307192 0.845553926332 0.435409815126
0.78589487575 0.793103630307 0.996161461347 0.769005474524 0.881499835156 0.950696307192 0.845553926332 0.435409815126
0.78589487575 0.793103630307 0.996161461347 0.769005474524 0.881499835156 0.950696307192 0.845553926332 0.435409815126
0.78589487575 0.793103630307 0.996161461347 0.769005474524 0.881499835156 0.950696307192 0.845553926332 0.435409815126
0.78589487575 0.793103630307 0.996161461347 0.769005474524 0.881499835156 0.950696307192 0.845553926332 0.435409815126
0.78589487575 0.793103630307 0.996161461347 0.769005474524 0.881499835156 0.950696307192 0.845553926332 0.435409815126
0.78589487575 0.793103630307 0.996161461347 0.769005474524 0.881499835156 0.950696307192 0.845553926332 0.435409815126
0.78589487575 0.793103630307 0.996161461347 0.769005474524 0.881499835156 0.950696307192 0.845553926332 0.435409815126
0.78589487575 0.793103630307 0.996161461347 0.769005474524 0.881499835156 0.950696307192 0.845553926332 0.435409815126
0.78589487575 0.793103630307 0.996161461347 0.769005474524 0.881499835156 0.950696307192 0.845553926332 0.435409815126
0.78589487575 0.793103630307 0.996161461347 0.769005474524 0.881499835156 0.950696307192 0.845553926332 0.398600258885
0.78589487575 0.793103630307 0.996161461347 0.769005474524 0.881499835156 0.950696307192 0.845553926332 0.435409815126
0.78589487575 0.793103630307 0.996161461347 0.769005474524 0.881499835156 0.950696307192 0.845553926332 0.435409815126
0.78589487575 0.793103630307 0.996161461347 0.769005474524 0.881499835156 0.950696307192 0.845553926332 0.435409815126
0.78589487575 0.793103630307 0.996161461347 0.769005474524 0.881499835156 0.950696307192 0.845553926332 0.435409815126
0.78589487575 0.793103630307 0.996161461347 0.769005474524 0.881499835156 0.950696307192 0.845553926332 0.435409815126
0.78589487575 0.793103630307 0.996161461347 0.769005474524 0.881499835156 0.950696307192 0.845553926332 0.435409815126
0.78589487575 0.793103630307 0.996161461347 0.769005474524 0.881499835156 0.950696307192 0.845553926332 0.435409815126
0.78589487575 0.793103630307 0.996161461347 0.769005474524 0.881499835156 0.950696307192 0.845553926332 0.435409815126
0.78589487575 0.793103630307 0.996161461347 0.769005474524 0.881499835156 0.950696307192 0.845553926332 0.435409815126
0.78589487575 0.793103630307 0.996161461347 0.769005474524 0.881499835156 0.950696307192 0.845553926332 0.435409815126
0.78589487575 0.793103630307 0.996161461347 0.769005474524 0.881499835156 0.950696307192 0.845553926332 0.430813360618
0.78589487575 0.793103630307 0.996161461347 0.769005474524 0.881499835156 0.950696307192 0.845553926332 0.435409815126
0.78589487575 0.793103630307 0.996161461347 0.769005474524 0.881499835156 0.950696307192 0.845553926332 0.435409815126
0.78589487575 0.793103630307 0.996161461347 0.769005474524 0.881499835156 0.950696307192 0.845553926332 0.435409815126
0.78589487575 0.793103630307 0.996161461347 0.769005474524 0.881499835156 0.950696307192 0.845553926332 0.435409815126
0.78589487575 0.793103630307 0.996161461347 0.769005474524 0.881499835156 0.950696307192 0.845553926332 0.435409815126
0.78589487575 0.793103630307 0.996161461347 0.769005474524 0.881499835156 0.950696307192 0.845553926332 0.435409815126
0.78589487575 0.793103630307 0.996161461347 0.769005474524 0.881499835156 0.950696307192 0.845553926332 0.435409815126
0.78589487575 0.793103630307 0.996161461347 0.769005474524 0.881499835156 0.950696307192 0.845553926332 0.435409815126
0.78589487575 0.793103630307 0.996161461347 0.769005474524 0.881499835156 0.950696307192 0.845553926332 0.435409815126
0.78589487575 0.793103630307 0.996161461347 0.769005474524 0.881499835156 0.950696307192 0.845553926332 0.435409815126
0.78589487575 0.793103630307 0.996161461347 0.769005474524 0.881499835156 0.950696307192 0.845553926332 0.435409815126
0.78589487575 0.793103630307 0.996161461347 0.769005474524 0.881499835156 0.950696307192 0.845553926332 0.435409815126
0.78589487575 0.793103630307 0.996161461347 0.769005474524 0.881499835156 0.950696307192 0.845553926332 0.435409815126
0.78589487575 0.793103630307 0.996161461347 0.769005474524 0.881499835156 0.950696307192 0.845553926332 0.435409815126
0.78589487575 0.793103630307 0.996161461347 0.769005474524 0.881499835156 0.950696307192 0.845553926332 0.435409815126
0.78589487575 0.793103630307 0.996161461347 0.769005474524 0.881499835156 0.950696307192 0.845553926332 0.435409815126
0.78589487575 0.793103630307 0.996161461347 0.769005474524 0.881499835156 0.950696307192 0.845553926332 0.435409815126
0.78589487575 0.793103630307 0.996161461347 0.769005474524 0.881499835156 0.950696307192 0.845553926332 0.435409815126
0.78589487575 0.793103630307 0.996161461347 0.769005474524 0.881499835156 0.950696307192 0.845553926332 0.435409815126
0.78589487575 0.793103630307 0.996161461347 0.769005474524 0.881499835156 0.950696307192 0.845553926332 0.435409815126
0.78589487575 0.793103630307 0.996161461347 0.769005474524 0.881499835156 0.950696307192 0.845553926332 0.435409815126
0.78589487575 0.793103630307 0.996161461347 0.769005474524 0.881499835156 0.950696307192 0.845553926332 0.435409815126
0.78589487575 0.793103630307 0.996161461347 0.769005474524 0.881499835156 0.950696307192 0.845553926332 0.435409815126
0.78589487575 0.793103630307 0.996161461347 0.769005474524 0.881499835156 0.950696307192 0.845553926332 0.435409815126
0.78589487575 0.793103630307 0.996161461347 0.769005474524 0.881499835156 0.950696307192 0.845553926332 0.435409815126
0.78589487575 0.793103630307 0.996161461347 0.769005474524 0.881499835156 0.950696307192 0.845553926332 0.435409815126
0.78589487575 0.793103630307 0.996161461347 0.769005474524 0.881499835156 0.950696307192 0.845553926332 0.435409815126
0.78589487575 0.793103630307 0.996161461347 0.769005474524 0.881499835156 0.950696307192 0.845553926332 0.435409815126
0.78589487575 0.793103630307 0.996161461347 0.769005474524 0.881499835156 0.950696307192 0.845553926332 0.435409815126
0.78589487575 0.793103630307 0.996161461347 0.769005474524 0.881499835156 0.950696307192 0.845553926332 0.360610842421
0.78589487575 0.793103630307 0.996161461347 0.769005474524 0.881499835156 0.950696307192 0.845553926332 0.447129879424
0.78589487575 0.793103630307 0.996161461347 0.769005474524 0.881499835156 0.950696307192 0.845553926332 0.435409815126
0.78589487575 0.793103630307 0.996161461347 0.769005474524 0.881499835156 0.950696307192 0.845553926332 0.435409815126
0.78589487575 0.793103630307 0.996161461347 0.769005474524 0.881499835156 0.950696307192 0.845553926332 0.435409815126
0.78589487575 0.793103630307 0.996161461347 0.769005474524 0.881499835156 0.950696307192 0.845553926332 0.423607027995
0.78589487575 0.793103630307 0.996161461347 0.769005474524 0.881499835156 0.950696307192 0.845553926332 0.435409815126
0.78589487575 0.793103630307 0.996161461347 0.769005474524 0.881499835156 0.950696307192 0.845553926332 0.435409815126
0.78589487575 0.793103630307 0.996161461347 0.769005474524 0.881499835156 0.950696307192 0.845553926332 0.435409815126
0.78589487575 0.793103630307 0.996161461347 0.769005474524 0.881499835156 0.950696307192 0.845553926332 0.435409815126
0.78589487575 0.793103630307 0.996161461347 0.769005474524 0.881499835156 0.950696307192 0.845553926332 0.435409815126
0.78589487575 0.793103630307 0.996161461347 0.769005474524 0.881499835156 0.950696307192 0.845553926332 0.435409815126
0.78589487575 0.793103630307 0.996161461347 0.769005474524 0.881499835156 0.950696307192 0.845553926332 0.435409815126
0.78589487575 0.793103630307 0.996161461347 0.769005474524 0.881499835156 0.950696307192 0.845553926332 0.435409815126
0.78589487575 0.793103630307 0.996161461347 0.769005474524 0.881499835156 0.950696307192 0.845553926332 0.435409815126
0.78589487575 0.793103630307 0.996161461347 0.769005474524 0.881499835156 0.950696307192 0.845553926332 0.435409815126
0.78589487575 0.793103630307 0.996161461347 0.769005474524 0.881499835156 0.950696307192 0.845553926332 0.435409815126
0.78589487575 0.793103630307 0.996161461347 0.769005474524 0.881499835156 0.950696307192 0.845553926332 0.435409815126
0.78589487575 0.793103630307 0.996161461347 0.769005474524 0.881499835156 0.950696307192 0.845553926332 0.435409815126
0.78589487575 0.793103630307 0.996161461347 0.769005474524 0.881499835156 0.950696307192 0.845553926332 0.435409815126
0.78589487575 0.793103630307 0.996161461347 0.769005474524 0.881499835156 0.950696307192 0.845553926332 0.435409815126
0.78589487575 0.793103630307 0.996161461347 0.769005474524 0.881499835156 0.950696307192 0.845553926332 0.435409815126
0.78589487575 0.793103630307 0.996161461347 0.769005474524 0.881499835156 0.950696307192 0.845553926332 0.435409815126
0.78589487575 0.793103630307 0.996161461347 0.769005474524 0.881499835156 0.950696307192 0.845553926332 0.435409815126
0.78589487575 0.793103630307 0.996161461347 0.769005474524 0.881499835156 0.950696307192 0.845553926332 0.435409815126
0.78589487575 0.793103630307 0.996161461347 0.769005474524 0.881499835156 0.950696307192 0.845553926332 0.435409815126
0.78589487575 0.793103630307 0.996161461347 0.769005474524 0.881499835156 0.950696307192 0.845553926332 0.435409815126
0.78589487575 0.793103630307 0.996161461347 0.769005474524 0.881499835156 0.950696307192 0.845553926332 0.435409815126
0.78589487575 0.793103630307 0.996161461347 0.769005474524 0.881499835156 0.950696307192 0.845553926332 0.435409815126
0.78589487575 0.793103630307 0.996161461347 0.769005474524 0.881499835156 0.950696307192 0.845553926332 0.435409815126
0.78589487575 0.793103630307 0.996161461347 0.769005474524 0.881499835156 0.950696307192 0.845553926332 0.435409815126
0.78589487575 0.793103630307 0.996161461347 0.769005474524 0.881499835156 0.950696307192 0.845553926332 0.435409815126
0.78589487575 0.793103630307 0.996161461347 0.769005474524 0.881499835156 0.950696307192 0.845553926332 0.435409815126
0.78589487575 0.793103630307 0.996161461347 0.769005474524 0.881499835156 0.950696307192 0.845553926332 0.435409815126
0.78589487575 0.793103630307 0.996161461347 0.769005474524 0.881499835156 0.950696307192 0.845553926332 0.435409815126
0.78589487575 0.793103630307 0.996161461347 0.769005474524 0.881499835156 0.950696307192 0.845553926332 0.435409815126
0.78589487575 0.793103630307 0.996161461347 0.769005474524 0.881499835156 0.950696307192 0.845553926332 0.435409815126
0.78589487575 0.793103630307 0.996161461347 0.769005474524 0.881499835156 0.950696307192 0.845553926332 0.435409815126
0.78589487575 0.793103630307 0.996161461347 0.769005474524 0.881499835156 0.950696307192 0.845553926332 0.435409815126
0.78589487575 0.793103630307 0.996161461347 0.769005474524 0.881499835156 0.950696307192 0.845553926332 0.435409815126
0.78589487575 0.793103630307 0.996161461347 0.769005474524 0.881499835156 0.950696307192 0.845553926332 0.435409815126
0.78589487575 0.793103630307 0.996161461347 0.769005474524 0.881499835156 0.950696307192 0.845553926332 0.435409815126
0.78589487575 0.793103630307 0.996161461347 0.769005474524 0.881499835156 0.950696307192 0.845553926332 0.435409815126
0.78589487575 0.793103630307 0.996161461347 0.769005474524 0.881499835156 0.950696307192 0.845553926332 0.435409815126
0.78589487575 0.793103630307 0.996161461347 0.769005474524 0.881499835156 0.950696307192 0.845553926332 0.435409815126
0.78589487575 0.793103630307 0.996161461347 0.769005474524 0.881499835156 0.950696307192 0.845553926332 0.435409815126
0.78589487575 0.793103630307 0.996161461347 0.769005474524 0.881499835156 0.950696307192 0.845553926332 0.435409815126
0.78589487575 0.793103630307 0.996161461347 0.769005474524 0.881499835156 0.950696307192 0.845553926332 0.435409815126
0.78589487575 0.793103630307 0.996161461347 0.769005474524 0.881499835156 0.950696307192 0.845553926332 0.435409815126
0.78589487575 0.793103630307 0.996161461347 0.769005474524 0.881499835156 0.950696307192 0.845553926332 0.435409815126
0.78589487575 0.793103630307 0.996161461347 0.769005474524 0.881499835156 0.950696307192 0.845553926332 0.435409815126
0.78589487575 0.793103630307 0.996161461347 0.769005474524 0.881499835156 0.950696307192 0.845553926332 0.435409815126
0.78589487575 0.793103630307 0.996161461347 0.769005474524 0.881499835156 0.950696307192 0.845553926332 0.435409815126
0.78589487575 0.793103630307 0.996161461347 0.769005474524 0.881499835156 0.950696307192 0.845553926332 0.435409815126
0.78589487575 0.793103630307 0.996161461347 0.769005474524 0.881499835156 0.950696307192 0.845553926332 0.435409815126
0.78589487575 0.793103630307 0.996161461347 0.769005474524 0.881499835156 0.950696307192 0.845553926332 0.435409815126
0.78589487575 0.793103630307 0.996161461347 0.769005474524 0.881499835156 0.950696307192 0.845553926332 0.388462224356
0.78589487575 0.793103630307 0.996161461347 0.769005474524 0.881499835156 0.950696307192 0.845553926332 0.435409815126
0.78589487575 0.793103630307 0.996161461347 0.769005474524 0.881499835156 0.950696307192 0.845553926332 0.435409815126
0.78589487575 0.793103630307 0.996161461347 0.769005474524 0.881499835156 0.950696307192 0.845553926332 0.435409815126
0.78589487575 0.793103630307 0.996161461347 0.769005474524 0.881499835156 0.950696307192 0.845553926332 0.435409815126
0.78589487575 0.793103630307 0.996161461347 0.769005474524 0.881499835156 0.950696307192 0.845553926332 0.435409815126
0.78589487575 0.793103630307 0.996161461347 0.769005474524 0.881499835156 0.950696307192 0.845553926332 0.435409815126
0.78589487575 0.793103630307 0.996161461347 0.769005474524 0.881499835156 0.950696307192 0.845553926332 0.435409815126
0.78589487575 0.793103630307 0.996161461347 0.769005474524 0.881499835156 0.950696307192 0.845553926332 0.435409815126
0.78589487575 0.793103630307 0.996161461347 0.769005474524 0.881499835156 0.950696307192 0.845553926332 0.435409815126
0.78589487575 0.793103630307 0.996161461347 0.769005474524 0.881499835156 0.950696307192 0.845553926332 0.435409815126
0.78589487575 0.793103630307 0.996161461347 0.769005474524 0.881499835156 0.950696307192 0.845553926332 0.435409815126
0.78589487575 0.793103630307 0.996161461347 0.769005474524 0.881499835156 0.950696307192 0.845553926332 0.435409815126
0.78589487575 0.793103630307 0.996161461347 0.769005474524 0.881499835156 0.950696307192 0.845553926332 0.435409815126
0.78589487575 0.793103630307 0.996161461347 0.769005474524 0.881499835156 0.950696307192 0.845553926332 0.435409815126
0.78589487575 0.793103630307 0.996161461347 0.769005474524 0.881499835156 0.950696307192 0.845553926332 0.435409815126
0.78589487575 0.793103630307 0.996161461347 0.769005474524 0.881499835156 0.950696307192 0.845553926332 0.435409815126
0.78589487575 0.793103630307 0.996161461347 0.769005474524 0.881499835156 0.950696307192 0.845553926332 0.435409815126
0.78589487575 0.793103630307 0.996161461347 0.769005474524 0.881499835156 0.950696307192 0.845553926332 0.435409815126
0.78589487575 0.793103630307 0.996161461347 0.769005474524 0.881499835156 0.950696307192 0.845553926332 0.435409815126
0.78589487575 0.793103630307 0.996161461347 0.769005474524 0.881499835156 0.950696307192 0.845553926332 0.435409815126
0.78589487575 0.793103630307 0.996161461347 0.769005474524 0.881499835156 0.950696307192 0.845553926332 0.435409815126
0.78589487575 0.793103630307 0.996161461347 0.769005474524 0.881499835156 0.950696307192 0.845553926332 0.435409815126
0.78589487575 0.793103630307 0.996161461347 0.769005474524 0.881499835156 0.950696307192 0.845553926332 0.482402558586
0.78589487575 0.793103630307 0.996161461347 0.769005474524 0.881499835156 0.950696307192 0.845553926332 0.435409815126
0.78589487575 0.793103630307 0.996161461347 0.769005474524 0.881499835156 0.950696307192 0.845553926332 0.435409815126
0.78589487575 0.793103630307 0.996161461347 0.769005474524 0.881499835156 0.950696307192 0.845553926332 0.404942398892
0.78589487575 0.793103630307 0.996161461347 0.769005474524 0.881499835156 0.950696307192 0.845553926332 0.435409815126
0.78589487575 0.793103630307 0.996161461347 0.769005474524 0.881499835156 0.950696307192 0.845553926332 0.435409815126
0.78589487575 0.793103630307 0.996161461347 0.769005474524 0.881499835156 0.950696307192 0.845553926332 0.435409815126
0.78589487575 0.793103630307 0.996161461347 0.769005474524 0.881499835156 0.950696307192 0.845553926332 0.435409815126
0.78589487575 0.793103630307 0.996161461347 0.769005474524 0.881499835156 0.950696307192 0.845553926332 0.435409815126
0.78589487575 0.793103630307 0.996161461347 0.769005474524 0.881499835156 0.950696307192 0.845553926332 0.435409815126
0.78589487575 0.793103630307 0.996161461347 0.769005474524 0.881499835156 0.950696307192 0.845553926332 0.435409815126
0.78589487575 0.793103630307 0.996161461347 0.769005474524 0.881499835156 0.950696307192 0.845553926332 0.435409815126
0.78589487575 0.793103630307 0.996161461347 0.769005474524 0.881499835156 0.950696307192 0.845553926332 0.435409815126
0.78589487575 0.793103630307 0.996161461347 0.769005474524 0.881499835156 0.950696307192 0.845553926332 0.435409815126
0.78589487575 0.793103630307 0.996161461347 0.769005474524 0.881499835156 0.950696307192 0.845553926332 0.435409815126
0.78589487575 0.793103630307 0.996161461347 0.769005474524 0.881499835156 0.950696307192 0.845553926332 0.435409815126
0.78589487575 0.793103630307 0.996161461347 0.769005474524 0.881499835156 0.950696307192 0.845553926332 0.435409815126
0.78589487575 0.793103630307 0.996161461347 0.769005474524 0.881499835156 0.950696307192 0.845553926332 0.435409815126
0.78589487575 0.793103630307 0.996161461347 0.769005474524 0.881499835156 0.950696307192 0.845553926332 0.435409815126
0.78589487575 0.793103630307 0.996161461347 0.769005474524 0.881499835156 0.950696307192 0.845553926332 0.436003106323
0.78589487575 0.793103630307 0.996161461347 0.769005474524 0.881499835156 0.950696307192 0.845553926332 0.435409815126
0.78589487575 0.793103630307 0.996161461347 0.769005474524 0.881499835156 0.950696307192 0.845553926332 0.435409815126
0.78589487575 0.793103630307 0.996161461347 0.769005474524 0.881499835156 0.950696307192 0.845553926332 0.435409815126
0.78589487575 0.793103630307 0.996161461347 0.769005474524 0.881499835156 0.950696307192 0.845553926332 0.435409815126
0.78589487575 0.793103630307 0.996161461347 0.769005474524 0.881499835156 0.950696307192 0.845553926332 0.435409815126
0.78589487575 0.793103630307 0.996161461347 0.769005474524 0.881499835156 0.950696307192 0.845553926332 0.435409815126
0.78589487575 0.793103630307 0.996161461347 0.769005474524 0.881499835156 0.950696307192 0.845553926332 0.435409815126
0.78589487575 0.793103630307 0.996161461347 0.769005474524 0.881499835156 0.950696307192 0.845553926332 0.435409815126
0.78589487575 0.793103630307 0.996161461347 0.769005474524 0.881499835156 0.950696307192 0.845553926332 0.435409815126
0.78589487575 0.793103630307 0.996161461347 0.769005474524 0.881499835156 0.950696307192 0.845553926332 0.435409815126
0.78589487575 0.793103630307 0.996161461347 0.769005474524 0.881499835156 0.950696307192 0.845553926332 0.435409815126
0.78589487575 0.793103630307 0.996161461347 0.769005474524 0.881499835156 0.950696307192 0.845553926332 0.435409815126
0.78589487575 0.793103630307 0.996161461347 0.769005474524 0.881499835156 0.950696307192 0.845553926332 0.435409815126
0.78589487575 0.793103630307 0.996161461347 0.769005474524 0.881499835156 0.950696307192 0.845553926332 0.435409815126
0.78589487575 0.793103630307 0.996161461347 0.769005474524 0.881499835156 0.950696307192 0.845553926332 0.435409815126
0.78589487575 0.793103630307 0.996161461347 0.769005474524 0.881499835156 0.950696307192 0.845553926332 0.435409815126
0.78589487575 0.793103630307 0.996161461347 0.769005474524 0.881499835156 0.950696307192 0.845553926332 0.507874182132
0.78589487575 0.793103630307 0.996161461347 0.769005474524 0.881499835156 0.950696307192 0.845553926332 0.435409815126
0.78589487575 0.793103630307 0.996161461347 0.769005474524 0.881499835156 0.950696307192 0.845553926332 0.435409815126
0.78589487575 0.793103630307 0.996161461347 0.769005474524 0.881499835156 0.950696307192 0.821462769713 0.435412141766
0.78589487575 0.793103630307 0.996161461347 0.769005474524 0.881499835156 0.950696307192 0.845553926332 0.435409815126
0.78589487575 0.793103630307 0.996161461347 0.769005474524 0.881499835156 0.950696307192 0.845553926332 0.416874326404
0.78589487575 0.793103630307 0.996161461347 0.769005474524 0.881499835156 0.950696307192 0.845553926332 0.435409815126
0.78589487575 0.793103630307 0.996161461347 0.769005474524 0.881499835156 0.950696307192 0.845553926332 0.435409815126
0.78589487575 0.793103630307 0.996161461347 0.769005474524 0.881499835156 0.950696307192 0.845553926332 0.435409815126
0.78589487575 0.793103630307 0.996161461347 0.769005474524 0.881499835156 0.950696307192 0.845553926332 0.435409815126
0.78589487575 0.793103630307 0.996161461347 0.769005474524 0.881499835156 0.950696307192 0.845553926332 0.435409815126
0.78589487575 0.793103630307 0.996161461347 0.769005474524 0.881499835156 0.950696307192 0.845553926332 0.435409815126
0.78589487575 0.793103630307 0.996161461347 0.769005474524 0.881499835156 0.950696307192 0.845553926332 0.435409815126
0.78589487575 0.793103630307 0.996161461347 0.769005474524 0.881499835156 0.950696307192 0.845553926332 0.435409815126
0.78589487575 0.793103630307 0.996161461347 0.769005474524 0.881499835156 0.950696307192 0.845553926332 0.435409815126
0.78589487575 0.793103630307 0.996161461347 0.769005474524 0.881499835156 0.950696307192 0.845553926332 0.435409815126
0.78589487575 0.793103630307 0.996161461347 0.769005474524 0.881499835156 0.950696307192 0.845553926332 0.435409815126
0.78589487575 0.793103630307 0.996161461347 0.769005474524 0.881499835156 0.950696307192 0.845553926332 0.435409815126
0.78589487575 0.793103630307 0.996161461347 0.769005474524 0.881499835156 0.950696307192 0.845553926332 0.435409815126
0.78589487575 0.793103630307 0.996161461347 0.769005474524 0.881499835156 0.950696307192 0.845553926332 0.435409815126
0.78589487575 0.793103630307 0.996161461347 0.769005474524 0.881499835156 0.950696307192 0.845553926332 0.435409815126
0.78589487575 0.793103630307 0.996161461347 0.769005474524 0.881499835156 0.950696307192 0.845553926332 0.435409815126
0.78589487575 0.793103630307 0.996161461347 0.769005474524 0.881499835156 0.950696307192 0.845553926332 0.435409815126
0.78589487575 0.793103630307 0.996161461347 0.769005474524 0.881499835156 0.950696307192 0.845553926332 0.435409815126
0.78589487575 0.793103630307 0.996161461347 0.769005474524 0.881499835156 0.950696307192 0.845553926332 0.435409815126
0.78589487575 0.793103630307 0.996161461347 0.769005474524 0.881499835156 0.950696307192 0.845553926332 0.435409815126
0.78589487575 0.793103630307 0.996161461347 0.769005474524 0.881499835156 0.950696307192 0.845553926332 0.435409815126
0.78589487575 0.793103630307 0.996161461347 0.769005474524 0.881499835156 0.950696307192 0.845553926332 0.435409815126
0.78589487575 0.793103630307 0.996161461347 0.769005474524 0.881499835156 0.950696307192 0.845553926332 0.435409815126
0.78589487575 0.793103630307 0.996161461347 0.769005474524 0.881499835156 0.950696307192 0.845553926332 0.435409815126
0.78589487575 0.793103630307 0.996161461347 0.769005474524 0.881499835156 0.950696307192 0.845553926332 0.365143255366
0.78589487575 0.793103630307 0.996161461347 0.769005474524 0.881499835156 0.950696307192 0.845553926332 0.435409815126
0.78589487575 0.793103630307 0.996161461347 0.769005474524 0.881499835156 0.950696307192 0.845553926332 0.435409815126
0.78589487575 0.793103630307 0.996161461347 0.769005474524 0.881499835156 0.950696307192 0.845553926332 0.435409815126
0.78589487575 0.793103630307 0.996161461347 0.769005474524 0.881499835156 0.950696307192 0.845553926332 0.435409815126
0.78589487575 0.793103630307 0.996161461347 0.769005474524 0.881499835156 0.950696307192 0.845553926332 0.435409815126
0.78589487575 0.793103630307 0.996161461347 0.769005474524 0.881499835156 0.950696307192 0.845553926332 0.435409815126
0.78589487575 0.793103630307 0.996161461347 0.769005474524 0.881499835156 0.950696307192 0.845553926332 0.435409815126
0.78589487575 0.793103630307 0.996161461347 0.769005474524 0.881499835156 0.950696307192 0.845553926332 0.435409815126
0.78589487575 0.793103630307 0.996161461347 0.769005474524 0.881499835156 0.950696307192 0.845553926332 0.452646833062
0.78589487575 0.793103630307 0.996161461347 0.769005474524 0.881499835156 0.950696307192 0.845553926332 0.435409815126
0.78589487575 0.793103630307 0.996161461347 0.769005474524 0.881499835156 0.950696307192 0.845553926332 0.435409815126
0.78589487575 0.793103630307 0.996161461347 0.769005474524 0.881499835156 0.950696307192 0.845553926332 0.435409815126
0.78589487575 0.793103630307 0.996161461347 0.769005474524 0.881499835156 0.950696307192 0.845553926332 0.435409815126
0.78589487575 0.793103630307 0.996161461347 0.769005474524 0.881499835156 0.950696307192 0.845553926332 0.435409815126
0.78589487575 0.793103630307 0.996161461347 0.769005474524 0.881499835156 0.950696307192 0.845553926332 0.435409815126
0.78589487575 0.793103630307 0.996161461347 0.769005474524 0.881499835156 0.950696307192 0.845553926332 0.435409815126
0.78589487575 0.793103630307 0.996161461347 0.769005474524 0.881499835156 0.950696307192 0.845553926332 0.435409815126
0.78589487575 0.793103630307 0.996161461347 0.769005474524 0.881499835156 0.950696307192 0.845553926332 0.435409815126
0.78589487575 0.793103630307 0.996161461347 0.769005474524 0.881499835156 0.950696307192 0.845553926332 0.435409815126
0.78589487575 0.793103630307 0.996161461347 0.769005474524 0.881499835156 0.950696307192 0.845553926332 0.435409815126
0.78589487575 0.793103630307 0.996161461347 0.769005474524 0.881499835156 0.950696307192 0.845553926332 0.435409815126
0.78589487575 0.793103630307 0.996161461347 0.769005474524 0.881499835156 0.950696307192 0.845553926332 0.435409815126
0.78589487575 0.793103630307 0.996161461347 0.769005474524 0.881499835156 0.950696307192 0.845553926332 0.435409815126
0.78589487575 0.793103630307 0.996161461347 0.769005474524 0.881499835156 0.950696307192 0.845553926332 0.435409815126
0.78589487575 0.793103630307 0.996161461347 0.769005474524 0.881499835156 0.950696307192 0.845553926332 0.435409815126
0.78589487575 0.793103630307 0.996161461347 0.769005474524 0.881499835156 0.950696307192 0.845553926332 0.435409815126
0.78589487575 0.793103630307 0.996161461347 0.769005474524 0.881499835156 0.950696307192 0.845553926332 0.435409815126
0.78589487575 0.793103630307 0.996161461347 0.769005474524 0.881499835156 0.950696307192 0.845553926332 0.435409815126
0.78589487575 0.793103630307 0.996161461347 0.769005474524 0.881499835156 0.950696307192 0.845553926332 0.435409815126
0.78589487575 0.793103630307 0.996161461347 0.769005474524 0.881499835156 0.950696307192 0.845553926332 0.435409815126
0.78589487575 0.793103630307 0.996161461347 0.769005474524 0.881499835156 0.950696307192 0.845553926332 0.435409815126
0.78589487575 0.793103630307 0.996161461347 0.769005474524 0.881499835156 0.950696307192 0.845553926332 0.435409815126
0.78589487575 0.793103630307 0.996161461347 0.769005474524 0.881499835156 0.950696307192 0.845553926332 0.435409815126
0.78589487575 0.793103630307 0.996161461347 0.769005474524 0.881499835156 0.950696307192 0.845553926332 0.435409815126
0.78589487575 0.793103630307 0.996161461347 0.769005474524 0.881499835156 0.950696307192 0.845553926332 0.435409815126
0.78589487575 0.793103630307 0.996161461347 0.769005474524 0.881499835156 0.950696307192 0.845553926332 0.435409815126
0.78589487575 0.793103630307 0.996161461347 0.769005474524 0.881499835156 0.950696307192 0.845553926332 0.435409815126
0.78589487575 0.793103630307 0.996161461347 0.769005474524 0.881499835156 0.950696307192 0.845553926332 0.435409815126
0.78589487575 0.793103630307 0.996161461347 0.769005474524 0.881499835156 0.950696307192 0.845553926332 0.435409815126
0.78589487575 0.793103630307 0.996161461347 0.769005474524 0.881499835156 0.950696307192 0.845553926332 0.435409815126
0.78589487575 0.793103630307 0.996161461347 0.769005474524 0.881499835156 0.950696307192 0.845553926332 0.435409815126
0.78589487575 0.793103630307 0.996161461347 0.769005474524 0.881499835156 0.950696307192 0.845553926332 0.435409815126
0.78589487575 0.793103630307 0.996161461347 0.769005474524 0.881499835156 0.950696307192 0.845553926332 0.435409815126
0.78589487575 0.793103630307 0.996161461347 0.769005474524 0.881499835156 0.950696307192 0.845553926332 0.435409815126
0.78589487575 0.793103630307 0.996161461347 0.769005474524 0.881499835156 0.950696307192 0.845553926332 0.435409815126
0.78589487575 0.793103630307 0.996161461347 0.769005474524 0.881499835156 0.950696307192 0.845553926332 0.435409815126
0.78589487575 0.793103630307 0.996161461347 0.769005474524 0.881499835156 0.950696307192 0.845553926332 0.435409815126
0.78589487575 0.793103630307 0.996161461347 0.769005474524 0.881499835156 0.950696307192 0.845553926332 0.435409815126
0.78589487575 0.793103630307 0.996161461347 0.769005474524 0.881499835156 0.950696307192 0.845553926332 0.435409815126
0.78589487575 0.793103630307 0.996161461347 0.769005474524 0.881499835156 0.950696307192 0.845553926332 0.435409815126
0.78589487575 0.793103630307 0.996161461347 0.769005474524 0.881499835156 0.950696307192 0.845553926332 0.435409815126
0.78589487575 0.793103630307 0.996161461347 0.769005474524 0.881499835156 0.950696307192 0.845553926332 0.435409815126
0.78589487575 0.793103630307 0.996161461347 0.769005474524 0.881499835156 0.950696307192 0.845553926332 0.435409815126
0.78589487575 0.793103630307 0.996161461347 0.769005474524 0.881499835156 0.950696307192 0.845553926332 0.435409815126
0.78589487575 0.793103630307 0.996161461347 0.769005474524 0.881499835156 0.950696307192 0.845553926332 0.435409815126
0.78589487575 0.793103630307 0.996161461347 0.769005474524 0.881499835156 0.950696307192 0.845553926332 0.435409815126
0.78589487575 0.793103630307 0.996161461347 0.769005474524 0.881499835156 0.950696307192 0.845553926332 0.435409815126
0.78589487575 0.793103630307 0.996161461347 0.769005474524 0.881499835156 0.950696307192 0.845553926332 0.435409815126
0.78589487575 0.793103630307 0.996161461347 0.769005474524 0.881499835156 0.950696307192 0.845553926332 0.435409815126
0.78589487575 0.793103630307 0.996161461347 0.769005474524 0.881499835156 0.950696307192 0.845553926332 0.412116872994
0.78589487575 0.793103630307 0.996161461347 0.769005474524 0.881499835156 0.950696307192 0.845553926332 0.435409815126
0.78589487575 0.793103630307 0.996161461347 0.769005474524 0.881499835156 0.950696307192 0.845553926332 0.382744171317
0.78589487575 0.793103630307 0.996161461347 0.769005474524 0.881499835156 0.950696307192 0.845553926332 0.435409815126
0.78589487575 0.793103630307 0.996161461347 0.769005474524 0.881499835156 0.950696307192 0.845553926332 0.435409815126
0.78589487575 0.793103630307 0.996161461347 0.769005474524 0.881499835156 0.950696307192 0.845553926332 0.435409815126
0.78589487575 0.793103630307 0.996161461347 0.769005474524 0.881499835156 0.950696307192 0.845553926332 0.435409815126
0.78589487575 0.793103630307 0.996161461347 0.769005474524 0.881499835156 0.950696307192 0.845553926332 0.435409815126
0.78589487575 0.793103630307 0.996161461347 0.769005474524 0.881499835156 0.950696307192 0.845553926332 0.435409815126
0.78589487575 0.793103630307 0.996161461347 0.769005474524 0.881499835156 0.950696307192 0.845553926332 0.435409815126
0.78589487575 0.793103630307 0.996161461347 0.769005474524 0.881499835156 0.950696307192 0.845553926332 0.363853711674
0.78589487575 0.793103630307 0.996161461347 0.769005474524 0.881499835156 0.950696307192 0.845553926332 0.421883732817
0.78589487575 0.793103630307 0.996161461347 0.769005474524 0.881499835156 0.950696307192 0.845553926332 0.435409815126
0.78589487575 0.793103630307 0.996161461347 0.769005474524 0.881499835156 0.950696307192 0.845553926332 0.435409815126
0.78589487575 0.793103630307 0.996161461347 0.769005474524 0.881499835156 0.950696307192 0.845553926332 0.435409815126
0.78589487575 0.793103630307 0.996161461347 0.769005474524 0.881499835156 0.950696307192 0.845553926332 0.435409815126
0.78589487575 0.793103630307 0.996161461347 0.769005474524 0.881499835156 0.950696307192 0.845553926332 0.435409815126
0.78589487575 0.793103630307 0.996161461347 0.769005474524 0.881499835156 0.950696307192 0.845553926332 0.435409815126
0.78589487575 0.793103630307 0.996161461347 0.769005474524 0.881499835156 0.950696307192 0.845553926332 0.435409815126
0.78589487575 0.793103630307 0.996161461347 0.769005474524 0.881499835156 0.950696307192 0.845553926332 0.435409815126
0.78589487575 0.793103630307 0.996161461347 0.769005474524 0.881499835156 0.950696307192 0.845553926332 0.435409815126
0.78589487575 0.793103630307 0.996161461347 0.769005474524 0.881499835156 0.950696307192 0.845553926332 0.435409815126
0.78589487575 0.793103630307 0.996161461347 0.769005474524 0.881499835156 0.950696307192 0.845553926332 0.435409815126
0.78589487575 0.793103630307 0.996161461347 0.769005474524 0.881499835156 0.950696307192 0.845553926332 0.435409815126
0.78589487575 0.793103630307 0.996161461347 0.769005474524 0.881499835156 0.950696307192 0.845553926332 0.435409815126
0.78589487575 0.793103630307 0.996161461347 0.769005474524 0.881499835156 0.950696307192 0.845553926332 0.435409815126
0.78589487575 0.793103630307 0.996161461347 0.769005474524 0.881499835156 0.950696307192 0.845553926332 0.435409815126
0.78589487575 0.793103630307 0.996161461347 0.769005474524 0.881499835156 0.950696307192 0.845553926332 0.435409815126
0.78589487575 0.793103630307 0.996161461347 0.769005474524 0.881499835156 0.950696307192 0.845553926332 0.435409815126
0.78589487575 0.793103630307 0.996161461347 0.769005474524 0.881499835156 0.950696307192 0.845553926332 0.435409815126
0.78589487575 0.793103630307 0.996161461347 0.769005474524 0.881499835156 0.950696307192 0.845553926332 0.435409815126
0.78589487575 0.793103630307 0.996161461347 0.769005474524 0.881499835156 0.950696307192 0.845553926332 0.435409815126
0.78589487575 0.793103630307 0.996161461347 0.769005474524 0.881499835156 0.950696307192 0.845553926332 0.435409815126
0.78589487575 0.793103630307 0.996161461347 0.769005474524 0.881499835156 0.950696307192 0.845553926332 0.435409815126
0.78589487575 0.793103630307 0.996161461347 0.769005474524 0.881499835156 0.950696307192 0.845553926332 0.435409815126
0.78589487575 0.793103630307 0.996161461347 0.769005474524 0.881499835156 0.950696307192 0.845553926332 0.435409815126
0.78589487575 0.793103630307 0.996161461347 0.769005474524 0.881499835156 0.950696307192 0.845553926332 0.435409815126
0.78589487575 0.793103630307 0.996161461347 0.769005474524 0.881499835156 0.950696307192 0.845553926332 0.435409815126
0.78589487575 0.793103630307 0.996161461347 0.769005474524 0.881499835156 0.950696307192 0.845553926332 0.435409815126
0.78589487575 0.793103630307 0.996161461347 0.769005474524 0.881499835156 0.950696307192 0.845553926332 0.435409815126
0.78589487575 0.793103630307 0.996161461347 0.769005474524 0.881499835156 0.950696307192 0.845553926332 0.435409815126
0.78589487575 0.793103630307 0.996161461347 0.769005474524 0.881499835156 0.950696307192 0.845553926332 0.435409815126
0.78589487575 0.793103630307 0.996161461347 0.769005474524 0.881499835156 0.950696307192 0.845553926332 0.435409815126
0.78589487575 0.793103630307 0.996161461347 0.769005474524 0.881499835156 0.950696307192 0.845553926332 0.435409815126
0.78589487575 0.793103630307 0.996161461347 0.769005474524 0.881499835156 0.950696307192 0.845553926332 0.435409815126
0.78589487575 0.793103630307 0.996161461347 0.769005474524 0.881499835156 0.950696307192 0.845553926332 0.435409815126
0.78589487575 0.793103630307 0.996161461347 0.769005474524 0.881499835156 0.950696307192 0.845553926332 0.435409815126
0.78589487575 0.793103630307 0.996161461347 0.769005474524 0.881499835156 0.950696307192 0.845553926332 0.435409815126
0.78589487575 0.793103630307 0.996161461347 0.769005474524 0.881499835156 0.950696307192 0.845553926332 0.435409815126
0.78589487575 0.793103630307 0.996161461347 0.769005474524 0.881499835156 0.950696307192 0.845553926332 0.435409815126
0.78589487575 0.793103630307 0.996161461347 0.769005474524 0.881499835156 0.950696307192 0.845553926332 0.435409815126
0.78589487575 0.793103630307 0.996161461347 0.769005474524 0.881499835156 0.950696307192 0.845553926332 0.435409815126
0.78589487575 0.793103630307 0.996161461347 0.769005474524 0.881499835156 0.950696307192 0.845553926332 0.435409815126
0.78589487575 0.793103630307 0.996161461347 0.769005474524 0.881499835156 0.950696307192 0.845553926332 0.435409815126
0.78589487575 0.793103630307 0.996161461347 0.769005474524 0.881499835156 0.950696307192 0.845553926332 0.435409815126
0.78589487575 0.793103630307 0.996161461347 0.769005474524 0.881499835156 0.950696307192 0.845553926332 0.435409815126
0.78589487575 0.793103630307 0.996161461347 0.769005474524 0.881499835156 0.950696307192 0.845553926332 0.435409815126
0.78589487575 0.793103630307 0.996161461347 0.769005474524 0.881499835156 0.950696307192 0.845553926332 0.435409815126
0.78589487575 0.793103630307 0.996161461347 0.769005474524 0.881499835156 0.950696307192 0.845553926332 0.358658329392
0.78589487575 0.793103630307 0.996161461347 0.769005474524 0.881499835156 0.950696307192 0.845553926332 0.435409815126
0.78589487575 0.793103630307 0.996161461347 0.769005474524 0.881499835156 0.950696307192 0.845553926332 0.435409815126
0.78589487575 0.793103630307 0.996161461347 0.769005474524 0.881499835156 0.950696307192 0.845553926332 0.435409815126
0.78589487575 0.793103630307 0.996161461347 0.769005474524 0.881499835156 0.950696307192 0.845553926332 0.435409815126
0.78589487575 0.793103630307 0.996161461347 0.769005474524 0.881499835156 0.950696307192 0.845553926332 0.435409815126
0.78589487575 0.793103630307 0.996161461347 0.769005474524 0.881499835156 0.950696307192 0.845553926332 0.435409815126
0.78589487575 0.793103630307 0.996161461347 0.769005474524 0.881499835156 0.950696307192 0.845553926332 0.435409815126
0.78589487575 0.793103630307 0.996161461347 0.769005474524 0.881499835156 0.950696307192 0.845553926332 0.435409815126
0.78589487575 0.793103630307 0.996161461347 0.769005474524 0.881499835156 0.950696307192 0.845553926332 0.435409815126
0.78589487575 0.793103630307 0.996161461347 0.769005474524 0.881499835156 0.950696307192 0.845553926332 0.435409815126
0.78589487575 0.793103630307 0.996161461347 0.769005474524 0.881499835156 0.950696307192 0.845553926332 0.435409815126
0.78589487575 0.793103630307 0.996161461347 0.769005474524 0.881499835156 0.950696307192 0.845553926332 0.435409815126
0.78589487575 0.793103630307 0.996161461347 0.769005474524 0.881499835156 0.950696307192 0.845553926332 0.435409815126
0.78589487575 0.793103630307 0.996161461347 0.769005474524 0.881499835156 0.950696307192 0.845553926332 0.435409815126
0.78589487575 0.793103630307 0.996161461347 0.769005474524 0.881499835156 0.950696307192 0.845553926332 0.435409815126
0.78589487575 0.793103630307 0.996161461347 0.769005474524 0.881499835156 0.950696307192 0.845553926332 0.435409815126
0.78589487575 0.793103630307 0.996161461347 0.769005474524 0.881499835156 0.950696307192 0.845553926332 0.435409815126
0.78589487575 0.793103630307 0.996161461347 0.769005474524 0.881499835156 0.950696307192 0.845553926332 0.435409815126
0.982743662208 0.793103630307 0.996161461347 0.769005474524 0.881499835156 0.950696307192 0.845553926332 0.435424363044
0.78589487575 0.793103630307 0.996161461347 0.769005474524 0.881499835156 0.950696307192 0.845553926332 0.435409815126
0.78589487575 0.793103630307 0.996161461347 0.769005474524 0.881499835156 0.950696307192 0.845553926332 0.435409815126
0.78589487575 0.793103630307 0.996161461347 0.769005474524 0.881499835156 0.950696307192 0.845553926332 0.435409815126
0.78589487575 0.793103630307 0.996161461347 0.769005474524 0.881499835156 0.950696307192 0.845553926332 0.435409815126
0.78589487575 0.793103630307 0.996161461347 0.769005474524 0.881499835156 0.950696307192 0.845553926332 0.435409815126
0.78589487575 0.793103630307 0.996161461347 0.769005474524 0.881499835156 0.950696307192 0.845553926332 0.435409815126
0.78589487575 0.793103630307 0.996161461347 0.769005474524 0.881499835156 0.950696307192 0.845553926332 0.435409815126
0.78589487575 0.793103630307 0.996161461347 0.769005474524 0.881499835156 0.950696307192 0.845553926332 0.435409815126
0.78589487575 0.793103630307 0.996161461347 0.769005474524 0.881499835156 0.950696307192 0.845553926332 0.435409815126
0.78589487575 0.793103630307 0.996161461347 0.769005474524 0.881499835156 0.950696307192 0.845553926332 0.454235629348
0.78589487575 0.793103630307 0.996161461347 0.769005474524 0.881499835156 0.950696307192 0.845553926332 0.435409815126
0.78589487575 0.793103630307 0.996161461347 0.769005474524 0.881499835156 0.950696307192 0.845553926332 0.435409815126
0.78589487575 0.793103630307 0.996161461347 0.769005474524 0.881499835156 0.950696307192 0.845553926332 0.435409815126
0.78589487575 0.793103630307 0.996161461347 0.769005474524 0.881499835156 0.950696307192 0.845553926332 0.435409815126
