0.740489846518 0.384485952284 0.0336326857391 0.795073804255 0.347564303859 0.658521439301 0.0728833694069 0.262117768849
0.0249817060717 0.49054052147 0.471017195422 0.0489308482981 0.41853834554 0.164276913344 0.550459967997 -0.0334307493016
0.376219253573 0.0264132475327 0.339327540104 0.393221221296 0.905464745702 0.031827397447 0.640977943261 0.390602256909
0.722679412208 0.513970199726 0.296157132328 0.571287491373 0.0681884887866 0.790224816737 0.432617400994 0.440907101398
0.940346730972 0.0489894242745 0.95480128177 0.144002427643 0.760127318533 0.920222281062 0.370520528719 0.825283372274
0.450908296771 0.546245738568 0.42464167456 0.128737962551 0.496061042198 0.467810789141 0.62708668467 0.465536312378
0.8173460903 0.918295080283 0.172157593761 0.106328719746 0.34241572449 0.670161444288 0.129748558066 0.526198105628
0.900202440623 0.0978752093114 0.0467144583664 0.791813862569 0.908617182161 0.502160315232 0.442127736879 0.953816487071
0.773948604988 0.767535895363 0.355392126748 0.154103300147 0.511447360029 0.567558275375 0.886563078373 0.53797738308
0.331082450325 0.562902276297 0.441359505801 0.820906637249 0.354797675321 0.219579919679 0.362288437406 0.487127901612
0.408715752738 0.0352282186853 0.00033413465859 0.989525923487 0.907033906628 0.610092425336 0.129790095837 0.585783076939
0.844361667442 0.705555146581 0.332708471427 0.0218191472453 0.621707073107 0.335663224496 0.0951139554694 0.353950275331
0.715620416751 0.0933927669907 0.40228822878 0.980954474274 0.766009252131 0.812685004995 0.694954765369 0.355417247092
0.902050870835 0.491663432405 0.662087269992 0.713564818441 0.136953955497 0.976410088724 0.293755071336 0.0603604068373
0.888586320275 0.712145682425 0.479626394051 0.207680513149 0.566836256196 0.189803769147 0.127490974131 0.620685515057
0.0452784480391 0.491319935579 0.039317316204 0.508035909685 0.506926899491 0.479360183349 0.845187689416 0.328953770889
0.574977178018 0.263271363748 0.166630787015 0.351097216806 0.084669996209 0.0028697544252 0.927559909454 0.126316224623
0.841363560028 0.311226020342 0.784645745524 0.577767374343 0.0493394159902 0.982577092634 0.18569403703 0.686290867569
0.75786520112 0.428818876927 0.438703151819 0.46706398842 0.888110678307 0.361944179661 0.0763510016679 0.408057671682
0.226616724396 0.988521833598 0.531443743367 0.651775219075 0.374784386097 0.91663938397 0.913600376936 0.463546336693
0.802878039558 0.767314394757 0.521903252669 0.166494560356 0.179523816778 0.392928316423 0.626998675476 0.582778352854
0.566687699661 0.955525016693 0.207606915307 0.282862789523 0.377827935661 0.263194221292 0.34435995039 0.647682877915
0.996913949339 0.713126091384 0.302325736412 0.257556798509 0.395903137431 0.754982840333 0.316220741685 0.435911397642
0.37636899215 0.549851945479 0.0319699088792 0.337953416492 0.980574371181 0.213610840553 0.940945696064 0.17513085051
0.87939917478 0.913009511395 0.972681002916 0.748491650677 0.834838846766 0.295881514261 0.875794265289 0.769904536157
0.78408100453 0.591637912672 0.853995423522 0.756551907906 0.562091236194 0.593403662471 0.586940538511 0.310907176781
0.802185449649 0.724046518143 0.821162619051 0.412976956371 0.812521671173 0.789669795162 0.173412180666 0.505338157324
0.881263119731 0.820217221855 0.289884122414 0.77267727864 0.317780778385 0.692280120268 0.881063459707 0.830854152462
0.332872928877 0.191535649724 0.0840334924874 0.319258182954 0.00838744210298 0.217723002982 0.737490390844 0.46505330832
0.363057246729 0.912789947707 0.401745631176 0.862649616357 0.94851381499 0.655430088361 0.396010485477 0.241209563829
0.286035317421 0.533312954523 0.968765900661 0.770222219388 0.249929454723 0.899543219182 0.910955527833 0.65635741992
0.239301338593 0.794781201102 0.239980858869 0.310773276552 0.29418371993 0.127347580716 0.222293919892 0.744578343101
0.147368214487 0.106801794301 0.0600143073505 0.751570945729 0.0855738005214 0.00306654338185 0.180649416475 0.403137665066
0.570410026566 0.257005952523 0.476485240932 0.268908822045 0.396415509055 0.209508908405 0.0111483078688 0.505669098879
0.829718717988 0.694818682915 0.421708418592 0.415322419188 0.484496927717 0.705049453159 0.998335549532 0.297278651387
0.592915963099 0.958883084497 0.444392418627 0.498990418383 0.967866922249 0.445119870918 0.516666329111 0.585453529101
0.192920659231 0.593044297514 0.0728708646793 0.454147925872 0.172753117729 0.861650063683 0.0523626611903 0.479404209549
0.941934084758 0.609813736326 0.461594124058 0.890877286591 0.249369438854 0.930297046984 0.864509948262 0.220208579193
0.170676934402 0.158355117208 0.270186834689 0.933347444505 0.588325519273 0.38599536094 0.159697999218 0.391942616548
0.509382674793 0.0522612567501 0.394816483597 0.901167180384 0.368695327391 0.0359840890286 0.783538575528 0.374500178451
0.165306394374 0.925136345271 0.187065128724 0.620415250393 0.619013654426 0.444622877891 0.22353661426 0.235888362554
0.464362196257 0.0415884523518 0.976200692112 0.808621182512 0.974013897736 0.528715088451 0.44835337077 0.64990794402
0.802731614227 0.450361479112 0.848227570348 0.527142706094 0.73875284696 0.962253958152 0.0975197318009 0.21445584765
0.422640837247 0.565123876016 0.373154999695 0.0297066666473 0.118566667939 0.177908041587 0.280217973687 0.93621807246
0.192861260601 0.720596533722 0.42085061785 0.865443348681 0.149695770885 0.83371185244 0.506912353081 0.312119884616
0.810657834586 0.470845481632 0.660083743265 0.795685765953 0.57091611698 0.207376817609 0.449609898199 0.450143708639
0.874320939199 0.387002180956 0.960605923273 0.0272211047305 0.217690827966 0.674320343694 0.947260994677 0.455795299159
0.82943897209 0.655941898481 0.384300417167 0.828254641049 0.0981148135204 0.739767088028 0.865501987267 0.519666394318
0.48651116496 0.248829256145 0.789895931236 0.698967977084 0.636913272886 0.260302699087 0.229562698812 0.759259336679
0.381990667846 0.763432789061 0.55125257703 0.188577025492 0.92816157088 0.0464583017465 0.122715499732 0.722876170588
0.740489846518 0.384485952284 0.0336326857391 0.795073804255 0.347564303859 0.658521439301 0.0728833694069 0.262117768849
0.740489846518 0.384485952284 0.0336326857391 0.795073804255 0.347564303859 0.658521439301 0.0728833694069 0.262117768849
0.740489846518 0.384485952284 0.0336326857391 0.795073804255 0.347564303859 0.658521439301 0.0728833694069 0.262117768849
0.740489846518 0.384485952284 0.0336326857391 0.795073804255 0.347564303859 0.658521439301 0.0728833694069 0.262117768849
0.740489846518 0.384485952284 0.0336326857391 0.795073804255 0.347564303859 0.658521439301 0.0728833694069 0.262117768849
0.740489846518 0.384485952284 0.0336326857391 0.795073804255 0.347564303859 0.658521439301 0.0728833694069 0.262117768849
0.740489846518 0.384485952284 0.0336326857391 0.795073804255 0.347564303859 0.658521439301 0.0728833694069 0.262117768849
0.740489846518 0.384485952284 0.0336326857391 0.795073804255 0.347564303859 0.658521439301 0.0728833694069 0.262117768849
0.740489846518 0.384485952284 0.0336326857391 0.795073804255 0.347564303859 0.658521439301 0.0728833694069 0.262117768849
0.740489846518 0.384485952284 0.0336326857391 0.795073804255 0.347564303859 0.658521439301 0.0728833694069 0.262117768849
0.740489846518 0.384485952284 0.0336326857391 0.795073804255 0.347564303859 0.658521439301 0.0728833694069 0.262117768849
0.740489846518 0.384485952284 0.0336326857391 0.795073804255 0.347564303859 0.658521439301 0.0728833694069 0.262117768849
0.740489846518 0.384485952284 0.0336326857391 0.795073804255 0.347564303859 0.658521439301 0.0728833694069 0.262117768849
0.740489846518 0.384485952284 0.0336326857391 0.795073804255 0.347564303859 0.658521439301 0.0728833694069 0.262117768849
0.740489846518 0.384485952284 0.0336326857391 0.795073804255 0.347564303859 0.658521439301 0.0728833694069 0.262117768849
0.740489846518 0.384485952284 0.0336326857391 0.795073804255 0.347564303859 0.658521439301 0.0728833694069 0.262117768849
0.740489846518 0.384485952284 0.0336326857391 0.795073804255 0.347564303859 0.658521439301 0.0728833694069 0.262117768849
0.740489846518 0.384485952284 0.0336326857391 0.795073804255 0.347564303859 0.658521439301 0.0728833694069 0.262117768849
0.740489846518 0.384485952284 0.0336326857391 0.795073804255 0.347564303859 0.658521439301 0.0728833694069 0.262117768849
0.740489846518 0.384485952284 0.0336326857391 0.795073804255 0.347564303859 0.658521439301 0.0728833694069 0.262117768849
0.740489846518 0.384485952284 0.0336326857391 0.795073804255 0.347564303859 0.658521439301 0.0728833694069 0.262117768849
0.740489846518 0.384485952284 0.0336326857391 0.795073804255 0.347564303859 0.658521439301 0.0728833694069 0.262117768849
0.740489846518 0.384485952284 0.0336326857391 0.795073804255 0.347564303859 0.658521439301 0.0728833694069 0.262117768849
0.740489846518 0.384485952284 0.0336326857391 0.795073804255 0.347564303859 0.658521439301 0.0728833694069 0.262117768849
0.740489846518 0.384485952284 0.0336326857391 0.795073804255 0.347564303859 0.658521439301 0.0728833694069 0.262117768849
0.740489846518 0.384485952284 0.0336326857391 0.795073804255 0.347564303859 0.658521439301 0.0728833694069 0.262117768849
0.740489846518 0.384485952284 0.0336326857391 0.795073804255 0.347564303859 0.658521439301 0.0728833694069 0.262117768849
0.740489846518 0.384485952284 0.0336326857391 0.795073804255 0.347564303859 0.658521439301 0.0728833694069 0.262117768849
0.740489846518 0.384485952284 0.0336326857391 0.795073804255 0.347564303859 0.658521439301 0.0728833694069 0.262117768849
0.740489846518 0.384485952284 0.0336326857391 0.795073804255 0.347564303859 0.658521439301 0.0728833694069 0.262117768849
0.740489846518 0.384485952284 0.0336326857391 0.795073804255 0.347564303859 0.658521439301 0.0728833694069 0.262117768849
0.740489846518 0.384485952284 0.0336326857391 0.795073804255 0.347564303859 0.658521439301 0.0728833694069 0.262117768849
0.740489846518 0.384485952284 0.0336326857391 0.795073804255 0.347564303859 0.658521439301 0.0728833694069 0.262117768849
0.740489846518 0.384485952284 0.0336326857391 0.795073804255 0.347564303859 0.658521439301 0.0728833694069 0.262117768849
0.740489846518 0.384485952284 0.0336326857391 0.795073804255 0.347564303859 0.658521439301 0.0728833694069 0.262117768849
0.740489846518 0.384485952284 0.0336326857391 0.795073804255 0.347564303859 0.658521439301 0.0728833694069 0.262117768849
0.740489846518 0.384485952284 0.0336326857391 0.795073804255 0.347564303859 0.658521439301 0.0728833694069 0.262117768849
0.740489846518 0.384485952284 0.0336326857391 0.795073804255 0.347564303859 0.658521439301 0.0728833694069 0.262117768849
0.740489846518 0.384485952284 0.0336326857391 0.795073804255 0.347564303859 0.658521439301 0.0728833694069 0.262117768849
0.740489846518 0.384485952284 0.0336326857391 0.795073804255 0.347564303859 0.658521439301 0.0728833694069 0.262117768849
0.740489846518 0.384485952284 0.0336326857391 0.795073804255 0.347564303859 0.658521439301 0.0728833694069 0.262117768849
0.740489846518 0.384485952284 0.0336326857391 0.795073804255 0.347564303859 0.658521439301 0.0728833694069 0.262117768849
0.740489846518 0.384485952284 0.0336326857391 0.795073804255 0.347564303859 0.658521439301 0.0728833694069 0.262117768849
0.740489846518 0.384485952284 0.0336326857391 0.795073804255 0.347564303859 0.658521439301 0.0728833694069 0.262117768849
0.740489846518 0.384485952284 0.0336326857391 0.795073804255 0.347564303859 0.658521439301 0.0728833694069 0.262117768849
0.740489846518 0.384485952284 0.0336326857391 0.795073804255 0.347564303859 0.658521439301 0.0728833694069 0.262117768849
0.740489846518 0.384485952284 0.0336326857391 0.795073804255 0.347564303859 0.658521439301 0.0728833694069 0.262117768849
0.740489846518 0.384485952284 0.0336326857391 0.795073804255 0.347564303859 0.658521439301 0.0728833694069 0.262117768849
0.740489846518 0.384485952284 0.0336326857391 0.795073804255 0.347564303859 0.658521439301 0.0728833694069 0.262117768849
0.740489846518 0.384485952284 0.0336326857391 0.795073804255 0.347564303859 0.658521439301 0.0728833694069 0.262117768849
0.740489846518 0.384485952284 0.0336326857391 0.795073804255 0.347564303859 0.658521439301 0.0728833694069 0.262117768849
0.740489846518 0.384485952284 0.0336326857391 0.795073804255 0.347564303859 0.658521439301 0.0728833694069 0.262117768849
0.740489846518 0.384485952284 0.0336326857391 0.795073804255 0.347564303859 0.658521439301 0.0728833694069 0.262117768849
0.740489846518 0.384485952284 0.0336326857391 0.795073804255 0.347564303859 0.658521439301 0.0728833694069 0.262117768849
0.740489846518 0.384485952284 0.0336326857391 0.795073804255 0.347564303859 0.658521439301 0.0728833694069 0.262117768849
0.740489846518 0.384485952284 0.0336326857391 0.795073804255 0.347564303859 0.658521439301 0.0728833694069 0.262117768849
0.740489846518 0.384485952284 0.0336326857391 0.795073804255 0.347564303859 0.658521439301 0.0728833694069 0.262117768849
0.740489846518 0.384485952284 0.0336326857391 0.795073804255 0.347564303859 0.658521439301 0.0728833694069 0.262117768849
0.740489846518 0.384485952284 0.0336326857391 0.795073804255 0.347564303859 0.658521439301 0.0728833694069 0.262117768849
0.740489846518 0.384485952284 0.0336326857391 0.795073804255 0.347564303859 0.658521439301 0.0728833694069 0.262117768849
0.740489846518 0.384485952284 0.0336326857391 0.795073804255 0.347564303859 0.658521439301 0.0728833694069 0.262117768849
0.740489846518 0.384485952284 0.0336326857391 0.795073804255 0.347564303859 0.658521439301 0.0728833694069 0.262117768849
0.740489846518 0.384485952284 0.0336326857391 0.795073804255 0.347564303859 0.658521439301 0.0728833694069 0.262117768849
0.740489846518 0.384485952284 0.0336326857391 0.795073804255 0.347564303859 0.658521439301 0.0728833694069 0.262117768849
0.740489846518 0.384485952284 0.0336326857391 0.795073804255 0.347564303859 0.658521439301 0.0728833694069 0.262117768849
0.740489846518 0.384485952284 0.553730164023 0.795073804255 0.347564303859 0.658521439301 0.0728833694069 0.262112768162
0.740489846518 0.384485952284 0.0336326857391 0.795073804255 0.347564303859 0.658521439301 0.0728833694069 0.237665837165
0.740489846518 0.384485952284 0.0336326857391 0.795073804255 0.347564303859 0.658521439301 0.0728833694069 0.262117768849
0.740489846518 0.384485952284 0.0336326857391 0.795073804255 0.347564303859 0.658521439301 0.0728833694069 0.262117768849
0.740489846518 0.384485952284 0.0336326857391 0.795073804255 0.347564303859 0.658521439301 0.0728833694069 0.262117768849
0.740489846518 0.384485952284 0.0336326857391 0.795073804255 0.347564303859 0.658521439301 0.0728833694069 0.262117768849
0.740489846518 0.384485952284 0.0336326857391 0.795073804255 0.347564303859 0.658521439301 0.0728833694069 0.262117768849
0.740489846518 0.384485952284 0.0336326857391 0.795073804255 0.347564303859 0.658521439301 0.0728833694069 0.262117768849
0.740489846518 0.384485952284 0.0336326857391 0.795073804255 0.347564303859 0.658521439301 0.0728833694069 0.262117768849
0.740489846518 0.384485952284 0.0336326857391 0.795073804255 0.347564303859 0.658521439301 0.0728833694069 0.262117768849
0.740489846518 0.384485952284 0.0336326857391 0.795073804255 0.347564303859 0.658521439301 0.0728833694069 0.262117768849
0.740489846518 0.384485952284 0.0336326857391 0.795073804255 0.347564303859 0.658521439301 0.0728833694069 0.262117768849
0.740489846518 0.384485952284 0.0336326857391 0.795073804255 0.347564303859 0.658521439301 0.0728833694069 0.262117768849
0.740489846518 0.384485952284 0.0336326857391 0.795073804255 0.347564303859 0.658521439301 0.0728833694069 0.262117768849
0.740489846518 0.384485952284 0.0336326857391 0.795073804255 0.347564303859 0.658521439301 0.0728833694069 0.262117768849
0.740489846518 0.384485952284 0.0336326857391 0.795073804255 0.347564303859 0.658521439301 0.0728833694069 0.262117768849
0.740489846518 0.384485952284 0.0336326857391 0.795073804255 0.347564303859 0.658521439301 0.0728833694069 0.262117768849
0.740489846518 0.384485952284 0.0336326857391 0.795073804255 0.347564303859 0.658521439301 0.0728833694069 0.262117768849
0.740489846518 0.384485952284 0.0336326857391 0.795073804255 0.347564303859 0.658521439301 0.0728833694069 0.262117768849
0.740489846518 0.384485952284 0.0336326857391 0.795073804255 0.347564303859 0.658521439301 0.0728833694069 0.262117768849
0.740489846518 0.384485952284 0.0336326857391 0.795073804255 0.347564303859 0.658521439301 0.0728833694069 0.262117768849
0.740489846518 0.384485952284 0.0336326857391 0.795073804255 0.347564303859 0.658521439301 0.0728833694069 0.262117768849
0.740489846518 0.384485952284 0.0336326857391 0.795073804255 0.347564303859 0.658521439301 0.0728833694069 0.262117768849
0.740489846518 0.384485952284 0.0336326857391 0.795073804255 0.347564303859 0.658521439301 0.0728833694069 0.262117768849
0.740489846518 0.384485952284 0.0336326857391 0.795073804255 0.347564303859 0.658521439301 0.0728833694069 0.262117768849
0.740489846518 0.384485952284 0.0336326857391 0.795073804255 0.347564303859 0.658521439301 0.0728833694069 0.262117768849
0.740489846518 0.384485952284 0.0336326857391 0.795073804255 0.347564303859 0.658521439301 0.0728833694069 0.262117768849
0.740489846518 0.384485952284 0.0336326857391 0.795073804255 0.347564303859 0.658521439301 0.0728833694069 0.262117768849
0.740489846518 0.384485952284 0.0336326857391 0.795073804255 0.347564303859 0.658521439301 0.0728833694069 0.262117768849
0.740489846518 0.384485952284 0.0336326857391 0.795073804255 0.347564303859 0.658521439301 0.0728833694069 0.262117768849
0.740489846518 0.384485952284 0.0336326857391 0.795073804255 0.347564303859 0.658521439301 0.0728833694069 0.262117768849
0.740489846518 0.384485952284 0.0336326857391 0.795073804255 0.347564303859 0.658521439301 0.0728833694069 0.262117768849
0.740489846518 0.384485952284 0.0336326857391 0.795073804255 0.347564303859 0.658521439301 0.0728833694069 0.262117768849
0.740489846518 0.384485952284 0.0336326857391 0.795073804255 0.347564303859 0.658521439301 0.0728833694069 0.262117768849
0.740489846518 0.384485952284 0.0336326857391 0.795073804255 0.347564303859 0.658521439301 0.0728833694069 0.262117768849
0.740489846518 0.384485952284 0.0336326857391 0.795073804255 0.347564303859 0.658521439301 0.0728833694069 0.262117768849
0.740489846518 0.384485952284 0.0336326857391 0.795073804255 0.347564303859 0.658521439301 0.0728833694069 0.262117768849
0.740489846518 0.384485952284 0.0336326857391 0.795073804255 0.347564303859 0.658521439301 0.0728833694069 0.262117768849
0.740489846518 0.384485952284 0.0336326857391 0.795073804255 0.347564303859 0.658521439301 0.0728833694069 0.262117768849
0.740489846518 0.384485952284 0.0336326857391 0.795073804255 0.347564303859 0.658521439301 0.0728833694069 0.262117768849
0.740489846518 0.384485952284 0.0336326857391 0.795073804255 0.347564303859 0.658521439301 0.0728833694069 0.262117768849
0.740489846518 0.384485952284 0.0336326857391 0.795073804255 0.347564303859 0.658521439301 0.0728833694069 0.262117768849
0.740489846518 0.384485952284 0.0336326857391 0.795073804255 0.347564303859 0.658521439301 0.0728833694069 0.262117768849
0.740489846518 0.384485952284 0.0336326857391 0.795073804255 0.347564303859 0.658521439301 0.0728833694069 0.262117768849
0.740489846518 0.384485952284 0.0336326857391 0.795073804255 0.347564303859 0.658521439301 0.0728833694069 0.262117768849
0.740489846518 0.384485952284 0.0336326857391 0.795073804255 0.347564303859 0.658521439301 0.0728833694069 0.262117768849
0.740489846518 0.384485952284 0.0336326857391 0.795073804255 0.347564303859 0.658521439301 0.0728833694069 0.262117768849
0.740489846518 0.384485952284 0.0336326857391 0.795073804255 0.347564303859 0.658521439301 0.0728833694069 0.262117768849
0.740489846518 0.384485952284 0.0336326857391 0.795073804255 0.347564303859 0.658521439301 0.0728833694069 0.262117768849
0.740489846518 0.384485952284 0.0336326857391 0.795073804255 0.347564303859 0.658521439301 0.0728833694069 0.262117768849
0.740489846518 0.384485952284 0.0336326857391 0.795073804255 0.347564303859 0.658521439301 0.0728833694069 0.262117768849
0.740489846518 0.384485952284 0.0336326857391 0.795073804255 0.347564303859 0.658521439301 0.0728833694069 0.262117768849
0.740489846518 0.384485952284 0.0336326857391 0.795073804255 0.347564303859 0.658521439301 0.0728833694069 0.262117768849
0.740489846518 0.384485952284 0.0336326857391 0.795073804255 0.347564303859 0.658521439301 0.0728833694069 0.262117768849
0.740489846518 0.384485952284 0.0336326857391 0.795073804255 0.347564303859 0.658521439301 0.0728833694069 0.262117768849
0.740489846518 0.384485952284 0.0336326857391 0.795073804255 0.347564303859 0.658521439301 0.0728833694069 0.262117768849
0.740489846518 0.384485952284 0.0336326857391 0.795073804255 0.347564303859 0.658521439301 0.0728833694069 0.262117768849
0.740489846518 0.384485952284 0.0336326857391 0.795073804255 0.347564303859 0.658521439301 0.0728833694069 0.262117768849
0.740489846518 0.384485952284 0.0336326857391 0.795073804255 0.347564303859 0.658521439301 0.0728833694069 0.262117768849
0.740489846518 0.384485952284 0.0336326857391 0.795073804255 0.347564303859 0.658521439301 0.0728833694069 0.262117768849
0.740489846518 0.384485952284 0.0336326857391 0.795073804255 0.347564303859 0.658521439301 0.0728833694069 0.262117768849
0.740489846518 0.384485952284 0.0336326857391 0.795073804255 0.347564303859 0.658521439301 0.0728833694069 0.262117768849
0.740489846518 0.384485952284 0.0336326857391 0.795073804255 0.347564303859 0.658521439301 0.0728833694069 0.262117768849
0.740489846518 0.384485952284 0.0336326857391 0.795073804255 0.347564303859 0.658521439301 0.0728833694069 0.262117768849
0.740489846518 0.384485952284 0.0336326857391 0.795073804255 0.347564303859 0.658521439301 0.0728833694069 0.262117768849
0.740489846518 0.384485952284 0.0336326857391 0.795073804255 0.347564303859 0.658521439301 0.0728833694069 0.262117768849
0.740489846518 0.384485952284 0.0336326857391 0.795073804255 0.347564303859 0.658521439301 0.0728833694069 0.262117768849
0.740489846518 0.0895103013462 0.0336326857391 0.795073804255 0.347564303859 0.658521439301 0.0728833694069 0.262128060866
0.708798485489 0.384485952284 0.0336326857391 0.795073804255 0.347564303859 0.658521439301 0.0728833694069 0.26216532146
0.740489846518 0.384485952284 0.0336326857391 0.795073804255 0.347564303859 0.242545941547 0.0728833694069 0.262154735365
0.740489846518 0.384485952284 0.0336326857391 0.795073804255 0.347564303859 0.658521439301 0.0728833694069 0.262117768849
0.740489846518 0.384485952284 0.0336326857391 0.795073804255 0.347564303859 0.658521439301 0.0728833694069 0.262117768849
0.740489846518 0.384485952284 0.0336326857391 0.795073804255 0.347564303859 0.658521439301 0.0728833694069 0.262117768849
0.740489846518 0.384485952284 0.0336326857391 0.795073804255 0.347564303859 0.658521439301 0.0728833694069 0.262117768849
0.740489846518 0.384485952284 0.0336326857391 0.795073804255 0.347564303859 0.658521439301 0.0728833694069 0.262117768849
0.740489846518 0.384485952284 0.0336326857391 0.795073804255 0.347564303859 0.658521439301 0.0728833694069 0.262117768849
0.740489846518 0.384485952284 0.0336326857391 0.795073804255 0.347564303859 0.658521439301 0.0728833694069 0.262117768849
0.740489846518 0.384485952284 0.0336326857391 0.795073804255 0.347564303859 0.658521439301 0.0728833694069 0.262117768849
0.740489846518 0.384485952284 0.0336326857391 0.795073804255 0.347564303859 0.658521439301 0.0728833694069 0.262117768849
0.740489846518 0.384485952284 0.0336326857391 0.795073804255 0.347564303859 0.658521439301 0.0728833694069 0.262117768849
0.740489846518 0.384485952284 0.0336326857391 0.795073804255 0.347564303859 0.658521439301 0.0728833694069 0.262117768849
0.740489846518 0.384485952284 0.0336326857391 0.795073804255 0.536166281878 0.658521439301 0.0728833694069 0.262173425409
0.740489846518 0.384485952284 0.0336326857391 0.795073804255 0.347564303859 0.658521439301 0.0728833694069 0.262117768849
0.740489846518 0.384485952284 0.0336326857391 0.795073804255 0.347564303859 0.658521439301 0.0728833694069 0.262117768849
0.740489846518 0.384485952284 0.0336326857391 0.795073804255 0.347564303859 0.658521439301 0.0728833694069 0.262117768849
0.740489846518 0.384485952284 0.0336326857391 0.795073804255 0.347564303859 0.658521439301 0.0728833694069 0.262117768849
0.740489846518 0.384485952284 0.0336326857391 0.795073804255 0.347564303859 0.658521439301 0.0728833694069 0.262117768849
0.740489846518 0.384485952284 0.0336326857391 0.795073804255 0.347564303859 0.658521439301 0.0728833694069 0.262117768849
0.740489846518 0.384485952284 0.0336326857391 0.795073804255 0.347564303859 0.658521439301 0.0728833694069 0.262117768849
0.740489846518 0.384485952284 0.0336326857391 0.795073804255 0.347564303859 0.658521439301 0.0728833694069 0.262117768849
0.740489846518 0.384485952284 0.0336326857391 0.795073804255 0.347564303859 0.658521439301 0.0728833694069 0.262117768849
0.740489846518 0.384485952284 0.0336326857391 0.795073804255 0.347564303859 0.658521439301 0.0728833694069 0.262117768849
0.740489846518 0.384485952284 0.0336326857391 0.795073804255 0.347564303859 0.658521439301 0.0728833694069 0.262117768849
0.740489846518 0.384485952284 0.0336326857391 0.795073804255 0.347564303859 0.658521439301 0.0728833694069 0.262117768849
0.740489846518 0.384485952284 0.0336326857391 0.795073804255 0.347564303859 0.658521439301 0.0728833694069 0.262117768849
0.740489846518 0.384485952284 0.0336326857391 0.795073804255 0.347564303859 0.658521439301 0.0728833694069 0.262117768849
0.740489846518 0.384485952284 0.0336326857391 0.795073804255 0.347564303859 0.658521439301 0.0728833694069 0.262117768849
0.740489846518 0.384485952284 0.0336326857391 0.795073804255 0.347564303859 0.658521439301 0.0728833694069 0.262117768849
0.740489846518 0.384485952284 0.0336326857391 0.795073804255 0.347564303859 0.658521439301 0.0728833694069 0.262117768849
0.740489846518 0.384485952284 0.0336326857391 0.795073804255 0.347564303859 0.658521439301 0.0728833694069 0.262117768849
0.740489846518 0.384485952284 0.0336326857391 0.795073804255 0.347564303859 0.658521439301 0.0728833694069 0.262117768849
0.740489846518 0.384485952284 0.0336326857391 0.795073804255 0.347564303859 0.658521439301 0.0728833694069 0.262117768849
0.740489846518 0.384485952284 0.0336326857391 0.795073804255 0.347564303859 0.658521439301 0.0728833694069 0.262117768849
0.740489846518 0.384485952284 0.0336326857391 0.795073804255 0.347564303859 0.658521439301 0.0728833694069 0.262117768849
0.740489846518 0.384485952284 0.0336326857391 0.795073804255 0.347564303859 0.658521439301 0.0728833694069 0.262117768849
0.740489846518 0.384485952284 0.0336326857391 0.795073804255 0.347564303859 0.658521439301 0.0728833694069 0.262117768849
0.740489846518 0.384485952284 0.0336326857391 0.795073804255 0.347564303859 0.658521439301 0.0728833694069 0.262117768849
0.740489846518 0.384485952284 0.0336326857391 0.795073804255 0.347564303859 0.658521439301 0.0728833694069 0.262117768849
0.740489846518 0.384485952284 0.0336326857391 0.795073804255 0.347564303859 0.658521439301 0.0728833694069 0.262117768849
0.740489846518 0.384485952284 0.0336326857391 0.795073804255 0.347564303859 0.658521439301 0.0728833694069 0.262117768849
0.740489846518 0.261970869698 0.0336326857391 0.795073804255 0.347564303859 0.658521439301 0.0728833694069 0.262073006811
0.740489846518 0.384485952284 0.0336326857391 0.795073804255 0.347564303859 0.658521439301 0.0728833694069 0.262117768849
0.740489846518 0.384485952284 0.0336326857391 0.795073804255 0.347564303859 0.658521439301 0.0728833694069 0.262117768849
0.740489846518 0.384485952284 0.0336326857391 0.795073804255 0.347564303859 0.658521439301 0.0728833694069 0.447536533245
0.740489846518 0.384485952284 0.0336326857391 0.795073804255 0.347564303859 0.658521439301 0.0728833694069 0.262117768849
0.740489846518 0.384485952284 0.0336326857391 0.795073804255 0.347564303859 0.658521439301 0.0728833694069 0.262117768849
0.740489846518 0.384485952284 0.0336326857391 0.795073804255 0.347564303859 0.658521439301 0.0728833694069 0.262117768849
0.740489846518 0.384485952284 0.0336326857391 0.795073804255 0.347564303859 0.658521439301 0.0728833694069 0.262117768849
0.740489846518 0.384485952284 0.0336326857391 0.795073804255 0.347564303859 0.658521439301 0.0728833694069 0.262117768849
0.740489846518 0.384485952284 0.0336326857391 0.795073804255 0.347564303859 0.658521439301 0.0728833694069 0.262117768849
0.740489846518 0.384485952284 0.0336326857391 0.795073804255 0.347564303859 0.658521439301 0.0728833694069 0.262117768849
0.740489846518 0.384485952284 0.0336326857391 0.795073804255 0.347564303859 0.658521439301 0.0728833694069 0.262117768849
0.740489846518 0.384485952284 0.0336326857391 0.795073804255 0.347564303859 0.658521439301 0.0728833694069 0.262117768849
0.740489846518 0.384485952284 0.0336326857391 0.795073804255 0.347564303859 0.658521439301 0.0728833694069 0.262117768849
0.740489846518 0.384485952284 0.0336326857391 0.795073804255 0.347564303859 0.658521439301 0.0728833694069 0.262117768849
0.740489846518 0.384485952284 0.0336326857391 0.795073804255 0.347564303859 0.658521439301 0.0728833694069 0.262117768849
0.740489846518 0.384485952284 0.0336326857391 0.795073804255 0.347564303859 0.658521439301 0.0728833694069 0.262117768849
0.740489846518 0.384485952284 0.0336326857391 0.795073804255 0.347564303859 0.658521439301 0.0728833694069 0.262117768849
0.740489846518 0.384485952284 0.0336326857391 0.795073804255 0.347564303859 0.658521439301 0.0728833694069 0.262117768849
0.740489846518 0.384485952284 0.0336326857391 0.795073804255 0.347564303859 0.658521439301 0.0728833694069 0.262117768849
0.740489846518 0.384485952284 0.0336326857391 0.795073804255 0.347564303859 0.658521439301 0.0728833694069 0.262117768849
0.740489846518 0.384485952284 0.0336326857391 0.795073804255 0.347564303859 0.658521439301 0.0728833694069 0.262117768849
0.740489846518 0.384485952284 0.0336326857391 0.795073804255 0.347564303859 0.658521439301 0.0728833694069 0.262117768849
0.740489846518 0.384485952284 0.0336326857391 0.795073804255 0.347564303859 0.658521439301 0.0728833694069 0.262117768849
0.740489846518 0.384485952284 0.0336326857391 0.795073804255 0.347564303859 0.658521439301 0.0728833694069 0.262117768849
0.740489846518 0.384485952284 0.0336326857391 0.795073804255 0.347564303859 0.658521439301 0.0728833694069 0.262117768849
0.740489846518 0.384485952284 0.0336326857391 0.795073804255 0.347564303859 0.658521439301 0.0728833694069 0.262117768849
0.740489846518 0.384485952284 0.0336326857391 0.795073804255 0.347564303859 0.658521439301 0.0728833694069 0.262117768849
0.740489846518 0.384485952284 0.0336326857391 0.795073804255 0.347564303859 0.658521439301 0.0728833694069 0.262117768849
0.740489846518 0.384485952284 0.0336326857391 0.795073804255 0.347564303859 0.658521439301 0.0728833694069 0.262117768849
0.740489846518 0.384485952284 0.0336326857391 0.795073804255 0.347564303859 0.658521439301 0.0728833694069 0.262117768849
0.740489846518 0.384485952284 0.0336326857391 0.795073804255 0.347564303859 0.658521439301 0.0728833694069 0.262117768849
0.740489846518 0.384485952284 0.0336326857391 0.795073804255 0.347564303859 0.658521439301 0.0728833694069 0.262117768849
0.740489846518 0.384485952284 0.0336326857391 0.795073804255 0.347564303859 0.658521439301 0.0728833694069 0.262117768849
0.740489846518 0.384485952284 0.0336326857391 0.795073804255 0.347564303859 0.658521439301 0.0728833694069 0.262117768849
0.740489846518 0.384485952284 0.0336326857391 0.795073804255 0.347564303859 0.658521439301 0.0728833694069 0.262117768849
0.740489846518 0.384485952284 0.0336326857391 0.795073804255 0.347564303859 0.658521439301 0.0728833694069 0.262117768849
0.740489846518 0.384485952284 0.0336326857391 0.795073804255 0.347564303859 0.658521439301 0.0728833694069 0.262117768849
0.740489846518 0.384485952284 0.0336326857391 0.795073804255 0.347564303859 0.658521439301 0.0728833694069 0.262117768849
0.740489846518 0.384485952284 0.0336326857391 0.795073804255 0.347564303859 0.658521439301 0.0728833694069 0.262117768849
0.740489846518 0.384485952284 0.0336326857391 0.795073804255 0.347564303859 0.658521439301 0.0728833694069 0.262117768849
0.740489846518 0.384485952284 0.0336326857391 0.795073804255 0.347564303859 0.658521439301 0.0728833694069 0.262117768849
0.740489846518 0.384485952284 0.0336326857391 0.795073804255 0.347564303859 0.658521439301 0.0728833694069 0.262117768849
0.740489846518 0.384485952284 0.0336326857391 0.795073804255 0.347564303859 0.658521439301 0.0728833694069 0.262117768849
0.740489846518 0.384485952284 0.0336326857391 0.795073804255 0.347564303859 0.658521439301 0.0728833694069 0.262117768849
0.740489846518 0.384485952284 0.0336326857391 0.795073804255 0.347564303859 0.658521439301 0.0728833694069 0.262117768849
0.740489846518 0.384485952284 0.0336326857391 0.795073804255 0.347564303859 0.658521439301 0.0728833694069 0.262117768849
0.740489846518 0.384485952284 0.0336326857391 0.795073804255 0.347564303859 0.658521439301 0.0728833694069 0.262117768849
0.740489846518 0.384485952284 0.0336326857391 0.795073804255 0.347564303859 0.658521439301 0.0728833694069 0.262117768849
0.740489846518 0.384485952284 0.0336326857391 0.795073804255 0.347564303859 0.658521439301 0.0728833694069 0.262117768849
0.740489846518 0.384485952284 0.0336326857391 0.795073804255 0.347564303859 0.658521439301 0.0728833694069 0.262117768849
0.740489846518 0.384485952284 0.0336326857391 0.795073804255 0.347564303859 0.658521439301 0.0728833694069 0.262117768849
0.740489846518 0.384485952284 0.0336326857391 0.795073804255 0.347564303859 0.658521439301 0.0728833694069 0.262117768849
0.740489846518 0.384485952284 0.0336326857391 0.795073804255 0.347564303859 0.658521439301 0.0728833694069 0.262117768849
0.740489846518 0.384485952284 0.0336326857391 0.795073804255 0.347564303859 0.658521439301 0.0728833694069 0.262117768849
0.740489846518 0.384485952284 0.0336326857391 0.795073804255 0.347564303859 0.658521439301 0.0728833694069 0.262117768849
0.740489846518 0.384485952284 0.0336326857391 0.795073804255 0.347564303859 0.658521439301 0.0728833694069 0.262117768849
0.740489846518 0.384485952284 0.0336326857391 0.795073804255 0.347564303859 0.658521439301 0.0728833694069 0.262117768849
0.740489846518 0.384485952284 0.0336326857391 0.795073804255 0.347564303859 0.658521439301 0.0728833694069 0.262117768849
0.740489846518 0.384485952284 0.0336326857391 0.795073804255 0.347564303859 0.658521439301 0.0728833694069 0.262117768849
0.740489846518 0.384485952284 0.0336326857391 0.795073804255 0.347564303859 0.658521439301 0.0728833694069 0.262117768849
0.740489846518 0.384485952284 0.0336326857391 0.795073804255 0.347564303859 0.658521439301 0.0728833694069 0.262117768849
0.740489846518 0.384485952284 0.0336326857391 0.795073804255 0.347564303859 0.658521439301 0.0728833694069 0.262117768849
0.740489846518 0.384485952284 0.0336326857391 0.795073804255 0.347564303859 0.658521439301 0.0728833694069 0.262117768849
0.740489846518 0.384485952284 0.0336326857391 0.795073804255 0.347564303859 0.658521439301 0.0728833694069 0.262117768849
0.740489846518 0.384485952284 0.0336326857391 0.795073804255 0.347564303859 0.658521439301 0.0728833694069 0.262117768849
0.740489846518 0.384485952284 0.0336326857391 0.795073804255 0.347564303859 0.658521439301 0.0728833694069 0.262117768849
0.740489846518 0.384485952284 0.0336326857391 0.795073804255 0.347564303859 0.658521439301 0.0728833694069 0.262117768849
0.740489846518 0.384485952284 0.0336326857391 0.795073804255 0.347564303859 0.658521439301 0.0728833694069 0.262117768849
0.740489846518 0.384485952284 0.0336326857391 0.795073804255 0.347564303859 0.658521439301 0.0728833694069 0.262117768849
0.740489846518 0.384485952284 0.0336326857391 0.795073804255 0.347564303859 0.658521439301 0.0728833694069 0.262117768849
0.740489846518 0.384485952284 0.0336326857391 0.795073804255 0.347564303859 0.658521439301 0.0728833694069 0.262117768849
0.740489846518 0.384485952284 0.0336326857391 0.795073804255 0.347564303859 0.658521439301 0.0728833694069 0.262117768849
0.740489846518 0.384485952284 0.0336326857391 0.795073804255 0.347564303859 0.658521439301 0.0728833694069 0.262117768849
0.740489846518 0.384485952284 0.0336326857391 0.795073804255 0.347564303859 0.658521439301 0.0728833694069 0.262117768849
0.740489846518 0.384485952284 0.0336326857391 0.795073804255 0.347564303859 0.658521439301 0.0728833694069 0.262117768849
0.740489846518 0.384485952284 0.0336326857391 0.795073804255 0.347564303859 0.658521439301 0.0728833694069 0.262117768849
0.740489846518 0.384485952284 0.0336326857391 0.795073804255 0.347564303859 0.658521439301 0.0728833694069 0.262117768849
0.740489846518 0.384485952284 0.0336326857391 0.795073804255 0.347564303859 0.658521439301 0.0728833694069 0.262117768849
0.740489846518 0.384485952284 0.0336326857391 0.795073804255 0.347564303859 0.658521439301 0.0728833694069 0.262117768849
0.740489846518 0.384485952284 0.0336326857391 0.795073804255 0.347564303859 0.658521439301 0.0728833694069 0.262117768849
0.740489846518 0.384485952284 0.0336326857391 0.795073804255 0.347564303859 0.658521439301 0.0728833694069 0.262117768849
0.740489846518 0.384485952284 0.0336326857391 0.795073804255 0.347564303859 0.658521439301 0.0728833694069 0.262117768849
0.740489846518 0.384485952284 0.0336326857391 0.795073804255 0.347564303859 0.658521439301 0.0728833694069 0.262117768849
0.740489846518 0.384485952284 0.0336326857391 0.795073804255 0.347564303859 0.658521439301 0.0728833694069 0.262117768849
0.740489846518 0.384485952284 0.0336326857391 0.795073804255 0.347564303859 0.658521439301 0.0728833694069 0.262117768849
0.740489846518 0.384485952284 0.0336326857391 0.795073804255 0.347564303859 0.658521439301 0.0728833694069 0.262117768849
0.740489846518 0.384485952284 0.0336326857391 0.795073804255 0.347564303859 0.658521439301 0.0728833694069 0.262117768849
0.740489846518 0.384485952284 0.0336326857391 0.795073804255 0.347564303859 0.658521439301 0.0728833694069 0.262117768849
0.740489846518 0.384485952284 0.0336326857391 0.795073804255 0.347564303859 0.658521439301 0.0728833694069 0.262117768849
0.740489846518 0.384485952284 0.0336326857391 0.795073804255 0.347564303859 0.658521439301 0.0728833694069 0.262117768849
0.740489846518 0.384485952284 0.0336326857391 0.795073804255 0.347564303859 0.658521439301 0.0728833694069 0.262117768849
0.740489846518 0.384485952284 0.0336326857391 0.795073804255 0.347564303859 0.658521439301 0.0728833694069 0.262117768849
0.740489846518 0.384485952284 0.0336326857391 0.795073804255 0.347564303859 0.658521439301 0.0728833694069 0.262117768849
0.740489846518 0.384485952284 0.0336326857391 0.795073804255 0.347564303859 0.658521439301 0.0728833694069 0.188707264588
0.740489846518 0.384485952284 0.0336326857391 0.795073804255 0.347564303859 0.658521439301 0.0728833694069 0.262117768849
0.740489846518 0.384485952284 0.0336326857391 0.795073804255 0.347564303859 0.658521439301 0.0728833694069 0.262117768849
0.740489846518 0.384485952284 0.0336326857391 0.795073804255 0.347564303859 0.658521439301 0.0728833694069 0.262117768849
0.740489846518 0.384485952284 0.0336326857391 0.795073804255 0.347564303859 0.658521439301 0.0728833694069 0.262117768849
0.740489846518 0.384485952284 0.0336326857391 0.795073804255 0.347564303859 0.658521439301 0.0728833694069 0.262117768849
0.740489846518 0.384485952284 0.0336326857391 0.795073804255 0.347564303859 0.658521439301 0.0728833694069 0.262117768849
0.740489846518 0.384485952284 0.0336326857391 0.795073804255 0.347564303859 0.658521439301 0.0728833694069 0.262117768849
0.740489846518 0.384485952284 0.0336326857391 0.795073804255 0.347564303859 0.658521439301 0.0728833694069 0.262117768849
0.740489846518 0.384485952284 0.0336326857391 0.795073804255 0.347564303859 0.658521439301 0.0728833694069 0.262117768849
0.740489846518 0.384485952284 0.0336326857391 0.795073804255 0.347564303859 0.658521439301 0.0728833694069 0.262117768849
0.740489846518 0.384485952284 0.0336326857391 0.795073804255 0.347564303859 0.658521439301 0.0728833694069 0.262117768849
0.740489846518 0.384485952284 0.0336326857391 0.795073804255 0.347564303859 0.658521439301 0.0728833694069 0.262117768849
0.740489846518 0.384485952284 0.0336326857391 0.795073804255 0.347564303859 0.658521439301 0.0728833694069 0.262117768849
0.740489846518 0.384485952284 0.0336326857391 0.795073804255 0.347564303859 0.658521439301 0.0728833694069 0.262117768849
0.740489846518 0.384485952284 0.0336326857391 0.795073804255 0.347564303859 0.658521439301 0.0728833694069 0.262117768849
0.740489846518 0.384485952284 0.0336326857391 0.0906666357376 0.347564303859 0.658521439301 0.0728833694069 0.262399280158
0.740489846518 0.384485952284 0.0336326857391 0.795073804255 0.347564303859 0.658521439301 0.0728833694069 0.262117768849
0.740489846518 0.384485952284 0.0336326857391 0.795073804255 0.347564303859 0.658521439301 0.0728833694069 0.262117768849
0.740489846518 0.384485952284 0.0336326857391 0.795073804255 0.347564303859 0.658521439301 0.0728833694069 0.262117768849
0.740489846518 0.384485952284 0.0336326857391 0.795073804255 0.347564303859 0.658521439301 0.0728833694069 0.262117768849
0.740489846518 0.384485952284 0.0336326857391 0.795073804255 0.347564303859 0.658521439301 0.0728833694069 0.262117768849
0.740489846518 0.384485952284 0.0336326857391 0.795073804255 0.347564303859 0.658521439301 0.0728833694069 0.262117768849
0.740489846518 0.384485952284 0.0336326857391 0.795073804255 0.347564303859 0.658521439301 0.0728833694069 0.262117768849
0.740489846518 0.384485952284 0.0336326857391 0.795073804255 0.347564303859 0.658521439301 0.0728833694069 0.262117768849
0.740489846518 0.384485952284 0.0336326857391 0.795073804255 0.347564303859 0.658521439301 0.0728833694069 0.262117768849
0.740489846518 0.384485952284 0.0336326857391 0.795073804255 0.347564303859 0.658521439301 0.0728833694069 0.262117768849
0.740489846518 0.384485952284 0.0336326857391 0.795073804255 0.347564303859 0.658521439301 0.0728833694069 0.262117768849
0.740489846518 0.384485952284 0.0336326857391 0.795073804255 0.347564303859 0.658521439301 0.0728833694069 0.262117768849
0.740489846518 0.384485952284 0.0336326857391 0.795073804255 0.347564303859 0.658521439301 0.0728833694069 0.262117768849
0.740489846518 0.384485952284 0.0336326857391 0.795073804255 0.347564303859 0.658521439301 0.0728833694069 0.262117768849
0.740489846518 0.384485952284 0.0336326857391 0.795073804255 0.347564303859 0.658521439301 0.0728833694069 0.262117768849
0.740489846518 0.384485952284 0.0336326857391 0.795073804255 0.347564303859 0.658521439301 0.0728833694069 0.300793834209
0.740489846518 0.384485952284 0.0336326857391 0.795073804255 0.347564303859 0.658521439301 0.0728833694069 0.262117768849
0.740489846518 0.384485952284 0.0336326857391 0.795073804255 0.347564303859 0.658521439301 0.0728833694069 0.262117768849
0.740489846518 0.384485952284 0.0336326857391 0.795073804255 0.347564303859 0.658521439301 0.0728833694069 0.363146984728
0.740489846518 0.384485952284 0.0336326857391 0.795073804255 0.347564303859 0.658521439301 0.0728833694069 0.262117768849
0.740489846518 0.384485952284 0.0336326857391 0.795073804255 0.347564303859 0.658521439301 0.0728833694069 0.262117768849
0.740489846518 0.384485952284 0.0336326857391 0.795073804255 0.347564303859 0.658521439301 0.0728833694069 0.262117768849
0.740489846518 0.384485952284 0.0336326857391 0.795073804255 0.347564303859 0.658521439301 0.0728833694069 0.262117768849
0.740489846518 0.384485952284 0.0336326857391 0.795073804255 0.347564303859 0.658521439301 0.0728833694069 0.262117768849
0.740489846518 0.384485952284 0.0336326857391 0.795073804255 0.347564303859 0.658521439301 0.0728833694069 0.262117768849
0.740489846518 0.449208996454 0.0336326857391 0.795073804255 0.347564303859 0.658521439301 0.0728833694069 0.262149668276
0.740489846518 0.384485952284 0.0336326857391 0.795073804255 0.347564303859 0.658521439301 0.0728833694069 0.262117768849
0.740489846518 0.384485952284 0.0336326857391 0.795073804255 0.347564303859 0.658521439301 0.0728833694069 0.262117768849
0.740489846518 0.384485952284 0.0336326857391 0.795073804255 0.347564303859 0.658521439301 0.0728833694069 0.262117768849
0.740489846518 0.384485952284 0.0336326857391 0.795073804255 0.347564303859 0.658521439301 0.0728833694069 0.262117768849
0.740489846518 0.384485952284 0.0336326857391 0.795073804255 0.347564303859 0.658521439301 0.0728833694069 0.262117768849
0.740489846518 0.384485952284 0.0336326857391 0.795073804255 0.347564303859 0.658521439301 0.0728833694069 0.262117768849
0.740489846518 0.384485952284 0.0336326857391 0.795073804255 0.347564303859 0.658521439301 0.0728833694069 0.262117768849
0.740489846518 0.384485952284 0.0336326857391 0.795073804255 0.347564303859 0.658521439301 0.0728833694069 0.262117768849
0.740489846518 0.384485952284 0.0336326857391 0.795073804255 0.347564303859 0.658521439301 0.0728833694069 0.262117768849
0.740489846518 0.384485952284 0.0336326857391 0.795073804255 0.347564303859 0.658521439301 0.0728833694069 0.262117768849
0.740489846518 0.384485952284 0.0336326857391 0.795073804255 0.347564303859 0.658521439301 0.0728833694069 0.262117768849
0.740489846518 0.384485952284 0.0336326857391 0.795073804255 0.347564303859 0.658521439301 0.0728833694069 0.262117768849
0.740489846518 0.384485952284 0.0336326857391 0.795073804255 0.347564303859 0.658521439301 0.0728833694069 0.262117768849
0.740489846518 0.384485952284 0.0336326857391 0.795073804255 0.347564303859 0.658521439301 0.0728833694069 0.262117768849
0.740489846518 0.384485952284 0.0336326857391 0.795073804255 0.347564303859 0.658521439301 0.0728833694069 0.262117768849
0.740489846518 0.384485952284 0.0336326857391 0.795073804255 0.347564303859 0.658521439301 0.0728833694069 0.262117768849
0.740489846518 0.384485952284 0.0336326857391 0.795073804255 0.347564303859 0.658521439301 0.0728833694069 0.262117768849
0.740489846518 0.384485952284 0.0336326857391 0.795073804255 0.347564303859 0.658521439301 0.0728833694069 0.262117768849
0.740489846518 0.384485952284 0.0336326857391 0.795073804255 0.347564303859 0.658521439301 0.0728833694069 0.262117768849
0.740489846518 0.384485952284 0.0336326857391 0.795073804255 0.347564303859 0.658521439301 0.0728833694069 0.262117768849
0.740489846518 0.384485952284 0.0336326857391 0.795073804255 0.347564303859 0.658521439301 0.0728833694069 0.262117768849
0.740489846518 0.384485952284 0.0336326857391 0.795073804255 0.347564303859 0.658521439301 0.0728833694069 0.262117768849
0.740489846518 0.384485952284 0.0336326857391 0.795073804255 0.347564303859 0.658521439301 0.0728833694069 0.262117768849
0.740489846518 0.384485952284 0.0336326857391 0.795073804255 0.347564303859 0.658521439301 0.966274589226 0.261881050254
0.740489846518 0.384485952284 0.0336326857391 0.795073804255 0.347564303859 0.658521439301 0.0728833694069 0.262117768849
0.740489846518 0.384485952284 0.0336326857391 0.795073804255 0.347564303859 0.658521439301 0.0728833694069 0.262117768849
0.740489846518 0.384485952284 0.0336326857391 0.795073804255 0.347564303859 0.658521439301 0.0728833694069 0.262117768849
0.740489846518 0.384485952284 0.0336326857391 0.795073804255 0.347564303859 0.658521439301 0.0728833694069 0.262117768849
0.740489846518 0.384485952284 0.0336326857391 0.795073804255 0.347564303859 0.658521439301 0.0728833694069 0.262117768849
0.740489846518 0.384485952284 0.0336326857391 0.795073804255 0.347564303859 0.658521439301 0.0728833694069 0.262117768849
0.740489846518 0.384485952284 0.0336326857391 0.795073804255 0.347564303859 0.658521439301 0.0728833694069 0.262117768849
0.740489846518 0.384485952284 0.0336326857391 0.795073804255 0.347564303859 0.658521439301 0.0728833694069 0.262117768849
0.740489846518 0.384485952284 0.0336326857391 0.795073804255 0.347564303859 0.658521439301 0.0728833694069 0.262117768849
0.740489846518 0.384485952284 0.0336326857391 0.795073804255 0.347564303859 0.658521439301 0.0728833694069 0.262117768849
0.740489846518 0.384485952284 0.0336326857391 0.795073804255 0.347564303859 0.658521439301 0.0728833694069 0.262117768849
0.740489846518 0.384485952284 0.0336326857391 0.795073804255 0.347564303859 0.658521439301 0.0728833694069 0.262117768849
0.740489846518 0.384485952284 0.0336326857391 0.795073804255 0.347564303859 0.658521439301 0.0728833694069 0.262117768849
0.740489846518 0.384485952284 0.0336326857391 0.795073804255 0.347564303859 0.658521439301 0.0728833694069 0.262117768849
0.740489846518 0.384485952284 0.0336326857391 0.795073804255 0.347564303859 0.658521439301 0.0728833694069 0.262117768849
0.740489846518 0.384485952284 0.0336326857391 0.795073804255 0.347564303859 0.658521439301 0.0728833694069 0.262117768849
0.740489846518 0.384485952284 0.0336326857391 0.795073804255 0.347564303859 0.658521439301 0.0728833694069 0.288710149695
0.740489846518 0.384485952284 0.0336326857391 0.795073804255 0.347564303859 0.658521439301 0.0728833694069 0.262117768849
0.740489846518 0.384485952284 0.0336326857391 0.795073804255 0.347564303859 0.658521439301 0.0728833694069 0.262117768849
0.740489846518 0.384485952284 0.0336326857391 0.795073804255 0.347564303859 0.658521439301 0.0728833694069 0.262117768849
0.740489846518 0.384485952284 0.0336326857391 0.795073804255 0.347564303859 0.658521439301 0.0728833694069 0.262117768849
0.740489846518 0.384485952284 0.0336326857391 0.795073804255 0.347564303859 0.658521439301 0.0728833694069 0.262117768849
0.740489846518 0.384485952284 0.0336326857391 0.795073804255 0.347564303859 0.658521439301 0.0728833694069 0.262117768849
0.740489846518 0.384485952284 0.0336326857391 0.795073804255 0.347564303859 0.658521439301 0.0728833694069 0.262117768849
0.740489846518 0.384485952284 0.0336326857391 0.795073804255 0.347564303859 0.658521439301 0.0728833694069 0.262117768849
0.740489846518 0.384485952284 0.0336326857391 0.795073804255 0.347564303859 0.658521439301 0.0728833694069 0.544333134547
0.740489846518 0.384485952284 0.0336326857391 0.795073804255 0.347564303859 0.658521439301 0.0728833694069 0.262117768849
0.740489846518 0.384485952284 0.0336326857391 0.795073804255 0.347564303859 0.658521439301 0.0728833694069 0.262117768849
0.740489846518 0.384485952284 0.0336326857391 0.795073804255 0.347564303859 0.658521439301 0.0728833694069 0.262117768849
0.740489846518 0.384485952284 0.0336326857391 0.795073804255 0.347564303859 0.658521439301 0.0728833694069 0.262117768849
0.740489846518 0.384485952284 0.0336326857391 0.795073804255 0.347564303859 0.658521439301 0.0728833694069 0.262117768849
0.740489846518 0.384485952284 0.0336326857391 0.795073804255 0.347564303859 0.658521439301 0.0728833694069 0.262117768849
0.740489846518 0.384485952284 0.0336326857391 0.795073804255 0.347564303859 0.658521439301 0.0728833694069 0.262117768849
0.740489846518 0.384485952284 0.0336326857391 0.795073804255 0.347564303859 0.658521439301 0.0728833694069 0.262117768849
0.740489846518 0.384485952284 0.0336326857391 0.795073804255 0.347564303859 0.658521439301 0.0728833694069 0.262117768849
0.740489846518 0.384485952284 0.0336326857391 0.795073804255 0.347564303859 0.658521439301 0.0728833694069 0.262117768849
0.740489846518 0.384485952284 0.0336326857391 0.795073804255 0.347564303859 0.638876900528 0.0728833694069 0.262145259059
0.740489846518 0.384485952284 0.0336326857391 0.795073804255 0.347564303859 0.658521439301 0.0728833694069 0.262117768849
0.740489846518 0.384485952284 0.0336326857391 0.795073804255 0.347564303859 0.658521439301 0.0728833694069 0.262117768849
0.740489846518 0.384485952284 0.0336326857391 0.795073804255 0.347564303859 0.658521439301 0.0728833694069 0.262117768849
0.740489846518 0.384485952284 0.0336326857391 0.795073804255 0.347564303859 0.658521439301 0.0728833694069 0.262117768849
0.740489846518 0.384485952284 0.0336326857391 0.795073804255 0.347564303859 0.658521439301 0.0728833694069 0.262117768849
0.740489846518 0.384485952284 0.0336326857391 0.795073804255 0.347564303859 0.658521439301 0.0728833694069 0.262117768849
0.740489846518 0.384485952284 0.0336326857391 0.795073804255 0.347564303859 0.658521439301 0.0728833694069 0.262117768849
0.740489846518 0.384485952284 0.0336326857391 0.795073804255 0.347564303859 0.658521439301 0.0728833694069 0.262117768849
0.740489846518 0.384485952284 0.0336326857391 0.795073804255 0.347564303859 0.658521439301 0.0728833694069 0.262117768849
0.740489846518 0.384485952284 0.0336326857391 0.795073804255 0.347564303859 0.658521439301 0.0728833694069 0.262117768849
0.740489846518 0.384485952284 0.0336326857391 0.795073804255 0.347564303859 0.658521439301 0.0728833694069 0.262117768849
0.740489846518 0.384485952284 0.0336326857391 0.795073804255 0.347564303859 0.658521439301 0.0728833694069 0.262117768849
0.740489846518 0.384485952284 0.0336326857391 0.795073804255 0.347564303859 0.658521439301 0.0728833694069 0.262117768849
0.740489846518 0.384485952284 0.0336326857391 0.795073804255 0.347564303859 0.658521439301 0.0728833694069 0.262117768849
0.740489846518 0.384485952284 0.0336326857391 0.795073804255 0.347564303859 0.658521439301 0.0728833694069 0.262117768849
0.740489846518 0.384485952284 0.0336326857391 0.795073804255 0.347564303859 0.658521439301 0.0728833694069 0.262117768849
0.740489846518 0.384485952284 0.0336326857391 0.795073804255 0.347564303859 0.658521439301 0.0728833694069 0.262117768849
0.740489846518 0.384485952284 0.0336326857391 0.795073804255 0.347564303859 0.658521439301 0.0728833694069 0.262117768849
0.740489846518 0.384485952284 0.0336326857391 0.795073804255 0.347564303859 0.658521439301 0.0728833694069 0.262117768849
0.740489846518 0.384485952284 0.0336326857391 0.795073804255 0.347564303859 0.658521439301 0.0728833694069 0.262117768849
0.740489846518 0.384485952284 0.0336326857391 0.795073804255 0.347564303859 0.658521439301 0.0728833694069 0.262117768849
0.740489846518 0.384485952284 0.0336326857391 0.795073804255 0.347564303859 0.658521439301 0.0728833694069 0.262117768849
0.740489846518 0.384485952284 0.0336326857391 0.795073804255 0.347564303859 0.658521439301 0.0728833694069 0.262117768849
0.740489846518 0.384485952284 0.0336326857391 0.795073804255 0.347564303859 0.658521439301 0.0728833694069 0.262117768849
0.740489846518 0.384485952284 0.0336326857391 0.795073804255 0.347564303859 0.658521439301 0.0728833694069 0.262117768849
0.740489846518 0.384485952284 0.0336326857391 0.795073804255 0.347564303859 0.658521439301 0.0728833694069 0.262117768849
0.740489846518 0.384485952284 0.0336326857391 0.795073804255 0.347564303859 0.658521439301 0.0728833694069 0.262117768849
0.740489846518 0.384485952284 0.0336326857391 0.795073804255 0.347564303859 0.658521439301 0.0728833694069 0.262117768849
0.740489846518 0.384485952284 0.0336326857391 0.795073804255 0.347564303859 0.658521439301 0.0728833694069 0.262117768849
0.740489846518 0.384485952284 0.0336326857391 0.795073804255 0.347564303859 0.658521439301 0.0728833694069 0.262117768849
0.336402571012 0.384485952284 0.0336326857391 0.795073804255 0.347564303859 0.658521439301 0.0728833694069 0.262299309988
0.740489846518 0.384485952284 0.0336326857391 0.795073804255 0.347564303859 0.658521439301 0.0728833694069 0.262117768849
0.740489846518 0.384485952284 0.0336326857391 0.795073804255 0.347564303859 0.658521439301 0.0728833694069 0.262117768849
0.740489846518 0.384485952284 0.0336326857391 0.795073804255 0.347564303859 0.658521439301 0.0728833694069 0.262117768849
0.740489846518 0.384485952284 0.0336326857391 0.795073804255 0.347564303859 0.658521439301 0.0728833694069 0.262117768849
0.740489846518 0.384485952284 0.0336326857391 0.795073804255 0.347564303859 0.658521439301 0.0728833694069 0.262117768849
0.740489846518 0.384485952284 0.0336326857391 0.795073804255 0.347564303859 0.658521439301 0.0728833694069 0.262117768849
0.740489846518 0.384485952284 0.0336326857391 0.795073804255 0.347564303859 0.658521439301 0.0728833694069 0.262117768849
0.740489846518 0.384485952284 0.0336326857391 0.795073804255 0.347564303859 0.658521439301 0.0728833694069 0.262117768849
0.740489846518 0.384485952284 0.0336326857391 0.795073804255 0.347564303859 0.658521439301 0.0728833694069 0.262117768849
0.740489846518 0.384485952284 0.0336326857391 0.795073804255 0.347564303859 0.658521439301 0.0728833694069 0.262117768849
0.740489846518 0.384485952284 0.0336326857391 0.795073804255 0.347564303859 0.658521439301 0.0728833694069 0.262117768849
0.740489846518 0.384485952284 0.0336326857391 0.795073804255 0.347564303859 0.658521439301 0.0728833694069 0.262117768849
0.740489846518 0.384485952284 0.0133912893942 0.795073804255 0.347564303859 0.658521439301 0.0728833694069 0.262123819431
0.740489846518 0.384485952284 0.0336326857391 0.795073804255 0.347564303859 0.658521439301 0.0728833694069 0.262117768849
0.740489846518 0.384485952284 0.0336326857391 0.795073804255 0.347564303859 0.658521439301 0.0728833694069 0.262117768849
0.740489846518 0.384485952284 0.0336326857391 0.795073804255 0.347564303859 0.658521439301 0.0728833694069 0.262117768849
0.740489846518 0.384485952284 0.0336326857391 0.795073804255 0.347564303859 0.658521439301 0.0728833694069 0.262117768849
0.740489846518 0.384485952284 0.0336326857391 0.795073804255 0.347564303859 0.658521439301 0.0728833694069 0.262117768849
0.740489846518 0.384485952284 0.0336326857391 0.795073804255 0.347564303859 0.658521439301 0.0728833694069 0.262117768849
0.740489846518 0.384485952284 0.0336326857391 0.795073804255 0.347564303859 0.658521439301 0.0728833694069 0.262117768849
0.740489846518 0.384485952284 0.0336326857391 0.795073804255 0.347564303859 0.658521439301 0.0728833694069 0.262117768849
0.740489846518 0.384485952284 0.0336326857391 0.795073804255 0.347564303859 0.658521439301 0.0728833694069 0.262117768849
0.740489846518 0.384485952284 0.0336326857391 0.795073804255 0.347564303859 0.658521439301 0.0728833694069 0.262117768849
0.740489846518 0.384485952284 0.0336326857391 0.795073804255 0.347564303859 0.658521439301 0.0728833694069 0.262117768849
0.740489846518 0.384485952284 0.0336326857391 0.795073804255 0.347564303859 0.658521439301 0.0728833694069 0.262117768849
0.740489846518 0.384485952284 0.0336326857391 0.795073804255 0.347564303859 0.658521439301 0.0728833694069 0.262117768849
0.740489846518 0.384485952284 0.0336326857391 0.795073804255 0.347564303859 0.658521439301 0.0728833694069 0.262117768849
0.740489846518 0.384485952284 0.0336326857391 0.795073804255 0.347564303859 0.658521439301 0.0728833694069 0.262117768849
0.740489846518 0.384485952284 0.0318682763058 0.795073804255 0.347564303859 0.658521439301 0.0728833694069 0.262118354549
0.740489846518 0.384485952284 0.0336326857391 0.795073804255 0.347564303859 0.658521439301 0.0728833694069 0.262117768849
0.740489846518 0.384485952284 0.0336326857391 0.313789262068 0.347564303859 0.658521439301 0.0728833694069 0.262355618146
0.740489846518 0.384485952284 0.0336326857391 0.795073804255 0.347564303859 0.658521439301 0.0728833694069 0.262117768849
0.740489846518 0.384485952284 0.0336326857391 0.795073804255 0.347564303859 0.658521439301 0.0728833694069 0.262117768849
0.740489846518 0.384485952284 0.0336326857391 0.795073804255 0.347564303859 0.658521439301 0.0728833694069 0.262117768849
0.740489846518 0.384485952284 0.0336326857391 0.795073804255 0.347564303859 0.658521439301 0.0728833694069 0.262117768849
0.740489846518 0.384485952284 0.0336326857391 0.795073804255 0.347564303859 0.658521439301 0.0728833694069 0.262117768849
0.740489846518 0.384485952284 0.0336326857391 0.795073804255 0.347564303859 0.658521439301 0.0728833694069 0.262117768849
0.740489846518 0.384485952284 0.0336326857391 0.795073804255 0.347564303859 0.658521439301 0.0728833694069 0.262117768849
0.740489846518 0.384485952284 0.0336326857391 0.795073804255 0.347564303859 0.658521439301 0.0728833694069 0.262117768849
0.740489846518 0.384485952284 0.0336326857391 0.795073804255 0.347564303859 0.658521439301 0.0728833694069 0.35523639514
0.740489846518 0.384485952284 0.0336326857391 0.795073804255 0.347564303859 0.658521439301 0.0728833694069 0.262117768849
0.740489846518 0.384485952284 0.0336326857391 0.795073804255 0.347564303859 0.658521439301 0.0728833694069 0.262117768849
0.740489846518 0.384485952284 0.0336326857391 0.795073804255 0.347564303859 0.658521439301 0.0728833694069 0.262117768849
0.740489846518 0.384485952284 0.0336326857391 0.795073804255 0.347564303859 0.658521439301 0.0728833694069 0.262117768849
0.740489846518 0.384485952284 0.0336326857391 0.795073804255 0.347564303859 0.658521439301 0.0728833694069 0.262117768849
0.740489846518 0.384485952284 0.0336326857391 0.795073804255 0.347564303859 0.658521439301 0.0728833694069 0.262117768849
