0.0270530028225 0.0197233276807 0.00333162045772 0.0275632173724 0.00827754324757 0.204598851446 0.266407127653 0.246631284599
0.00164091402574 0.00131647583093 0.00179139894961 0.00501128369074 0.00467042878591 0.0136915340767 0.0134170537999 0.845180394362
0.0648217406127 0.00168017721695 0.0200649146915 0.0374708344739 0.0259494267265 0.0620575047452 0.38374105324 0.396682173724
0.00629997358156 0.0149738288253 0.0496394310902 0.0492954183396 0.0128253514946 0.271534932566 0.0900614363392 0.778545538155
9.66218439359e-05 3.76547466389e-05 5.99502866194e-05 0.00402017748582 0.0117104088314 0.00219459105023 0.0592217529042 0.58800760417
0.00314886980454 0.000611102616187 0.00808919894815 0.00302724689383 0.0101505972247 0.115516958394 0.324250158245 0.312116194292
0.0228265810596 0.0066553770375 0.0372517948149 0.290433543159 0.103871167739 0.111148900879 0.168068521984 0.156452222328
0.0116247059749 0.0708771031468 0.128121117453 0.0462615355243 0.0246674909291 0.0198261229621 0.00784196454774 0.11445044772
0.000266961518022 0.000409782978375 0.00113840341319 0.00139137741466 0.0351925084994 0.0127009220682 0.413599437922 0.243988913551
0.0198352747765 0.0443399340066 0.0186707283026 0.0485339487978 0.0558051574668 0.00736690235787 0.192412573432 0.172973342302
3.04010056425e-05 1.36149805426e-05 3.29264783601e-05 6.845646343e-07 7.38491569244e-06 0.00281437264234 0.00899065700858 0.606907954473
0.00443870004614 0.00156503005088 0.0030427656425 0.00597969813156 0.0247381371255 0.0694097521825 0.19652569102 0.172609939369
0.000847752019249 0.000997768855854 0.000916979011668 0.000101563651877 0.0925608631494 0.0597546250786 0.109670634831 0.540336295391
0.00161977346042 0.000701726040365 0.00440018659888 0.00473817950146 0.00915460185174 0.0144647600816 0.0250412962462 0.487152418572
0.0765033297565 0.0117374321952 0.0301739596738 0.0579356356414 0.0103454365356 0.247209133817 0.0511673757905 0.388970600737
0.0167095218748 0.000691233140496 0.0165311662659 0.0103237731795 0.0149310977237 0.279425152941 0.164458876946 0.299685596714
0.0026473367663 0.00398176676414 0.00132845872742 0.300731948497 0.0554736369823 0.0144521017165 0.335466564498 0.0671832690864
0.115936145044 0.0488922933373 0.104929883394 0.226937224632 0.00574786661491 0.17829809077 0.103975603953 0.0426777582346
0.0292861485696 0.00078392076409 0.00776719476586 0.00477174509435 0.000238501546937 0.222360592872 0.121437640258 0.077796548759
2.97069828349e-05 0.000414991058058 0.00518957881502 0.0406325612834 0.164223910866 0.0317337409616 0.0693188217257 0.170068518803
0.0252659704665 0.00235756404591 0.00377220429329 0.00139086900069 0.00719863984428 0.00731572177582 0.00422527334602 0.58398956339
0.0227209034566 0.0032080695536 0.130657455918 0.025070732699 0.0434490655476 0.208329719281 0.00515213511646 0.570471980378
0.000140576791986 0.00624777141304 0.00251321624274 0.0102408541594 0.0229587208931 0.0198733204121 0.0022276536767 0.757516583627
0.000693527294816 0.000207516627912 0.0033424228657 0.00114196170147 0.0306982167244 0.116536770138 0.202466049993 0.235769409352
0.00301785617158 0.000271118372386 0.00281157327815 0.141836460069 0.0897221591171 0.22388397115 0.00609598812764 0.455931909428
0.00457329649754 0.00201310795323 0.00661735162674 0.0119820467846 0.0427863793831 0.0238324458131 0.0470353600008 0.759570844714
0.0799961961542 0.0573504800186 0.269566937016 0.330643711932 0.107787614513 0.094030788857 0.296796252067 0.157642067289
5.74373232075e-05 8.56673789966e-06 8.89418680329e-06 0.000508635238837 0.0638932222614 0.212294888328 0.139756789615 0.0509258376914
0.214786244491 0.429246208801 0.233127036067 0.24129405115 0.255692498751 0.113103268127 0.295660734264 0.0558935243412
0.0127996962631 0.000456231195936 0.0176026993321 0.0344406152602 0.00569906191314 0.0278373265427 0.00785812264491 0.635514820227
0.0124506446042 0.00214655130237 0.00111891514238 0.0131494547372 0.0273282387742 0.123455630993 0.0446327220572 0.611968781019
0.004000309036 0.000721915010086 0.00721922476683 0.00160630844281 0.039222033159 0.0755276341838 0.737026688676 0.0168574156404
6.24953278383e-05 3.308636716e-05 0.0001576451323 0.000297888458061 0.000755352394743 0.0058517932178 0.0721489483779 0.614133586165
0.000749357178974 5.64204132269e-05 0.000363758933828 0.000106696876419 9.52349956106e-05 0.00108083492493 0.000411314111374 0.654782754201
3.14555896676e-06 6.06858329905e-06 1.1762880977e-05 6.57772241672e-06 0.000103404886346 0.00156983598641 0.0135838280427 0.783625138677
0.00595544204078 0.0019895578632 0.00271633561605 0.00156774180942 0.00320777248076 0.0330533347238 0.0244443783029 0.51089470148
0.0113563019808 0.00166364240063 0.0094665222102 0.102612550028 0.0473396995522 0.0518359118296 0.0952267691318 0.226485507335
0.00836655500586 0.0105521281766 0.00450451278475 0.00792945400471 0.00835429241771 0.0151270936449 0.00890877633505 0.151781911689
0.0897191540155 0.0197465486503 0.0581049600287 0.0612395604597 0.0645650162536 0.0291636518886 0.387370397736 0.038551027735
0.00136074600464 0.00019033814248 0.00232339602177 0.00165535011441 0.021270357797 0.374233318416 0.113312932678 0.425513180997
0.0022788045292 0.00067746206177 0.0050714381119 0.0088072748916 0.0218009020825 0.0744722545056 0.0112325869795 0.466434559468
0.169883488754 0.0239364312591 0.106248333616 0.00600876995142 0.0135108367518 0.1345399476 0.238152388868 0.0168714826458
6.70279016103e-05 3.48890107663e-06 6.68786462626e-05 0.000588330612092 9.5420715366e-05 0.000643587788297 0.0513468892547 0.403538522736
0.00200371635231 0.00436524576744 0.00268801069586 0.0151816080819 0.00443546942915 0.0458903879934 3.417743509e-05 0.0881314445703
0.00228632149855 0.00319585235658 0.000655651994144 0.00752127428875 0.0615683635012 0.105396298829 0.0858643489211 0.352408860563
0.0718735866471 0.0275844927071 0.0417605596013 0.134622085108 0.0649209997304 0.020575256486 0.138025244597 0.112486919796
0.188958608109 0.0588628775614 0.225409247909 0.537651967521 0.0561813390428 0.022033964 0.0798850823508 0.36687882418
0.00637941249958 0.0656749109974 0.140684434744 0.000127497652401 0.165175200679 0.137822539167 0.0586742738445 0.278223423982
4.44019847849e-05 6.88736138694e-05 5.34667565135e-05 0.000918663067041 0.000183226105057 0.384148284001 0.206491822295 0.25187389351
0.00450816913351 0.0002636252319 0.0108097735126 0.0204288592194 0.0149838473281 0.00158901475273 0.160268301112 0.228975962627
0.0270530028225 0.0197233276807 0.00333162045772 0.0275632173724 0.00827754324757 0.204598851446 0.266407127653 0.246631284599
0.0270530028225 0.0197233276807 0.00333162045772 0.0275632173724 0.00827754324757 0.204598851446 0.266407127653 0.246631284599
0.0224955503164 0.0223467710127 0.00333162045772 0.0275632173724 0.00827754324757 0.204598851446 0.266407127653 0.246631284599
0.0270530028225 0.0197233276807 0.00333162045772 0.0275632173724 0.00827754324757 0.204598851446 0.266407127653 0.246631284599
0.0270530028225 0.0197233276807 0.00333162045772 0.0275632173724 0.00827754324757 0.204598851446 0.266407127653 0.246631284599
0.0270530028225 0.0197233276807 0.00333162045772 0.0275632173724 0.00827754324757 0.204598851446 0.266407127653 0.246631284599
0.0270530028225 0.0197233276807 0.00333162045772 0.0275632173724 0.00827754324757 0.204598851446 0.266407127653 0.246631284599
0.0270530028225 0.0197233276807 0.00333162045772 0.0275632173724 0.00827754324757 0.204598851446 0.266407127653 0.246631284599
0.0270530028225 0.0197233276807 0.00333162045772 0.0275632173724 0.00827754324757 0.204598851446 0.266407127653 0.246631284599
0.0270530028225 0.0197233276807 0.00333162045772 0.0275632173724 0.00827754324757 0.204598851446 0.266407127653 0.246631284599
0.0270530028225 0.0197233276807 0.00333162045772 0.0275632173724 0.00827754324757 0.204598851446 0.266407127653 0.246631284599
0.0270530028225 0.0197233276807 0.00333162045772 0.0275632173724 0.00827754324757 0.204598851446 0.266407127653 0.246631284599
0.0270530028225 0.0197233276807 0.00333162045772 0.0275632173724 0.00827754324757 0.204598851446 0.266407127653 0.246631284599
0.0270530028225 0.0197233276807 0.00333162045772 0.0275632173724 0.00827754324757 0.204598851446 0.266407127653 0.246631284599
0.0270530028225 0.0197233276807 0.00333162045772 0.0275632173724 0.00827754324757 0.204598851446 0.266407127653 0.246631284599
0.0270530028225 0.0197233276807 0.00333162045772 0.0275632173724 0.00827754324757 0.204598851446 0.266407127653 0.246631284599
0.0270530028225 0.0197233276807 0.00333162045772 0.0275632173724 0.00827754324757 0.204598851446 0.266407127653 0.246631284599
0.0270530028225 0.0197233276807 0.00333162045772 0.0275632173724 0.00827754324757 0.204598851446 0.266407127653 0.246631284599
0.0874444387195 0.0637519128998 0.0107712971688 0.0890932792422 0.0267665341249 0.120238824998 0.266407127653 0.246631284599
0.0270530028225 0.0197233276807 0.00333162045772 0.0275632173724 0.00827754324757 0.204598851446 0.266407127653 0.246631284599
0.0270530028225 0.0197233276807 0.00333162045772 0.0275632173724 0.00827754324757 0.204598851446 0.266407127653 0.246631284599
0.0270530028225 0.0197233276807 0.00333162045772 0.0275632173724 0.00827754324757 0.204598851446 0.266407127653 0.246631284599
0.0270530028225 0.0197233276807 0.00333162045772 0.0275632173724 0.00827754324757 0.204598851446 0.266407127653 0.246631284599
0.0270530028225 0.0197233276807 0.00333162045772 0.0275632173724 0.00827754324757 0.204598851446 0.266407127653 0.246631284599
0.0270530028225 0.0197233276807 0.00333162045772 0.0275632173724 0.00827754324757 0.204598851446 0.266407127653 0.246631284599
0.0270530028225 0.0197233276807 0.00333162045772 0.0275632173724 0.00827754324757 0.204598851446 0.266407127653 0.246631284599
0.0270530028225 0.0197233276807 0.00333162045772 0.0275632173724 0.00827754324757 0.204598851446 0.266407127653 0.246631284599
0.0270530028225 0.0197233276807 0.00333162045772 0.0275632173724 0.00827754324757 0.204598851446 0.266407127653 0.246631284599
0.0270530028225 0.0197233276807 0.00333162045772 0.0275632173724 0.00827754324757 0.204598851446 0.266407127653 0.246631284599
0.0270530028225 0.0197233276807 0.00333162045772 0.0275632173724 0.00827754324757 0.204598851446 0.266407127653 0.246631284599
0.0270530028225 0.0197233276807 0.00333162045772 0.0275632173724 0.00827754324757 0.204598851446 0.266407127653 0.246631284599
0.0270530028225 0.0197233276807 0.00333162045772 0.0275632173724 0.00827754324757 0.204598851446 0.266407127653 0.246631284599
0.0270530028225 0.0197233276807 0.00333162045772 0.0275632173724 0.00827754324757 0.204598851446 0.266407127653 0.246631284599
0.0270530028225 0.0197233276807 0.00333162045772 0.0275632173724 0.00827754324757 0.204598851446 0.266407127653 0.246631284599
0.0270530028225 0.0197233276807 0.00333162045772 0.0275632173724 0.00827754324757 0.204598851446 0.266407127653 0.246631284599
0.0270530028225 0.0197233276807 0.00333162045772 0.0275632173724 0.00827754324757 0.204598851446 0.266407127653 0.246631284599
0.0270530028225 0.0197233276807 0.00333162045772 0.0275632173724 0.00827754324757 0.204598851446 0.266407127653 0.246631284599
0.0270530028225 0.0197233276807 0.00333162045772 0.0275632173724 0.00827754324757 0.204598851446 0.266407127653 0.246631284599
0.0270530028225 0.0197233276807 0.00333162045772 0.0275632173724 0.00827754324757 0.204598851446 0.266407127653 0.246631284599
0.0270530028225 0.0197233276807 0.00333162045772 0.0275632173724 0.00827754324757 0.204598851446 0.266407127653 0.246631284599
0.0270530028225 0.0197233276807 0.00333162045772 0.0275632173724 0.00827754324757 0.204598851446 0.266407127653 0.246631284599
0.0270530028225 0.0197233276807 0.00333162045772 0.0275632173724 0.00827754324757 0.204598851446 0.266407127653 0.246631284599
0.0270530028225 0.0197233276807 0.00333162045772 0.0275632173724 0.00827754324757 0.204598851446 0.266407127653 0.246631284599
0.0270530028225 0.0197233276807 0.00333162045772 0.0275632173724 0.00827754324757 0.204598851446 0.266407127653 0.246631284599
0.0270530028225 0.0197233276807 0.00333162045772 0.0275632173724 0.00827754324757 0.204598851446 0.266407127653 0.246631284599
0.0270530028225 0.0197233276807 0.00333162045772 0.0275632173724 0.00827754324757 0.204598851446 0.266407127653 0.246631284599
0.0270530028225 0.0197233276807 0.00333162045772 0.0275632173724 0.00827754324757 0.204598851446 0.266407127653 0.246631284599
0.0270530028225 0.0197233276807 0.00333162045772 0.0275632173724 0.00827754324757 0.204598851446 0.266407127653 0.246631284599
0.0270530028225 0.0197233276807 0.00333162045772 0.0275632173724 0.00827754324757 0.204598851446 0.266407127653 0.246631284599
0.0270530028225 0.0197233276807 0.00333162045772 0.0275632173724 0.00827754324757 0.204598851446 0.266407127653 0.246631284599
0.0270530028225 0.0197233276807 0.00333162045772 0.0275632173724 0.00827754324757 0.204598851446 0.266407127653 0.246631284599
0.0561599346071 0.00296826857616 0.00333162045772 0.0275632173724 0.00827754324757 0.204598851446 0.266407127653 0.246631284599
0.0270530028225 0.0197233276807 0.00333162045772 0.0275632173724 0.00827754324757 0.204598851446 0.266407127653 0.246631284599
0.0270530028225 0.0197233276807 0.00333162045772 0.0275632173724 0.00827754324757 0.204598851446 0.266407127653 0.246631284599
0.0270530028225 0.0197233276807 0.00333162045772 0.0275632173724 0.00827754324757 0.204598851446 0.266407127653 0.246631284599
0.0270530028225 0.0197233276807 0.00333162045772 0.0275632173724 0.00827754324757 0.204598851446 0.266407127653 0.246631284599
0.0270530028225 0.0197233276807 0.00333162045772 0.0275632173724 0.00827754324757 0.204598851446 0.266407127653 0.246631284599
0.0270530028225 0.0197233276807 0.00333162045772 0.0275632173724 0.00827754324757 0.204598851446 0.266407127653 0.246631284599
0.0270530028225 0.0197233276807 0.00333162045772 0.0275632173724 0.00827754324757 0.204598851446 0.266407127653 0.246631284599
0.0270530028225 0.0197233276807 0.00333162045772 0.0275632173724 0.00827754324757 0.204598851446 0.266407127653 0.246631284599
0.0270530028225 0.0197233276807 0.00333162045772 0.0275632173724 0.00827754324757 0.204598851446 0.266407127653 0.246631284599
0.0270530028225 0.0197233276807 0.00333162045772 0.0275632173724 0.00827754324757 0.204598851446 0.266407127653 0.246631284599
0.0270530028225 0.0197233276807 0.00333162045772 0.0275632173724 0.00827754324757 0.204598851446 0.266407127653 0.246631284599
0.0270530028225 0.0197233276807 0.00333162045772 0.0275632173724 0.00827754324757 0.204598851446 0.266407127653 0.246631284599
0.0270530028225 0.0197233276807 0.00333162045772 0.0275632173724 0.00827754324757 0.204598851446 0.266407127653 0.246631284599
0.0270530028225 0.0197233276807 0.00333162045772 0.0275632173724 0.00827754324757 0.204598851446 0.266407127653 0.246631284599
0.0270530028225 0.0197233276807 0.00333162045772 0.0275632173724 0.00827754324757 0.204598851446 0.266407127653 0.246631284599
0.0270530028225 0.0197233276807 0.00333162045772 0.0275632173724 0.00827754324757 0.204598851446 0.266407127653 0.246631284599
0.0270530028225 0.0197233276807 0.00333162045772 0.0275632173724 0.00827754324757 0.204598851446 0.266407127653 0.246631284599
0.0270530028225 0.0197233276807 0.00333162045772 0.0275632173724 0.00827754324757 0.204598851446 0.266407127653 0.246631284599
0.0270530028225 0.0197233276807 0.00333162045772 0.0275632173724 0.00827754324757 0.204598851446 0.266407127653 0.246631284599
0.0270530028225 0.0197233276807 0.00333162045772 0.0275632173724 0.00827754324757 0.204598851446 0.266407127653 0.246631284599
0.0270530028225 0.0197233276807 0.00333162045772 0.0275632173724 0.00827754324757 0.204598851446 0.266407127653 0.246631284599
0.0270530028225 0.0197233276807 0.00333162045772 0.0275632173724 0.00827754324757 0.204598851446 0.266407127653 0.246631284599
0.0270530028225 0.0197233276807 0.00333162045772 0.0275632173724 0.00827754324757 0.204598851446 0.266407127653 0.246631284599
0.0270530028225 0.0197233276807 0.00333162045772 0.0275632173724 0.00827754324757 0.204598851446 0.266407127653 0.246631284599
0.0270530028225 0.0197233276807 0.00333162045772 0.0275632173724 0.00827754324757 0.204598851446 0.266407127653 0.246631284599
0.0270530028225 0.0197233276807 0.00333162045772 0.0275632173724 0.00827754324757 0.204598851446 0.266407127653 0.246631284599
0.0270530028225 0.0197233276807 0.00333162045772 0.0275632173724 0.00827754324757 0.204598851446 0.266407127653 0.246631284599
0.0270530028225 0.0197233276807 0.00333162045772 0.0275632173724 0.00827754324757 0.204598851446 0.266407127653 0.246631284599
0.0270530028225 0.0197233276807 0.00333162045772 0.0275632173724 0.00827754324757 0.204598851446 0.266407127653 0.246631284599
0.0270530028225 0.0197233276807 0.00333162045772 0.0275632173724 0.00827754324757 0.204598851446 0.266407127653 0.246631284599
0.0270530028225 0.0197233276807 0.00333162045772 0.0275632173724 0.00827754324757 0.204598851446 0.266407127653 0.246631284599
0.0270530028225 0.0197233276807 0.00333162045772 0.0275632173724 0.00827754324757 0.204598851446 0.266407127653 0.246631284599
0.0270530028225 0.0197233276807 0.00333162045772 0.0275632173724 0.00827754324757 0.204598851446 0.266407127653 0.246631284599
0.0270530028225 0.0197233276807 0.00333162045772 0.0275632173724 0.00827754324757 0.204598851446 0.266407127653 0.246631284599
0.0270530028225 0.0197233276807 0.00333162045772 0.0275632173724 0.00827754324757 0.204598851446 0.266407127653 0.246631284599
0.0270530028225 0.0197233276807 0.00333162045772 0.0275632173724 0.00827754324757 0.204598851446 0.266407127653 0.246631284599
0.0270530028225 0.0197233276807 0.00333162045772 0.0275632173724 0.00827754324757 0.204598851446 0.266407127653 0.246631284599
0.0270530028225 0.0197233276807 0.00333162045772 0.0275632173724 0.00827754324757 0.204598851446 0.266407127653 0.246631284599
0.0270530028225 0.0197233276807 0.00333162045772 0.0275632173724 0.00827754324757 0.204598851446 0.266407127653 0.246631284599
0.0270530028225 0.0197233276807 0.00333162045772 0.0275632173724 0.00827754324757 0.204598851446 0.266407127653 0.246631284599
0.0270530028225 0.0197233276807 0.00333162045772 0.0275632173724 0.00827754324757 0.204598851446 0.266407127653 0.246631284599
0.0270530028225 0.0197233276807 0.00333162045772 0.0275632173724 0.00827754324757 0.204598851446 0.266407127653 0.246631284599
0.0270530028225 0.0197233276807 0.00333162045772 0.0275632173724 0.00827754324757 0.204598851446 0.266407127653 0.246631284599
0.0270530028225 0.0197233276807 0.00333162045772 0.0275632173724 0.00827754324757 0.204598851446 0.266407127653 0.246631284599
0.0270530028225 0.0197233276807 0.00333162045772 0.0275632173724 0.00827754324757 0.204598851446 0.266407127653 0.246631284599
0.0270530028225 0.0197233276807 0.00333162045772 0.0275632173724 0.00827754324757 0.204598851446 0.266407127653 0.246631284599
0.0270530028225 0.0197233276807 0.00333162045772 0.0275632173724 0.00827754324757 0.204598851446 0.266407127653 0.246631284599
0.0270530028225 0.0197233276807 0.00333162045772 0.0275632173724 0.00827754324757 0.204598851446 0.266407127653 0.246631284599
0.0270530028225 0.0197233276807 0.00333162045772 0.0275632173724 0.00827754324757 0.204598851446 0.266407127653 0.246631284599
0.0270530028225 0.0197233276807 0.00333162045772 0.0275632173724 0.00827754324757 0.204598851446 0.266407127653 0.246631284599
0.0270530028225 0.0197233276807 0.00333162045772 0.0275632173724 0.00827754324757 0.204598851446 0.266407127653 0.246631284599
0.0270530028225 0.0197233276807 0.00333162045772 0.0275632173724 0.00827754324757 0.204598851446 0.266407127653 0.246631284599
0.0270530028225 0.0197233276807 0.00333162045772 0.0275632173724 0.00827754324757 0.204598851446 0.266407127653 0.246631284599
0.0270530028225 0.0197233276807 0.00333162045772 0.0275632173724 0.00827754324757 0.204598851446 0.266407127653 0.246631284599
0.0270530028225 0.0197233276807 0.00333162045772 0.0275632173724 0.00827754324757 0.204598851446 0.266407127653 0.246631284599
0.0270530028225 0.0197233276807 0.00333162045772 0.0275632173724 0.00827754324757 0.204598851446 0.266407127653 0.246631284599
0.0270530028225 0.0197233276807 0.00333162045772 0.0275632173724 0.00827754324757 0.204598851446 0.266407127653 0.246631284599
0.0270530028225 0.0197233276807 0.00333162045772 0.0275632173724 0.00827754324757 0.204598851446 0.266407127653 0.246631284599
0.0270530028225 0.0197233276807 0.00333162045772 0.0275632173724 0.00827754324757 0.204598851446 0.266407127653 0.246631284599
0.0270530028225 0.0197233276807 0.00333162045772 0.0275632173724 0.00827754324757 0.204598851446 0.266407127653 0.246631284599
0.0270530028225 0.0197233276807 0.00333162045772 0.0275632173724 0.00827754324757 0.204598851446 0.266407127653 0.246631284599
0.0270530028225 0.0197233276807 0.00333162045772 0.0275632173724 0.00827754324757 0.204598851446 0.266407127653 0.246631284599
0.0270530028225 0.0197233276807 0.00333162045772 0.0275632173724 0.00827754324757 0.204598851446 0.266407127653 0.246631284599
0.0270530028225 0.0197233276807 0.00333162045772 0.0275632173724 0.00827754324757 0.204598851446 0.266407127653 0.246631284599
0.0270530028225 0.0197233276807 0.00333162045772 0.0275632173724 0.00827754324757 0.204598851446 0.266407127653 0.246631284599
0.0270530028225 0.0197233276807 0.00333162045772 0.0275632173724 0.00827754324757 0.204598851446 0.266407127653 0.246631284599
0.0270530028225 0.0197233276807 0.00333162045772 0.0275632173724 0.00827754324757 0.204598851446 0.266407127653 0.246631284599
0.0270530028225 0.0197233276807 0.00333162045772 0.0275632173724 0.00827754324757 0.204598851446 0.266407127653 0.246631284599
0.0270530028225 0.0197233276807 0.00333162045772 0.0275632173724 0.00827754324757 0.204598851446 0.266407127653 0.246631284599
0.0270530028225 0.0197233276807 0.00333162045772 0.0275632173724 0.00827754324757 0.204598851446 0.266407127653 0.246631284599
0.0270530028225 0.0197233276807 0.00333162045772 0.0275632173724 0.00827754324757 0.204598851446 0.266407127653 0.246631284599
0.0166580932924 0.0121448829344 0.00205106196135 0.0169723212127 0.00509511539801 0.125977076986 0.164039627697 0.40654063842
0.0270530028225 0.0197233276807 0.00333162045772 0.0275632173724 0.00827754324757 0.204598851446 0.266407127653 0.246631284599
0.0270530028225 0.0197233276807 0.00333162045772 0.0275632173724 0.00827754324757 0.204598851446 0.266407127653 0.246631284599
0.0270530028225 0.0197233276807 0.00333162045772 0.0275632173724 0.00827754324757 0.204598851446 0.266407127653 0.246631284599
0.00965345324 0.00703812587693 0.00118815389014 0.00983561499929 0.00295062712573 0.0729975653534 0.0950589898013 0.514296022079
0.0166637789809 0.0121490281053 0.00205176238657 0.0339582013021 0.00827754324757 0.204598851446 0.266407127653 0.246631284599
0.0270530028225 0.0197233276807 0.00333162045772 0.0275632173724 0.00827754324757 0.204598851446 0.266407127653 0.246631284599
0.0270530028225 0.0197233276807 0.00333162045772 0.0275632173724 0.00827754324757 0.204598851446 0.266407127653 0.246631284599
0.0270530028225 0.0197233276807 0.00333162045772 0.0275632173724 0.00827754324757 0.204598851446 0.266407127653 0.246631284599
0.0270530028225 0.0197233276807 0.00333162045772 0.0275632173724 0.00827754324757 0.204598851446 0.266407127653 0.246631284599
0.0270530028225 0.0197233276807 0.00333162045772 0.0275632173724 0.00827754324757 0.204598851446 0.266407127653 0.246631284599
0.0270530028225 0.0197233276807 0.00333162045772 0.0275632173724 0.00827754324757 0.204598851446 0.266407127653 0.246631284599
0.0270530028225 0.0197233276807 0.00333162045772 0.0275632173724 0.00827754324757 0.204598851446 0.266407127653 0.246631284599
0.0279073561653 0.0203461969402 0.00343686903432 0.0284336787756 0.00853910568478 0.211060742781 0.274820670408 0.254434815831
0.0252995306258 0.0207326930962 0.00333162045772 0.0275632173724 0.00827754324757 0.204598851446 0.266407127653 0.246631284599
0.0270530028225 0.0197233276807 0.00333162045772 0.0275632173724 0.00827754324757 0.204598851446 0.266407127653 0.246631284599
0.0270530028225 0.0197233276807 0.00333162045772 0.0275632173724 0.00827754324757 0.204598851446 0.266407127653 0.246631284599
0.0270530028225 0.0197233276807 0.00333162045772 0.0275632173724 0.00827754324757 0.204598851446 0.266407127653 0.246631284599
0.0270530028225 0.0197233276807 0.00333162045772 0.0275632173724 0.00827754324757 0.204598851446 0.266407127653 0.246631284599
0.0270530028225 0.0197233276807 0.00333162045772 0.0275632173724 0.00827754324757 0.204598851446 0.266407127653 0.246631284599
0.0270530028225 0.0197233276807 0.00333162045772 0.0275632173724 0.00827754324757 0.204598851446 0.266407127653 0.246631284599
0.0270530028225 0.0197233276807 0.00333162045772 0.0275632173724 0.00827754324757 0.204598851446 0.266407127653 0.246631284599
0.0270530028225 0.0197233276807 0.00333162045772 0.0275632173724 0.00827754324757 0.204598851446 0.266407127653 0.246631284599
0.0270530028225 0.0197233276807 0.00333162045772 0.0275632173724 0.00827754324757 0.204598851446 0.266407127653 0.246631284599
0.0270530028225 0.0197233276807 0.00333162045772 0.0275632173724 0.00827754324757 0.204598851446 0.266407127653 0.246631284599
0.0270530028225 0.0197233276807 0.00333162045772 0.0275632173724 0.00827754324757 0.204598851446 0.266407127653 0.246631284599
0.0270530028225 0.0197233276807 0.00333162045772 0.0275632173724 0.00827754324757 0.204598851446 0.266407127653 0.246631284599
0.0270530028225 0.0197233276807 0.00333162045772 0.0275632173724 0.00827754324757 0.204598851446 0.266407127653 0.246631284599
0.0270530028225 0.0197233276807 0.00333162045772 0.0275632173724 0.00827754324757 0.204598851446 0.266407127653 0.246631284599
0.0270530028225 0.0197233276807 0.00333162045772 0.0275632173724 0.00827754324757 0.204598851446 0.266407127653 0.246631284599
0.0270530028225 0.0197233276807 0.00333162045772 0.0275632173724 0.00827754324757 0.204598851446 0.266407127653 0.246631284599
0.0270530028225 0.0197233276807 0.00333162045772 0.0275632173724 0.00827754324757 0.204598851446 0.266407127653 0.246631284599
0.0270530028225 0.0197233276807 0.00333162045772 0.0275632173724 0.00827754324757 0.204598851446 0.266407127653 0.246631284599
0.0270530028225 0.0197233276807 0.00333162045772 0.0275632173724 0.00827754324757 0.204598851446 0.266407127653 0.246631284599
0.0270530028225 0.0197233276807 0.00333162045772 0.0275632173724 0.00827754324757 0.204598851446 0.266407127653 0.246631284599
0.0270530028225 0.0197233276807 0.00333162045772 0.0275632173724 0.00827754324757 0.204598851446 0.266407127653 0.246631284599
0.0270530028225 0.0197233276807 0.00333162045772 0.0275632173724 0.00827754324757 0.204598851446 0.266407127653 0.246631284599
0.0270530028225 0.0197233276807 0.00333162045772 0.0275632173724 0.00827754324757 0.204598851446 0.266407127653 0.246631284599
0.0270530028225 0.0197233276807 0.00333162045772 0.0275632173724 0.00827754324757 0.204598851446 0.266407127653 0.246631284599
0.0270530028225 0.0197233276807 0.00333162045772 0.0275632173724 0.00827754324757 0.204598851446 0.266407127653 0.246631284599
0.0270530028225 0.0197233276807 0.00333162045772 0.0275632173724 0.00827754324757 0.204598851446 0.266407127653 0.246631284599
0.0277421550215 0.0202257564749 0.00341651775299 0.0282653629136 0.0084885289367 0.209811245897 0.273193794482 0.252925894147
0.0270530028225 0.0197233276807 0.00333162045772 0.0275632173724 0.00827754324757 0.204598851446 0.266407127653 0.246631284599
0.0270530028225 0.0197233276807 0.00333162045772 0.0275632173724 0.00827754324757 0.204598851446 0.266407127653 0.246631284599
0.0270530028225 0.0197233276807 0.00333162045772 0.0275632173724 0.00827754324757 0.204598851446 0.266407127653 0.246631284599
0.0270530028225 0.0197233276807 0.00333162045772 0.0275632173724 0.00827754324757 0.204598851446 0.266407127653 0.246631284599
0.0270530028225 0.0197233276807 0.00333162045772 0.0275632173724 0.00827754324757 0.204598851446 0.266407127653 0.246631284599
0.0270530028225 0.0197233276807 0.00333162045772 0.0275632173724 0.00827754324757 0.204598851446 0.266407127653 0.246631284599
0.0270530028225 0.0197233276807 0.00333162045772 0.0275632173724 0.00827754324757 0.204598851446 0.266407127653 0.246631284599
0.0270530028225 0.0197233276807 0.00333162045772 0.0275632173724 0.00827754324757 0.204598851446 0.266407127653 0.246631284599
0.0270530028225 0.0197233276807 0.00333162045772 0.0275632173724 0.00827754324757 0.204598851446 0.266407127653 0.246631284599
0.0270530028225 0.0197233276807 0.00333162045772 0.0275632173724 0.00827754324757 0.204598851446 0.266407127653 0.246631284599
0.0270530028225 0.0197233276807 0.00333162045772 0.0275632173724 0.00827754324757 0.204598851446 0.266407127653 0.246631284599
0.0270530028225 0.0197233276807 0.00333162045772 0.0275632173724 0.00827754324757 0.204598851446 0.266407127653 0.246631284599
0.0270530028225 0.0197233276807 0.00333162045772 0.0275632173724 0.00827754324757 0.204598851446 0.266407127653 0.246631284599
0.0270530028225 0.0197233276807 0.00333162045772 0.0275632173724 0.00827754324757 0.204598851446 0.266407127653 0.246631284599
0.0270530028225 0.0197233276807 0.00333162045772 0.0275632173724 0.00827754324757 0.204598851446 0.266407127653 0.246631284599
0.0270530028225 0.0197233276807 0.00333162045772 0.0275632173724 0.00827754324757 0.204598851446 0.266407127653 0.246631284599
0.0250413637731 0.018256735274 0.00308380478709 0.0255136506858 0.00766167486358 0.189383843448 0.246596809948 0.228257284798
0.0270530028225 0.0197233276807 0.00333162045772 0.0275632173724 0.00827754324757 0.204598851446 0.266407127653 0.246631284599
0.0270530028225 0.0197233276807 0.00333162045772 0.0275632173724 0.00827754324757 0.204598851446 0.266407127653 0.246631284599
0.0270530028225 0.0197233276807 0.00333162045772 0.0275632173724 0.00827754324757 0.204598851446 0.266407127653 0.246631284599
0.0270530028225 0.0197233276807 0.00333162045772 0.0275632173724 0.00827754324757 0.204598851446 0.266407127653 0.246631284599
0.0270530028225 0.0197233276807 0.00333162045772 0.0275632173724 0.00827754324757 0.204598851446 0.266407127653 0.246631284599
0.0270530028225 0.0197233276807 0.00333162045772 0.0275632173724 0.00827754324757 0.204598851446 0.266407127653 0.246631284599
0.0270530028225 0.0197233276807 0.00333162045772 0.0275632173724 0.00827754324757 0.204598851446 0.266407127653 0.246631284599
0.0270530028225 0.0197233276807 0.00333162045772 0.0275632173724 0.00827754324757 0.204598851446 0.266407127653 0.246631284599
0.0270530028225 0.0197233276807 0.00333162045772 0.0275632173724 0.00827754324757 0.204598851446 0.266407127653 0.246631284599
0.0270530028225 0.0197233276807 0.00333162045772 0.0275632173724 0.00827754324757 0.204598851446 0.266407127653 0.246631284599
0.0270530028225 0.0197233276807 0.00333162045772 0.0275632173724 0.00827754324757 0.204598851446 0.266407127653 0.246631284599
0.0270530028225 0.0197233276807 0.00333162045772 0.0275632173724 0.00827754324757 0.204598851446 0.266407127653 0.246631284599
0.0270530028225 0.0197233276807 0.00333162045772 0.0275632173724 0.00827754324757 0.204598851446 0.266407127653 0.246631284599
0.0270530028225 0.0197233276807 0.00333162045772 0.0275632173724 0.00827754324757 0.204598851446 0.266407127653 0.246631284599
0.0270530028225 0.0197233276807 0.00333162045772 0.0275632173724 0.00827754324757 0.204598851446 0.266407127653 0.246631284599
0.0270530028225 0.0197233276807 0.00333162045772 0.0275632173724 0.00827754324757 0.204598851446 0.266407127653 0.246631284599
0.0270530028225 0.0197233276807 0.00333162045772 0.0275632173724 0.00827754324757 0.204598851446 0.266407127653 0.246631284599
0.0270530028225 0.0197233276807 0.00333162045772 0.0275632173724 0.00827754324757 0.204598851446 0.266407127653 0.246631284599
0.0270530028225 0.0197233276807 0.00333162045772 0.0275632173724 0.00827754324757 0.204598851446 0.266407127653 0.246631284599
0.0270530028225 0.0197233276807 0.00333162045772 0.0275632173724 0.00827754324757 0.204598851446 0.266407127653 0.246631284599
0.0270530028225 0.0197233276807 0.00333162045772 0.0275632173724 0.00827754324757 0.204598851446 0.266407127653 0.246631284599
0.0270530028225 0.0197233276807 0.00333162045772 0.0275632173724 0.00827754324757 0.204598851446 0.266407127653 0.246631284599
0.0270530028225 0.0197233276807 0.00333162045772 0.0275632173724 0.00827754324757 0.204598851446 0.266407127653 0.246631284599
0.0270530028225 0.0197233276807 0.00333162045772 0.0275632173724 0.00827754324757 0.204598851446 0.266407127653 0.246631284599
0.0270530028225 0.0197233276807 0.00333162045772 0.0275632173724 0.00827754324757 0.204598851446 0.266407127653 0.246631284599
0.0270530028225 0.0197233276807 0.00333162045772 0.0275632173724 0.00827754324757 0.204598851446 0.266407127653 0.246631284599
0.0270530028225 0.0197233276807 0.00333162045772 0.0275632173724 0.00827754324757 0.204598851446 0.266407127653 0.246631284599
0.0270530028225 0.0197233276807 0.00333162045772 0.0275632173724 0.00827754324757 0.204598851446 0.266407127653 0.246631284599
0.0270530028225 0.0197233276807 0.00333162045772 0.0275632173724 0.00827754324757 0.204598851446 0.266407127653 0.246631284599
0.0270530028225 0.0197233276807 0.00333162045772 0.0275632173724 0.00827754324757 0.204598851446 0.266407127653 0.246631284599
0.0270530028225 0.0197233276807 0.00333162045772 0.0275632173724 0.00827754324757 0.204598851446 0.266407127653 0.246631284599
0.0270530028225 0.0197233276807 0.00333162045772 0.0275632173724 0.00827754324757 0.204598851446 0.266407127653 0.246631284599
0.0270530028225 0.0197233276807 0.00333162045772 0.0275632173724 0.00827754324757 0.204598851446 0.266407127653 0.246631284599
0.0270530028225 0.0197233276807 0.00333162045772 0.0275632173724 0.00827754324757 0.204598851446 0.266407127653 0.246631284599
0.0270530028225 0.0197233276807 0.00333162045772 0.0275632173724 0.00827754324757 0.204598851446 0.266407127653 0.246631284599
0.0270530028225 0.0197233276807 0.00333162045772 0.0275632173724 0.00827754324757 0.204598851446 0.266407127653 0.246631284599
0.0270530028225 0.0197233276807 0.00333162045772 0.0275632173724 0.00827754324757 0.204598851446 0.266407127653 0.246631284599
0.0270530028225 0.0197233276807 0.00333162045772 0.0275632173724 0.00827754324757 0.204598851446 0.266407127653 0.246631284599
0.0270530028225 0.0197233276807 0.00333162045772 0.0275632173724 0.00827754324757 0.204598851446 0.266407127653 0.246631284599
0.0270530028225 0.0197233276807 0.00333162045772 0.0275632173724 0.00827754324757 0.204598851446 0.266407127653 0.246631284599
0.0270530028225 0.0197233276807 0.00333162045772 0.0275632173724 0.00827754324757 0.204598851446 0.266407127653 0.246631284599
0.0270530028225 0.0197233276807 0.00333162045772 0.0275632173724 0.00827754324757 0.204598851446 0.266407127653 0.246631284599
0.0270530028225 0.0197233276807 0.00333162045772 0.0275632173724 0.00827754324757 0.204598851446 0.266407127653 0.246631284599
0.0270530028225 0.0197233276807 0.00333162045772 0.0275632173724 0.00827754324757 0.204598851446 0.266407127653 0.246631284599
0.0270530028225 0.0197233276807 0.00333162045772 0.0275632173724 0.00827754324757 0.204598851446 0.266407127653 0.246631284599
0.0270530028225 0.0197233276807 0.00333162045772 0.0275632173724 0.00827754324757 0.204598851446 0.266407127653 0.246631284599
0.0270530028225 0.0197233276807 0.00333162045772 0.0275632173724 0.00827754324757 0.204598851446 0.266407127653 0.246631284599
0.0270530028225 0.0197233276807 0.00333162045772 0.0275632173724 0.00827754324757 0.204598851446 0.266407127653 0.246631284599
0.0270530028225 0.0197233276807 0.00333162045772 0.0275632173724 0.00827754324757 0.204598851446 0.266407127653 0.246631284599
0.0270530028225 0.0197233276807 0.00333162045772 0.0275632173724 0.00827754324757 0.204598851446 0.266407127653 0.246631284599
0.0270530028225 0.0197233276807 0.00333162045772 0.0275632173724 0.00827754324757 0.204598851446 0.266407127653 0.246631284599
0.0270530028225 0.0197233276807 0.00333162045772 0.0275632173724 0.00827754324757 0.204598851446 0.266407127653 0.246631284599
0.0270530028225 0.0197233276807 0.00333162045772 0.0275632173724 0.00827754324757 0.204598851446 0.266407127653 0.246631284599
0.0270530028225 0.0197233276807 0.00333162045772 0.0275632173724 0.00827754324757 0.204598851446 0.266407127653 0.246631284599
0.0270530028225 0.0197233276807 0.00333162045772 0.0275632173724 0.00827754324757 0.204598851446 0.266407127653 0.246631284599
0.0270530028225 0.0197233276807 0.00333162045772 0.0275632173724 0.00827754324757 0.204598851446 0.266407127653 0.246631284599
0.0270530028225 0.0197233276807 0.00333162045772 0.0275632173724 0.00827754324757 0.204598851446 0.266407127653 0.246631284599
0.0270530028225 0.0197233276807 0.00333162045772 0.0275632173724 0.00827754324757 0.204598851446 0.266407127653 0.246631284599
0.0270530028225 0.0197233276807 0.00333162045772 0.0275632173724 0.00827754324757 0.204598851446 0.266407127653 0.246631284599
0.0270530028225 0.0197233276807 0.00333162045772 0.0275632173724 0.00827754324757 0.204598851446 0.266407127653 0.246631284599
0.0270530028225 0.0197233276807 0.00333162045772 0.0275632173724 0.00827754324757 0.204598851446 0.266407127653 0.246631284599
0.0417101300154 0.0304091569559 0.00513724548069 0.0424966914588 0.0127648598171 0.315457858448 0.410748303775 0.0211544075295
0.0270530028225 0.0197233276807 0.00333162045772 0.0275632173724 0.00827754324757 0.204598851446 0.266407127653 0.246631284599
0.0270530028225 0.0197233276807 0.00333162045772 0.0275632173724 0.00827754324757 0.204598851446 0.266407127653 0.246631284599
0.0270530028225 0.0197233276807 0.00333162045772 0.0275632173724 0.00827754324757 0.204598851446 0.266407127653 0.246631284599
0.0270530028225 0.0197233276807 0.00333162045772 0.0275632173724 0.00827754324757 0.204598851446 0.266407127653 0.246631284599
0.0270530028225 0.0197233276807 0.00333162045772 0.0275632173724 0.00827754324757 0.204598851446 0.266407127653 0.246631284599
0.0270530028225 0.0197233276807 0.00333162045772 0.0275632173724 0.00827754324757 0.204598851446 0.266407127653 0.246631284599
0.0270530028225 0.0197233276807 0.00333162045772 0.0275632173724 0.00827754324757 0.204598851446 0.266407127653 0.246631284599
0.0270530028225 0.0197233276807 0.00333162045772 0.0275632173724 0.00827754324757 0.204598851446 0.266407127653 0.246631284599
0.011951364809 0.00871342625422 0.0014712357366 0.0368588812141 0.00827754324757 0.204598851446 0.266407127653 0.246631284599
0.0270530028225 0.0197233276807 0.00333162045772 0.0275632173724 0.00827754324757 0.204598851446 0.266407127653 0.246631284599
0.0233073460053 0.0169925436228 0.00287018953829 0.0237469395792 0.00713080093725 0.176268620708 0.229520464718 0.212419034824
0.0270530028225 0.0197233276807 0.00333162045772 0.0275632173724 0.00827754324757 0.204598851446 0.266407127653 0.246631284599
0.0270530028225 0.0197233276807 0.00333162045772 0.0275632173724 0.00827754324757 0.204598851446 0.266407127653 0.246631284599
0.0270530028225 0.0197233276807 0.00333162045772 0.0275632173724 0.00827754324757 0.204598851446 0.266407127653 0.246631284599
0.0270530028225 0.0197233276807 0.00333162045772 0.0275632173724 0.00827754324757 0.204598851446 0.266407127653 0.246631284599
0.0270530028225 0.0197233276807 0.00333162045772 0.0275632173724 0.00827754324757 0.204598851446 0.266407127653 0.246631284599
0.0270530028225 0.0197233276807 0.00333162045772 0.0275632173724 0.00827754324757 0.204598851446 0.266407127653 0.246631284599
0.0270530028225 0.0197233276807 0.00333162045772 0.0275632173724 0.00827754324757 0.204598851446 0.266407127653 0.246631284599
0.0270530028225 0.0197233276807 0.00333162045772 0.0275632173724 0.00827754324757 0.204598851446 0.266407127653 0.246631284599
0.0270530028225 0.0197233276807 0.00333162045772 0.0275632173724 0.00827754324757 0.204598851446 0.266407127653 0.246631284599
0.0270530028225 0.0197233276807 0.00333162045772 0.0275632173724 0.00827754324757 0.204598851446 0.266407127653 0.246631284599
0.0270530028225 0.0197233276807 0.00333162045772 0.0275632173724 0.00827754324757 0.204598851446 0.266407127653 0.246631284599
0.0270530028225 0.0197233276807 0.00333162045772 0.0275632173724 0.00827754324757 0.204598851446 0.266407127653 0.246631284599
0.0270530028225 0.0197233276807 0.00333162045772 0.0275632173724 0.00827754324757 0.204598851446 0.266407127653 0.246631284599
0.0270530028225 0.0197233276807 0.00333162045772 0.0275632173724 0.00827754324757 0.204598851446 0.266407127653 0.246631284599
0.0270530028225 0.0197233276807 0.00333162045772 0.0275632173724 0.00827754324757 0.204598851446 0.266407127653 0.246631284599
0.0270530028225 0.0197233276807 0.00333162045772 0.0275632173724 0.00827754324757 0.204598851446 0.266407127653 0.246631284599
0.0270530028225 0.0197233276807 0.00333162045772 0.0275632173724 0.00827754324757 0.204598851446 0.266407127653 0.246631284599
0.0270530028225 0.0197233276807 0.00333162045772 0.0275632173724 0.00827754324757 0.204598851446 0.266407127653 0.246631284599
0.0270530028225 0.0197233276807 0.00333162045772 0.0275632173724 0.00827754324757 0.204598851446 0.266407127653 0.246631284599
0.0270530028225 0.0197233276807 0.00333162045772 0.0275632173724 0.00827754324757 0.204598851446 0.266407127653 0.246631284599
0.0270530028225 0.0197233276807 0.00333162045772 0.0275632173724 0.00827754324757 0.204598851446 0.266407127653 0.246631284599
0.0270530028225 0.0197233276807 0.00333162045772 0.0275632173724 0.00827754324757 0.204598851446 0.266407127653 0.246631284599
0.0270530028225 0.0197233276807 0.00333162045772 0.0275632173724 0.00827754324757 0.204598851446 0.266407127653 0.246631284599
0.000575317189148 0.000419679390119 6.98099336711e-05 0.000586318893399 0.0432037380382 0.204598851446 0.266407127653 0.246631284599
0.0270530028225 0.0197233276807 0.00333162045772 0.0275632173724 0.00827754324757 0.204598851446 0.266407127653 0.246631284599
0.0270530028225 0.0197233276807 0.00333162045772 0.0275632173724 0.00827754324757 0.204598851446 0.266407127653 0.246631284599
0.0270530028225 0.0197233276807 0.00333162045772 0.0275632173724 0.00827754324757 0.204598851446 0.266407127653 0.246631284599
0.0270530028225 0.0197233276807 0.00333162045772 0.0275632173724 0.00827754324757 0.204598851446 0.266407127653 0.246631284599
0.0270530028225 0.0197233276807 0.00333162045772 0.0275632173724 0.00827754324757 0.204598851446 0.266407127653 0.246631284599
0.0270530028225 0.0197233276807 0.00333162045772 0.0275632173724 0.00827754324757 0.204598851446 0.266407127653 0.246631284599
0.0270530028225 0.0197233276807 0.00333162045772 0.0275632173724 0.00827754324757 0.204598851446 0.266407127653 0.246631284599
0.0161770301798 0.0117941622083 0.00199179935264 0.0164821880897 0.00494783670912 0.122338561862 0.15930219078 0.147291833402
0.0270530028225 0.0197233276807 0.00333162045772 0.0275632173724 0.00827754324757 0.204598851446 0.266407127653 0.246631284599
0.0270530028225 0.0197233276807 0.00333162045772 0.0275632173724 0.00827754324757 0.204598851446 0.266407127653 0.246631284599
0.0270530028225 0.0197233276807 0.00333162045772 0.0275632173724 0.00827754324757 0.204598851446 0.266407127653 0.246631284599
0.0270530028225 0.0197233276807 0.00333162045772 0.0275632173724 0.00827754324757 0.204598851446 0.266407127653 0.246631284599
0.0270530028225 0.0197233276807 0.00333162045772 0.0275632173724 0.00827754324757 0.204598851446 0.266407127653 0.246631284599
0.0270530028225 0.0197233276807 0.00333162045772 0.0275632173724 0.00827754324757 0.204598851446 0.266407127653 0.246631284599
0.0270530028225 0.0197233276807 0.00333162045772 0.0275632173724 0.00827754324757 0.204598851446 0.266407127653 0.246631284599
0.0270530028225 0.0197233276807 0.00333162045772 0.0275632173724 0.00827754324757 0.204598851446 0.266407127653 0.246631284599
0.0270530028225 0.0197233276807 0.00333162045772 0.0275632173724 0.00827754324757 0.204598851446 0.266407127653 0.246631284599
0.0270530028225 0.0197233276807 0.00333162045772 0.0275632173724 0.00827754324757 0.204598851446 0.266407127653 0.246631284599
0.0270530028225 0.0197233276807 0.00333162045772 0.0275632173724 0.00827754324757 0.204598851446 0.266407127653 0.246631284599
0.0270530028225 0.0197233276807 0.00333162045772 0.0275632173724 0.00827754324757 0.204598851446 0.266407127653 0.246631284599
0.0270530028225 0.0197233276807 0.00333162045772 0.0275632173724 0.00827754324757 0.204598851446 0.266407127653 0.246631284599
0.0270530028225 0.0197233276807 0.00333162045772 0.0275632173724 0.00827754324757 0.204598851446 0.266407127653 0.246631284599
0.0174375672269 0.0127131611023 0.00214708607456 0.0177664914241 0.00533375331496 0.131872618808 0.171715769343 0.158805383737
0.0270530028225 0.0197233276807 0.00333162045772 0.0275632173724 0.00827754324757 0.204598851446 0.266407127653 0.246631284599
0.00321970278508 0.00234757785509 0.0003955742352 0.0032805619911 0.039715580965 0.204598851446 0.266407127653 0.246631284599
0.0270530028225 0.0197233276807 0.00333162045772 0.0275632173724 0.00827754324757 0.204598851446 0.266407127653 0.246631284599
0.0270530028225 0.0197233276807 0.00333162045772 0.0275632173724 0.00827754324757 0.204598851446 0.266407127653 0.246631284599
0.0270530028225 0.0197233276807 0.00333162045772 0.0275632173724 0.00827754324757 0.204598851446 0.266407127653 0.246631284599
0.0270530028225 0.0197233276807 0.00333162045772 0.0275632173724 0.00827754324757 0.204598851446 0.266407127653 0.246631284599
0.0270530028225 0.0197233276807 0.00333162045772 0.0275632173724 0.00827754324757 0.204598851446 0.266407127653 0.246631284599
0.0270530028225 0.0197233276807 0.00333162045772 0.0275632173724 0.00827754324757 0.204598851446 0.266407127653 0.246631284599
0.0270530028225 0.0197233276807 0.00333162045772 0.0275632173724 0.00827754324757 0.204598851446 0.266407127653 0.246631284599
0.0270530028225 0.0197233276807 0.00333162045772 0.0275632173724 0.00827754324757 0.204598851446 0.266407127653 0.246631284599
0.0270530028225 0.0197233276807 0.00333162045772 0.0275632173724 0.00827754324757 0.204598851446 0.266407127653 0.246631284599
0.0270530028225 0.0197233276807 0.00333162045772 0.0275632173724 0.00827754324757 0.204598851446 0.266407127653 0.246631284599
0.0270530028225 0.0197233276807 0.00333162045772 0.0275632173724 0.00827754324757 0.204598851446 0.266407127653 0.246631284599
0.0270530028225 0.0197233276807 0.00333162045772 0.0275632173724 0.00827754324757 0.204598851446 0.266407127653 0.246631284599
0.0270530028225 0.0197233276807 0.00333162045772 0.0275632173724 0.00827754324757 0.204598851446 0.266407127653 0.246631284599
0.0270530028225 0.0197233276807 0.00333162045772 0.0275632173724 0.00827754324757 0.204598851446 0.266407127653 0.246631284599
0.0270530028225 0.0197233276807 0.00333162045772 0.0275632173724 0.00827754324757 0.204598851446 0.266407127653 0.246631284599
0.0270530028225 0.0197233276807 0.00333162045772 0.0275632173724 0.00827754324757 0.204598851446 0.266407127653 0.246631284599
0.0270530028225 0.0197233276807 0.00333162045772 0.0275632173724 0.00827754324757 0.204598851446 0.266407127653 0.246631284599
0.0270530028225 0.0197233276807 0.00333162045772 0.0275632173724 0.00827754324757 0.204598851446 0.266407127653 0.246631284599
0.0270530028225 0.0197233276807 0.00333162045772 0.0275632173724 0.00827754324757 0.204598851446 0.266407127653 0.246631284599
0.0270530028225 0.0197233276807 0.00333162045772 0.0275632173724 0.00827754324757 0.204598851446 0.266407127653 0.246631284599
0.0270530028225 0.0197233276807 0.00333162045772 0.0275632173724 0.00827754324757 0.204598851446 0.266407127653 0.246631284599
0.0270530028225 0.0197233276807 0.00333162045772 0.0275632173724 0.00827754324757 0.204598851446 0.266407127653 0.246631284599
0.0270530028225 0.0197233276807 0.00333162045772 0.0275632173724 0.00827754324757 0.204598851446 0.266407127653 0.246631284599
0.0270530028225 0.0197233276807 0.00333162045772 0.0275632173724 0.00827754324757 0.204598851446 0.266407127653 0.246631284599
0.0270530028225 0.0197233276807 0.00333162045772 0.0275632173724 0.00827754324757 0.204598851446 0.266407127653 0.246631284599
0.0270530028225 0.0197233276807 0.00333162045772 0.0275632173724 0.00827754324757 0.204598851446 0.266407127653 0.246631284599
0.0270530028225 0.0197233276807 0.00333162045772 0.0275632173724 0.00827754324757 0.204598851446 0.266407127653 0.246631284599
0.0270530028225 0.0197233276807 0.00333162045772 0.0275632173724 0.00827754324757 0.204598851446 0.266407127653 0.246631284599
0.0270530028225 0.0197233276807 0.00333162045772 0.0275632173724 0.00827754324757 0.204598851446 0.266407127653 0.246631284599
0.0270530028225 0.0197233276807 0.00333162045772 0.0275632173724 0.00827754324757 0.204598851446 0.266407127653 0.246631284599
0.0270530028225 0.0197233276807 0.00333162045772 0.0275632173724 0.00827754324757 0.204598851446 0.266407127653 0.246631284599
0.0270530028225 0.0197233276807 0.00333162045772 0.0275632173724 0.00827754324757 0.204598851446 0.266407127653 0.246631284599
0.0270530028225 0.0197233276807 0.00333162045772 0.0275632173724 0.00827754324757 0.204598851446 0.266407127653 0.246631284599
0.0270530028225 0.0197233276807 0.00333162045772 0.0275632173724 0.00827754324757 0.204598851446 0.266407127653 0.246631284599
0.0270530028225 0.0197233276807 0.00333162045772 0.0275632173724 0.00827754324757 0.204598851446 0.266407127653 0.246631284599
0.0165821527069 0.0120895181879 0.00204170677056 0.016894948836 0.00507186599566 0.125402701272 0.163291776274 0.150992159877
0.0270530028225 0.0197233276807 0.00333162045772 0.0275632173724 0.00827754324757 0.204598851446 0.266407127653 0.246631284599
0.0270530028225 0.0197233276807 0.00333162045772 0.0275632173724 0.00827754324757 0.204598851446 0.266407127653 0.246631284599
0.0270530028225 0.0197233276807 0.00333162045772 0.0275632173724 0.00827754324757 0.204598851446 0.266407127653 0.246631284599
0.0270530028225 0.0197233276807 0.00333162045772 0.0275632173724 0.00827754324757 0.204598851446 0.266407127653 0.246631284599
0.0270530028225 0.0197233276807 0.00333162045772 0.0275632173724 0.00827754324757 0.204598851446 0.266407127653 0.246631284599
0.0270530028225 0.0197233276807 0.00333162045772 0.0275632173724 0.00827754324757 0.204598851446 0.266407127653 0.246631284599
0.0270530028225 0.0197233276807 0.00333162045772 0.0275632173724 0.00827754324757 0.204598851446 0.266407127653 0.246631284599
0.0270530028225 0.0197233276807 0.00333162045772 0.0275632173724 0.00827754324757 0.204598851446 0.266407127653 0.246631284599
0.0270530028225 0.0197233276807 0.00333162045772 0.0275632173724 0.00827754324757 0.204598851446 0.266407127653 0.246631284599
0.0270530028225 0.0197233276807 0.00333162045772 0.0275632173724 0.00827754324757 0.204598851446 0.266407127653 0.246631284599
0.0270530028225 0.0197233276807 0.00333162045772 0.0275632173724 0.00827754324757 0.204598851446 0.266407127653 0.246631284599
0.0270530028225 0.0197233276807 0.00333162045772 0.0275632173724 0.00827754324757 0.204598851446 0.266407127653 0.246631284599
0.0270530028225 0.0197233276807 0.00333162045772 0.0275632173724 0.00827754324757 0.204598851446 0.266407127653 0.246631284599
0.0270530028225 0.0197233276807 0.00333162045772 0.0275632173724 0.00827754324757 0.204598851446 0.266407127653 0.246631284599
0.0270530028225 0.0197233276807 0.00333162045772 0.0275632173724 0.00827754324757 0.204598851446 0.266407127653 0.246631284599
0.0118084689577 0.00860924753955 0.00145363226483 0.0120312615917 0.0283863082895 0.204598851446 0.266407127653 0.246631284599
0.0270530028225 0.0197233276807 0.00333162045772 0.0275632173724 0.00827754324757 0.204598851446 0.266407127653 0.246631284599
0.0270530028225 0.0197233276807 0.00333162045772 0.0275632173724 0.00827754324757 0.204598851446 0.266407127653 0.246631284599
0.0270530028225 0.0197233276807 0.00333162045772 0.0275632173724 0.00827754324757 0.204598851446 0.266407127653 0.246631284599
0.0270530028225 0.0197233276807 0.00333162045772 0.0275632173724 0.00827754324757 0.204598851446 0.266407127653 0.246631284599
0.0270530028225 0.0197233276807 0.00333162045772 0.0275632173724 0.00827754324757 0.204598851446 0.266407127653 0.246631284599
0.0270530028225 0.0197233276807 0.00333162045772 0.0275632173724 0.00827754324757 0.204598851446 0.266407127653 0.246631284599
0.0270530028225 0.0197233276807 0.00333162045772 0.0275632173724 0.00827754324757 0.204598851446 0.266407127653 0.246631284599
0.0270530028225 0.0197233276807 0.00333162045772 0.0275632173724 0.00827754324757 0.204598851446 0.266407127653 0.246631284599
0.0270530028225 0.0197233276807 0.00333162045772 0.0275632173724 0.00827754324757 0.204598851446 0.266407127653 0.246631284599
0.0270530028225 0.0197233276807 0.00333162045772 0.0275632173724 0.00827754324757 0.204598851446 0.266407127653 0.246631284599
0.0270530028225 0.0197233276807 0.00333162045772 0.0275632173724 0.00827754324757 0.204598851446 0.266407127653 0.246631284599
0.017264271006 0.0125868188931 0.00212573755321 0.0175899278595 0.00528069823854 0.130561894905 0.170009174319 0.157222522871
0.0270530028225 0.0197233276807 0.00333162045772 0.0275632173724 0.00827754324757 0.204598851446 0.266407127653 0.246631284599
0.0270530028225 0.0197233276807 0.00333162045772 0.0275632173724 0.00827754324757 0.204598851446 0.266407127653 0.246631284599
0.0270530028225 0.0197233276807 0.00333162045772 0.0275632173724 0.00827754324757 0.204598851446 0.266407127653 0.246631284599
0.0270530028225 0.0197233276807 0.00333162045772 0.0275632173724 0.00827754324757 0.204598851446 0.266407127653 0.246631284599
0.0270530028225 0.0197233276807 0.00333162045772 0.0275632173724 0.00827754324757 0.204598851446 0.266407127653 0.246631284599
0.0270530028225 0.0197233276807 0.00333162045772 0.0275632173724 0.00827754324757 0.204598851446 0.266407127653 0.246631284599
0.0270530028225 0.0197233276807 0.00333162045772 0.0275632173724 0.00827754324757 0.204598851446 0.266407127653 0.246631284599
0.0270530028225 0.0197233276807 0.00333162045772 0.0275632173724 0.00827754324757 0.204598851446 0.266407127653 0.246631284599
0.0270530028225 0.0197233276807 0.00333162045772 0.0275632173724 0.00827754324757 0.204598851446 0.266407127653 0.246631284599
0.0270530028225 0.0197233276807 0.00333162045772 0.0275632173724 0.00827754324757 0.204598851446 0.266407127653 0.246631284599
0.0270530028225 0.0197233276807 0.00333162045772 0.0275632173724 0.00827754324757 0.204598851446 0.266407127653 0.246631284599
0.0423726610093 0.0308921774685 0.00521886328515 0.0431717138761 0.0129676953569 0.183199016343 0.266407127653 0.246631284599
0.0270530028225 0.0197233276807 0.00333162045772 0.0275632173724 0.00827754324757 0.204598851446 0.266407127653 0.246631284599
0.0270530028225 0.0197233276807 0.00333162045772 0.0275632173724 0.00827754324757 0.204598851446 0.266407127653 0.246631284599
0.0270530028225 0.0197233276807 0.00333162045772 0.0275632173724 0.00827754324757 0.204598851446 0.266407127653 0.246631284599
0.0270530028225 0.0197233276807 0.00333162045772 0.0275632173724 0.00827754324757 0.204598851446 0.266407127653 0.246631284599
0.0270530028225 0.0197233276807 0.00333162045772 0.0275632173724 0.00827754324757 0.204598851446 0.266407127653 0.246631284599
0.0270530028225 0.0197233276807 0.00333162045772 0.0275632173724 0.00827754324757 0.204598851446 0.266407127653 0.246631284599
0.0270530028225 0.0197233276807 0.00333162045772 0.0275632173724 0.00827754324757 0.204598851446 0.266407127653 0.246631284599
0.0270530028225 0.0197233276807 0.00333162045772 0.0275632173724 0.00827754324757 0.204598851446 0.266407127653 0.246631284599
0.0270530028225 0.0197233276807 0.00333162045772 0.0275632173724 0.00827754324757 0.204598851446 0.266407127653 0.246631284599
0.0270530028225 0.0197233276807 0.00333162045772 0.0275632173724 0.00827754324757 0.204598851446 0.266407127653 0.246631284599
0.0270530028225 0.0197233276807 0.00333162045772 0.0275632173724 0.00827754324757 0.204598851446 0.266407127653 0.246631284599
0.0270530028225 0.0197233276807 0.00333162045772 0.0275632173724 0.00827754324757 0.204598851446 0.266407127653 0.246631284599
0.0270530028225 0.0197233276807 0.00333162045772 0.0275632173724 0.00827754324757 0.204598851446 0.266407127653 0.246631284599
0.0270530028225 0.0197233276807 0.00333162045772 0.0275632173724 0.00827754324757 0.204598851446 0.266407127653 0.246631284599
0.0270530028225 0.0197233276807 0.00333162045772 0.0275632173724 0.00827754324757 0.204598851446 0.266407127653 0.246631284599
0.0270530028225 0.0197233276807 0.00333162045772 0.0275632173724 0.00827754324757 0.204598851446 0.266407127653 0.246631284599
0.0270530028225 0.0197233276807 0.00333162045772 0.0275632173724 0.00827754324757 0.204598851446 0.266407127653 0.246631284599
0.0270530028225 0.0197233276807 0.00333162045772 0.0275632173724 0.00827754324757 0.204598851446 0.266407127653 0.246631284599
0.0270530028225 0.0197233276807 0.00333162045772 0.0275632173724 0.00827754324757 0.204598851446 0.266407127653 0.246631284599
0.0270530028225 0.0197233276807 0.00333162045772 0.0275632173724 0.00827754324757 0.204598851446 0.266407127653 0.246631284599
0.0270530028225 0.0197233276807 0.00333162045772 0.0275632173724 0.00827754324757 0.204598851446 0.266407127653 0.246631284599
0.0270530028225 0.0197233276807 0.00333162045772 0.0275632173724 0.00827754324757 0.204598851446 0.266407127653 0.246631284599
0.0270530028225 0.0197233276807 0.00333162045772 0.0275632173724 0.00827754324757 0.204598851446 0.266407127653 0.246631284599
0.0270530028225 0.0197233276807 0.00333162045772 0.0275632173724 0.00827754324757 0.204598851446 0.266407127653 0.246631284599
0.0270530028225 0.0197233276807 0.00333162045772 0.0275632173724 0.00827754324757 0.204598851446 0.266407127653 0.246631284599
0.0270530028225 0.0197233276807 0.00333162045772 0.0275632173724 0.00827754324757 0.204598851446 0.266407127653 0.246631284599
0.0270530028225 0.0197233276807 0.00333162045772 0.0275632173724 0.00827754324757 0.204598851446 0.266407127653 0.246631284599
0.0270530028225 0.0197233276807 0.00333162045772 0.0275632173724 0.00827754324757 0.204598851446 0.266407127653 0.246631284599
0.0270530028225 0.0197233276807 0.00333162045772 0.0275632173724 0.00827754324757 0.204598851446 0.266407127653 0.246631284599
0.0270530028225 0.0197233276807 0.00333162045772 0.0275632173724 0.00827754324757 0.204598851446 0.266407127653 0.246631284599
0.0270530028225 0.0197233276807 0.00333162045772 0.0275632173724 0.00827754324757 0.204598851446 0.266407127653 0.246631284599
0.0270530028225 0.0197233276807 0.00333162045772 0.0275632173724 0.00827754324757 0.204598851446 0.266407127653 0.246631284599
0.0270530028225 0.0197233276807 0.00333162045772 0.0275632173724 0.00827754324757 0.204598851446 0.266407127653 0.246631284599
0.0270530028225 0.0197233276807 0.00333162045772 0.0275632173724 0.00827754324757 0.204598851446 0.266407127653 0.246631284599
0.0270530028225 0.0197233276807 0.00333162045772 0.0275632173724 0.00827754324757 0.204598851446 0.266407127653 0.246631284599
0.0270530028225 0.0197233276807 0.00333162045772 0.0275632173724 0.00827754324757 0.204598851446 0.266407127653 0.246631284599
0.0270530028225 0.0197233276807 0.00333162045772 0.0275632173724 0.00827754324757 0.204598851446 0.266407127653 0.246631284599
0.0270530028225 0.0197233276807 0.00333162045772 0.0275632173724 0.00827754324757 0.204598851446 0.266407127653 0.246631284599
0.0270530028225 0.0197233276807 0.00333162045772 0.0275632173724 0.00827754324757 0.204598851446 0.266407127653 0.246631284599
0.0270530028225 0.0197233276807 0.00333162045772 0.0275632173724 0.00827754324757 0.204598851446 0.266407127653 0.246631284599
0.0270530028225 0.0197233276807 0.00333162045772 0.0275632173724 0.00827754324757 0.204598851446 0.266407127653 0.246631284599
0.0270530028225 0.0197233276807 0.00333162045772 0.0275632173724 0.00827754324757 0.204598851446 0.266407127653 0.246631284599
0.0358085540711 0.0261065926016 0.00441022489474 0.0364838466309 0.010958077412 0.270821359063 0.35263047471 0.326603134891
0.0270530028225 0.0197233276807 0.00333162045772 0.0275632173724 0.00827754324757 0.204598851446 0.266407127653 0.246631284599
0.0270530028225 0.0197233276807 0.00333162045772 0.0275632173724 0.00827754324757 0.204598851446 0.266407127653 0.246631284599
0.0270530028225 0.0197233276807 0.00333162045772 0.0275632173724 0.00827754324757 0.204598851446 0.266407127653 0.246631284599
0.0270530028225 0.0197233276807 0.00333162045772 0.0275632173724 0.00827754324757 0.204598851446 0.266407127653 0.246631284599
0.0270530028225 0.0197233276807 0.00333162045772 0.0275632173724 0.00827754324757 0.204598851446 0.266407127653 0.246631284599
0.0270530028225 0.0197233276807 0.00333162045772 0.0275632173724 0.00827754324757 0.204598851446 0.266407127653 0.246631284599
0.0270530028225 0.0197233276807 0.00333162045772 0.0275632173724 0.00827754324757 0.204598851446 0.266407127653 0.246631284599
0.0270530028225 0.0197233276807 0.00333162045772 0.0275632173724 0.00827754324757 0.204598851446 0.266407127653 0.246631284599
0.0270530028225 0.0197233276807 0.00333162045772 0.0275632173724 0.00827754324757 0.204598851446 0.266407127653 0.246631284599
0.0270530028225 0.0197233276807 0.00333162045772 0.0275632173724 0.00827754324757 0.204598851446 0.266407127653 0.246631284599
0.0270530028225 0.0197233276807 0.00333162045772 0.0275632173724 0.00827754324757 0.204598851446 0.266407127653 0.246631284599
0.0270530028225 0.0197233276807 0.00333162045772 0.0275632173724 0.00827754324757 0.204598851446 0.266407127653 0.246631284599
0.0270530028225 0.0197233276807 0.00333162045772 0.0275632173724 0.00827754324757 0.204598851446 0.266407127653 0.246631284599
0.0270530028225 0.0197233276807 0.00333162045772 0.0275632173724 0.00827754324757 0.204598851446 0.266407127653 0.246631284599
0.0270530028225 0.0197233276807 0.00333162045772 0.0275632173724 0.00827754324757 0.204598851446 0.266407127653 0.246631284599
0.0270530028225 0.0197233276807 0.00333162045772 0.0275632173724 0.00827754324757 0.204598851446 0.266407127653 0.246631284599
0.0270530028225 0.0197233276807 0.00333162045772 0.0275632173724 0.00827754324757 0.204598851446 0.266407127653 0.246631284599
0.0270530028225 0.0197233276807 0.00333162045772 0.0275632173724 0.00827754324757 0.204598851446 0.266407127653 0.246631284599
0.013656699297 0.00995670626097 0.00168131746568 0.0139143386446 0.00417623103343 0.103276069239 0.134482352686 0.452712370168
0.0270530028225 0.0197233276807 0.00333162045772 0.0275632173724 0.00827754324757 0.204598851446 0.266407127653 0.246631284599
0.0270530028225 0.0197233276807 0.00333162045772 0.0275632173724 0.00827754324757 0.204598851446 0.266407127653 0.246631284599
0.0270530028225 0.0197233276807 0.00333162045772 0.0275632173724 0.00827754324757 0.204598851446 0.266407127653 0.246631284599
0.0270530028225 0.0197233276807 0.00333162045772 0.0275632173724 0.00827754324757 0.204598851446 0.266407127653 0.246631284599
0.0270530028225 0.0197233276807 0.00333162045772 0.0275632173724 0.00827754324757 0.204598851446 0.266407127653 0.246631284599
0.0270530028225 0.0197233276807 0.00333162045772 0.0275632173724 0.00827754324757 0.204598851446 0.266407127653 0.246631284599
0.0270530028225 0.0197233276807 0.00333162045772 0.0275632173724 0.00827754324757 0.204598851446 0.266407127653 0.246631284599
0.0270530028225 0.0197233276807 0.00333162045772 0.0275632173724 0.00827754324757 0.204598851446 0.266407127653 0.246631284599
