0.017977001031 0.0181980691488 0.0197506133963 1.09429333665 0.422944603658 0.184762027091 0.240601054093 0.268617172802
0.1603504991 0.0296265223437 0.146056057012 0.0702125942284 0.205310916497 0.095022835801 0.250750834815 0.586271163754
0.571848826234 0.19219166331 0.117139362758 0.135944887914 0.230505709823 0.00188498605812 0.558072059228 0.0744401571472
0.00071016830346 0.0551512328272 0.0545977897855 0.102898778982 0.851668923858 0.0099249497472 0.605866319801 0.259360772839
0.00230951230017 0.00227664460527 0.100071651438 0.917338749829 0.400277513959 0.325427451807 0.0474402414671 0.273793309736
0.0020507825932 0.000606961261707 0.00123354126783 5.91476596522e-05 0.101138075679 0.0393052476239 0.201979810722 0.666110311712
0.0299420815612 0.00370368572932 0.0108679571229 0.155406192528 0.103642924642 0.0814345099625 0.33849401134 0.65583177408
0.00243151264929 0.00481821144313 0.00240355658601 0.00181300536289 0.0363471487149 0.295131933291 0.638469421548 0.115896577469
0.00417947050246 0.00293076481813 0.00213601418831 0.0157416985162 0.00108100234192 0.0197118205648 0.788688490724 0.269740636508
0.00551392397903 0.000719496558327 0.0333402756887 0.0805173573832 0.0186429895826 0.428691817785 0.107905408776 0.637683955609
0.0100472505983 0.0057183952074 0.00437763146124 0.0244104622193 0.0209336059536 0.116343653485 0.448535330534 0.532989718628
0.0127331849013 0.0078943444942 0.0506914464121 0.160781369019 0.00966515273918 0.212062090805 0.523394118108 0.45920689416
0.0129844787218 0.00377759188785 0.00474901591551 0.00720090169806 0.0710242975624 0.651280251119 0.58023261756 0.0981660215841
0.302706285886 0.052489985702 0.0151827585393 0.224814037315 0.259492327465 0.0787415151508 0.188619565368 0.413478395531
0.0354184759908 0.00490991414604 0.00831384911645 0.0171923801615 0.506935386942 0.616541903938 0.277995623715 0.438199068135
0.0006506349322 0.00394563000904 0.0026346525804 0.159558102623 0.211350538125 0.00156467284789 0.0745533255836 0.701373208078
0.221859980774 0.234931105321 0.175174253758 0.859035163149 0.0261872307012 0.346944998 0.0315305767475 0.282940410655
0.0150883217146 0.0123405947105 0.0351147089898 0.118002960176 0.0323344571205 0.263092825363 0.613627818665 0.413245029127
0.0048988692694 0.00087539243781 0.00527620139072 0.00276029042525 0.00177631474676 0.45276618151 0.384902471855 0.506407197275
0.0207857152007 0.00506474011442 0.146149845275 0.168115115586 0.0277728053913 0.0197834184169 0.204019427273 0.683318564314
0.0270909455705 0.00729114726127 0.0503926953025 0.0130539593347 0.0114452618837 0.471868691141 0.248989895251 0.64537591863
0.0169934143331 0.00780367539931 0.001298023972 0.00965950423971 0.00683018894753 0.0241395032225 0.00376442063491 0.659531176579
0.0209811805578 0.13009300933 0.0292607957057 0.387962409108 0.0211677062358 0.607832412599 0.594783307627 0.106237218794
0.00562988075956 0.00303971033065 0.0328094421386 0.291928158067 0.00236486006817 0.0572944938608 0.671486271519 0.200988681376
0.000675950024235 0.0266326289275 0.0223817566825 0.000862790211686 0.0883828000807 0.0946587932348 0.210237969536 0.703944006733
0.240023465586 0.0654383692859 0.0343322664014 0.50264919875 0.435490784648 0.117365856162 0.265346005888 0.404124659458
0.00687604198744 0.011528244018 0.0182718011382 0.038956732088 0.397600988465 0.322973379996 0.696233423989 0.490715266474
0.0551625619723 0.0976529169907 0.308249231198 0.34204022421 0.0581852580799 0.00915878035407 0.470158889968 0.497785764961
0.000120881853021 0.000137192148767 5.44735098457e-05 0.00872419720921 0.0392709107321 0.175184918281 0.619637892994 0.361723565679
0.0115151860715 0.00093565725284 0.0116125729739 0.0371343607619 0.0239975925685 0.011064519183 0.396044709979 0.675031812225
0.544740310675 0.25628728125 0.0102053148906 0.0193478074805 0.146571158038 0.415461572056 0.269377162469 0.578916306058
0.0335675321372 0.0193128288207 0.0311713314583 0.0497966438026 0.156615093175 0.546496454848 0.268632702124 0.475572653005
0.00980381347329 0.00947662252717 0.0261261629296 0.371950286082 0.548086089619 0.274095025289 0.403862575662 0.19456702785
0.000787526200305 0.000561225977804 0.0197188218346 0.0372975403881 0.0392861417603 0.0155863453922 0.00873935774808 0.772718313657
7.11143176767e-05 9.40276918586e-05 0.00115128098022 0.00519192799345 0.00337967821531 0.0108966765037 0.335681160315 0.709790680514
0.00568835800016 0.0695171419743 0.0834149604673 0.0554804980728 0.142275914666 0.12318486064 0.371203806781 0.694579328669
0.00555762279162 0.00229075445667 0.00166390740836 0.00104677303669 0.0024209748049 0.00118896113894 0.44785750223 0.684543148442
0.189508813464 0.807932009863 0.00847512518978 0.140691292727 0.0378617009216 0.17655352304 0.601468505374 0.158857873078
1.70320431603e-05 0.00116520443911 0.0112841428869 0.0100028679047 0.0901047896969 0.0394395501221 0.0180128865393 0.59508964563
0.00513868809356 0.000249544514134 0.00375863963296 0.000747177060507 0.000149401109005 0.0115254843149 0.0112626960462 0.60012126497
0.19651716764 0.301289825185 0.380702118352 0.165185639239 0.0881202829475 0.609751412296 0.423106576883 0.183768667388
0.00981344380034 8.39629692191e-05 0.0410371376273 0.813542092735 0.352247461569 0.337405685598 0.150311480841 0.413037599509
0.0524258109495 0.012303051744 0.00452198928175 0.0133496810383 0.0734543494337 0.00275667056994 0.490553188299 0.599195268451
0.00118692813542 0.000478913119774 0.347621245364 0.514584582948 0.0377769522291 0.64772223353 0.157108523314 0.399787784852
0.0477341588996 0.0619476074023 0.000833846696071 0.13927257612 0.0429985637911 0.120532538445 0.613220664899 0.327763661421
0.0253017457367 0.0258067646741 0.0155631580242 0.0279340136203 0.101068168096 0.305119981099 0.286266799386 0.736961970098
0.943224445796 0.456535601388 0.477802527306 0.921021221115 0.126367270859 0.0649014409511 0.327185217457 0.0957725756676
0.0174117897357 0.00361466815545 0.0191643055475 0.334740575801 0.217313624131 0.0177779927176 0.697656374222 0.199871967075
0.204938343222 0.0309258949042 0.108615870515 0.148328990553 0.08377258941 0.180053188319 0.864861617153 0.156529085281
0.00108015445526 0.000986276254882 0.000408766437944 0.0563525096119 0.527159818027 0.619110603224 0.0473099248545 0.22206189118
0.017977001031 0.0181980691488 0.0197506133963 1.09429333665 0.422944603658 0.184762027091 0.240601054093 0.268617172802
0.0179140920379 0.0181343865239 0.0196814975363 1.09046395002 0.421464544297 0.184115458619 0.239758606147 0.267670577821
0.017977001031 0.0181980691488 0.0197506133963 1.09429333665 0.422944603658 0.184762027091 0.240601054093 0.268617172802
0.017977001031 0.0181980691488 0.0197506133963 1.09429333665 0.422944603658 0.184762027091 0.240601054093 0.268617172802
0.017977001031 0.0181980691488 0.0197506133963 1.09429333665 0.422944603658 0.184762027091 0.240601054093 0.268617172802
0.017977001031 0.0181980691488 0.0197506133963 1.09429333665 0.422944603658 0.184762027091 0.240601054093 0.268617172802
0.017977001031 0.0181980691488 0.0197506133963 1.09429333665 0.422944603658 0.184762027091 0.240601054093 0.268617172802
0.017994518614 0.0182158021566 0.019769859338 1.09535966429 0.423356739689 0.18494206998 0.240835641409 0.26888076081
0.017977001031 0.0181980691488 0.0197506133963 1.09429333665 0.422944603658 0.184762027091 0.240601054093 0.268617172802
0.017977001031 0.0181980691488 0.0197506133963 1.09429333665 0.422944603658 0.184762027091 0.240601054093 0.268617172802
0.017977001031 0.0181980691488 0.0197506133963 1.09429333665 0.422944603658 0.184762027091 0.240601054093 0.268617172802
0.017977001031 0.0181980691488 0.0197506133963 1.09429333665 0.422944603658 0.184762027091 0.240601054093 0.268617172802
0.017977001031 0.0181980691488 0.0197506133963 1.09429333665 0.422944603658 0.184762027091 0.240601054093 0.268617172802
0.017977001031 0.0181980691488 0.0197506133963 1.09429333665 0.422944603658 0.184762027091 0.240601054093 0.268617172802
0.017977001031 0.0181980691488 0.0197506133963 1.09429333665 0.422944603658 0.184762027091 0.240601054093 0.268617172802
0.017977001031 0.0181980691488 0.0197506133963 1.09429333665 0.422944603658 0.184762027091 0.240601054093 0.268617172802
0.017977001031 0.0181980691488 0.0197506133963 1.09429333665 0.422944603658 0.184762027091 0.240601054093 0.268617172802
0.017977001031 0.0181980691488 0.0197506133963 1.09429333665 0.422944603658 0.184762027091 0.240601054093 0.268617172802
0.017977001031 0.0181980691488 0.0197506133963 1.09429333665 0.422944603658 0.184762027091 0.240601054093 0.268617172802
0.017977001031 0.0181980691488 0.0197506133963 1.09429333665 0.422944603658 0.184762027091 0.240601054093 0.268617172802
0.017977001031 0.0181980691488 0.0197506133963 1.09429333665 0.422944603658 0.184762027091 0.240601054093 0.268617172802
0.017977001031 0.0181980691488 0.0197506133963 1.09429333665 0.422944603658 0.184762027091 0.240601054093 0.268617172802
0.017977001031 0.0181980691488 0.0197506133963 1.09429333665 0.422944603658 0.184762027091 0.240601054093 0.268617172802
0.017977001031 0.0181980691488 0.0197506133963 1.09429333665 0.422944603658 0.184762027091 0.240601054093 0.268617172802
0.017977001031 0.0181980691488 0.0197506133963 1.09429333665 0.422944603658 0.184762027091 0.240601054093 0.268617172802
0.017977001031 0.0181980691488 0.0197506133963 1.09429333665 0.422944603658 0.184762027091 0.240601054093 0.268617172802
0.017977001031 0.0181980691488 0.0197506133963 1.09429333665 0.422944603658 0.184762027091 0.240601054093 0.268617172802
0.017977001031 0.0181980691488 0.0197506133963 1.09429333665 0.422944603658 0.184762027091 0.240601054093 0.268617172802
0.017977001031 0.0181980691488 0.0197506133963 1.09429333665 0.422944603658 0.184762027091 0.240601054093 0.268617172802
0.017977001031 0.0181980691488 0.0197506133963 1.09429333665 0.422944603658 0.184762027091 0.240601054093 0.268617172802
0.017977001031 0.0181980691488 0.0197506133963 1.09429333665 0.422944603658 0.184762027091 0.240601054093 0.268617172802
0.017977001031 0.0181980691488 0.0197506133963 1.09429333665 0.422944603658 0.184762027091 0.240601054093 0.268617172802
0.017977001031 0.0181980691488 0.0197506133963 1.09429333665 0.422944603658 0.184762027091 0.240601054093 0.268617172802
0.017977001031 0.0181980691488 0.0197506133963 1.09429333665 0.422944603658 0.184762027091 0.240601054093 0.268617172802
0.017977001031 0.0181980691488 0.0197506133963 1.09429333665 0.422944603658 0.184762027091 0.240601054093 0.268617172802
0.0173032166277 0.0175159987921 0.0190103505791 1.05327883526 0.407092483569 0.177836979809 0.231578047068 0.258478702881
0.017977001031 0.0181980691488 0.0197506133963 1.09429333665 0.422944603658 0.184762027091 0.240601054093 0.268617172802
0.017977001031 0.0181980691488 0.0197506133963 1.09429333665 0.422944603658 0.184762027091 0.240601054093 0.268617172802
0.017977001031 0.0181980691488 0.0197506133963 1.09429333665 0.422944603658 0.184762027091 0.240601054093 0.268617172802
0.017977001031 0.0181980691488 0.0197506133963 1.09429333665 0.422944603658 0.184762027091 0.240601054093 0.268617172802
0.017977001031 0.0181980691488 0.0197506133963 1.09429333665 0.422944603658 0.184762027091 0.240601054093 0.268617172802
0.017977001031 0.0181980691488 0.0197506133963 1.09429333665 0.422944603658 0.184762027091 0.240601054093 0.268617172802
0.0178627990952 0.0180824627995 0.0196251438153 1.08734165384 0.420257775658 0.183588278038 0.239071714939 0.266898770171
0.017977001031 0.0181980691488 0.0197506133963 1.09429333665 0.422944603658 0.184762027091 0.240601054093 0.268617172802
0.017977001031 0.0181980691488 0.0197506133963 1.09429333665 0.422944603658 0.184762027091 0.240601054093 0.268617172802
0.017977001031 0.0181980691488 0.0197506133963 1.09429333665 0.422944603658 0.184762027091 0.240601054093 0.268617172802
0.017977001031 0.0181980691488 0.0197506133963 1.09429333665 0.422944603658 0.184762027091 0.240601054093 0.268617172802
0.017977001031 0.0181980691488 0.0197506133963 1.09429333665 0.422944603658 0.184762027091 0.240601054093 0.268617172802
0.017977001031 0.0181980691488 0.0197506133963 1.09429333665 0.422944603658 0.184762027091 0.240601054093 0.268617172802
0.017977001031 0.0181980691488 0.0197506133963 1.09429333665 0.422944603658 0.184762027091 0.240601054093 0.268617172802
0.0188611238473 0.0190930645831 0.0207219675023 1.14811152581 0.443745353852 0.193848898612 0.252440815214 0.281920616063
0.017977001031 0.0181980691488 0.0197506133963 1.09429333665 0.422944603658 0.184762027091 0.240601054093 0.268617172802
0.017977001031 0.0181980691488 0.0197506133963 1.09429333665 0.422944603658 0.184762027091 0.240601054093 0.268617172802
0.017977001031 0.0181980691488 0.0197506133963 1.09429333665 0.422944603658 0.184762027091 0.240601054093 0.268617172802
0.0188649772938 0.019096965418 0.0207262011462 1.14834609222 0.443836013857 0.193888503714 0.252492418776 0.281978599079
0.017977001031 0.0181980691488 0.0197506133963 1.09429333665 0.422944603658 0.184762027091 0.240601054093 0.268617172802
0.017977001031 0.0181980691488 0.0197506133963 1.09429333665 0.422944603658 0.184762027091 0.240601054093 0.268617172802
0.017977001031 0.0181980691488 0.0197506133963 1.09429333665 0.422944603658 0.184762027091 0.240601054093 0.268617172802
0.017977001031 0.0181980691488 0.0197506133963 1.09429333665 0.422944603658 0.184762027091 0.240601054093 0.268617172802
0.017977001031 0.0181980691488 0.0197506133963 1.09429333665 0.422944603658 0.184762027091 0.240601054093 0.268617172802
0.017977001031 0.0181980691488 0.0197506133963 1.09429333665 0.422944603658 0.184762027091 0.240601054093 0.268617172802
0.017977001031 0.0181980691488 0.0197506133963 1.09429333665 0.422944603658 0.184762027091 0.240601054093 0.268617172802
0.017977001031 0.0181980691488 0.0197506133963 1.09429333665 0.422944603658 0.184762027091 0.240601054093 0.268617172802
0.017977001031 0.0181980691488 0.0197506133963 1.09429333665 0.422944603658 0.184762027091 0.240601054093 0.268617172802
0.017977001031 0.0181980691488 0.0197506133963 1.09429333665 0.422944603658 0.184762027091 0.240601054093 0.268617172802
0.017977001031 0.0181980691488 0.0197506133963 1.09429333665 0.422944603658 0.184762027091 0.240601054093 0.268617172802
0.017977001031 0.0181980691488 0.0197506133963 1.09429333665 0.422944603658 0.184762027091 0.240601054093 0.268617172802
0.017977001031 0.0181980691488 0.0197506133963 1.09429333665 0.422944603658 0.184762027091 0.240601054093 0.268617172802
0.017977001031 0.0181980691488 0.0197506133963 1.09429333665 0.422944603658 0.184762027091 0.240601054093 0.268617172802
0.017977001031 0.0181980691488 0.0197506133963 1.09429333665 0.422944603658 0.184762027091 0.240601054093 0.268617172802
0.017977001031 0.0181980691488 0.0197506133963 1.09429333665 0.422944603658 0.184762027091 0.240601054093 0.268617172802
0.017977001031 0.0181980691488 0.0197506133963 1.09429333665 0.422944603658 0.184762027091 0.240601054093 0.268617172802
0.017977001031 0.0181980691488 0.0197506133963 1.09429333665 0.422944603658 0.184762027091 0.240601054093 0.268617172802
0.017977001031 0.0181980691488 0.0197506133963 1.09429333665 0.422944603658 0.184762027091 0.240601054093 0.268617172802
0.017977001031 0.0181980691488 0.0197506133963 1.09429333665 0.422944603658 0.184762027091 0.240601054093 0.268617172802
0.017977001031 0.0181980691488 0.0197506133963 1.09429333665 0.422944603658 0.184762027091 0.240601054093 0.268617172802
0.017977001031 0.0181980691488 0.0197506133963 1.09429333665 0.422944603658 0.184762027091 0.240601054093 0.268617172802
0.017977001031 0.0181980691488 0.0197506133963 1.09429333665 0.422944603658 0.184762027091 0.240601054093 0.268617172802
0.017977001031 0.0181980691488 0.0197506133963 1.09429333665 0.422944603658 0.184762027091 0.240601054093 0.268617172802
0.017977001031 0.0181980691488 0.0197506133963 1.09429333665 0.422944603658 0.184762027091 0.240601054093 0.268617172802
0.017977001031 0.0181980691488 0.0197506133963 1.09429333665 0.422944603658 0.184762027091 0.240601054093 0.268617172802
0.0179517915538 0.0181725496547 0.0197229166456 1.0927587892 0.422351500497 0.184502928156 0.240263460512 0.268237844451
0.017977001031 0.0181980691488 0.0197506133963 1.09429333665 0.422944603658 0.184762027091 0.240601054093 0.268617172802
0.017977001031 0.0181980691488 0.0197506133963 1.09429333665 0.422944603658 0.184762027091 0.240601054093 0.268617172802
0.017977001031 0.0181980691488 0.0197506133963 1.09429333665 0.422944603658 0.184762027091 0.240601054093 0.268617172802
0.017977001031 0.0181980691488 0.0197506133963 1.09429333665 0.422944603658 0.184762027091 0.240601054093 0.268617172802
0.017977001031 0.0181980691488 0.0197506133963 1.09429333665 0.422944603658 0.184762027091 0.240601054093 0.268617172802
0.017977001031 0.0181980691488 0.0197506133963 1.09429333665 0.422944603658 0.184762027091 0.240601054093 0.268617172802
0.017977001031 0.0181980691488 0.0197506133963 1.09429333665 0.422944603658 0.184762027091 0.240601054093 0.268617172802
0.017977001031 0.0181980691488 0.0197506133963 1.09429333665 0.422944603658 0.184762027091 0.240601054093 0.268617172802
0.017977001031 0.0181980691488 0.0197506133963 1.09429333665 0.422944603658 0.184762027091 0.240601054093 0.268617172802
0.017977001031 0.0181980691488 0.0197506133963 1.09429333665 0.422944603658 0.184762027091 0.240601054093 0.268617172802
0.017977001031 0.0181980691488 0.0197506133963 1.09429333665 0.422944603658 0.184762027091 0.240601054093 0.268617172802
0.017977001031 0.0181980691488 0.0197506133963 1.09429333665 0.422944603658 0.184762027091 0.240601054093 0.268617172802
0.017977001031 0.0181980691488 0.0197506133963 1.09429333665 0.422944603658 0.184762027091 0.240601054093 0.268617172802
0.017977001031 0.0181980691488 0.0197506133963 1.09429333665 0.422944603658 0.184762027091 0.240601054093 0.268617172802
0.017977001031 0.0181980691488 0.0197506133963 1.09429333665 0.422944603658 0.184762027091 0.240601054093 0.268617172802
0.017977001031 0.0181980691488 0.0197506133963 1.09429333665 0.422944603658 0.184762027091 0.240601054093 0.268617172802
0.017977001031 0.0181980691488 0.0197506133963 1.09429333665 0.422944603658 0.184762027091 0.240601054093 0.268617172802
0.017977001031 0.0181980691488 0.0197506133963 1.09429333665 0.422944603658 0.184762027091 0.240601054093 0.268617172802
0.017977001031 0.0181980691488 0.0197506133963 1.09429333665 0.422944603658 0.184762027091 0.240601054093 0.268617172802
0.017977001031 0.0181980691488 0.0197506133963 1.09429333665 0.422944603658 0.184762027091 0.240601054093 0.268617172802
0.017977001031 0.0181980691488 0.0197506133963 1.09429333665 0.422944603658 0.184762027091 0.240601054093 0.268617172802
0.017977001031 0.0181980691488 0.0197506133963 1.09429333665 0.422944603658 0.184762027091 0.240601054093 0.268617172802
0.017977001031 0.0181980691488 0.0197506133963 1.09429333665 0.422944603658 0.184762027091 0.240601054093 0.268617172802
0.0181065537182 0.0183292150274 0.0198929482986 1.10217944805 0.425992588659 0.186093548687 0.242335963362 0.270566559009
0.017977001031 0.0181980691488 0.0197506133963 1.09429333665 0.422944603658 0.184762027091 0.240601054093 0.268617172802
0.017977001031 0.0181980691488 0.0197506133963 1.09429333665 0.422944603658 0.184762027091 0.240601054093 0.268617172802
0.017977001031 0.0181980691488 0.0197506133963 1.09429333665 0.422944603658 0.184762027091 0.240601054093 0.268617172802
0.018166272726 0.0183896684377 0.0199585594358 1.10581465439 0.427397597263 0.186707331005 0.24313569251 0.271465154111
0.017977001031 0.0181980691488 0.0197506133963 1.09429333665 0.422944603658 0.184762027091 0.240601054093 0.268617172802
0.017977001031 0.0181980691488 0.0197506133963 1.09429333665 0.422944603658 0.184762027091 0.240601054093 0.268617172802
0.017977001031 0.0181980691488 0.0197506133963 1.09429333665 0.422944603658 0.184762027091 0.240601054093 0.268617172802
0.017977001031 0.0181980691488 0.0197506133963 1.09429333665 0.422944603658 0.184762027091 0.240601054093 0.268617172802
0.017977001031 0.0181980691488 0.0197506133963 1.09429333665 0.422944603658 0.184762027091 0.240601054093 0.268617172802
0.017977001031 0.0181980691488 0.0197506133963 1.09429333665 0.422944603658 0.184762027091 0.240601054093 0.268617172802
0.017977001031 0.0181980691488 0.0197506133963 1.09429333665 0.422944603658 0.184762027091 0.240601054093 0.268617172802
0.017977001031 0.0181980691488 0.0197506133963 1.09429333665 0.422944603658 0.184762027091 0.240601054093 0.268617172802
0.017977001031 0.0181980691488 0.0197506133963 1.09429333665 0.422944603658 0.184762027091 0.240601054093 0.268617172802
0.017977001031 0.0181980691488 0.0197506133963 1.09429333665 0.422944603658 0.184762027091 0.240601054093 0.268617172802
0.0186533182005 0.0188827034188 0.0204936588731 1.13546201219 0.438856312118 0.191713105736 0.249657978744 0.278793753392
0.017977001031 0.0181980691488 0.0197506133963 1.09429333665 0.422944603658 0.184762027091 0.240601054093 0.268617172802
0.017977001031 0.0181980691488 0.0197506133963 1.09429333665 0.422944603658 0.184762027091 0.240601054093 0.268617172802
0.017977001031 0.0181980691488 0.0197506133963 1.09429333665 0.422944603658 0.184762027091 0.240601054093 0.268617172802
0.017977001031 0.0181980691488 0.0197506133963 1.09429333665 0.422944603658 0.184762027091 0.240601054093 0.268617172802
0.0175774904164 0.0177936454991 0.0193116853777 1.06997438747 0.413545320728 0.180655921513 0.235250993948 0.262605715234
0.017977001031 0.0181980691488 0.0197506133963 1.09429333665 0.422944603658 0.184762027091 0.240601054093 0.268617172802
0.017977001031 0.0181980691488 0.0197506133963 1.09429333665 0.422944603658 0.184762027091 0.240601054093 0.268617172802
0.017977001031 0.0181980691488 0.0197506133963 1.09429333665 0.422944603658 0.184762027091 0.240601054093 0.268617172802
0.017977001031 0.0181980691488 0.0197506133963 1.09429333665 0.422944603658 0.184762027091 0.240601054093 0.268617172802
0.017977001031 0.0181980691488 0.0197506133963 1.09429333665 0.422944603658 0.184762027091 0.240601054093 0.268617172802
0.017977001031 0.0181980691488 0.0197506133963 1.09429333665 0.422944603658 0.184762027091 0.240601054093 0.268617172802
0.017977001031 0.0181980691488 0.0197506133963 1.09429333665 0.422944603658 0.184762027091 0.240601054093 0.268617172802
0.017977001031 0.0181980691488 0.0197506133963 1.09429333665 0.422944603658 0.184762027091 0.240601054093 0.268617172802
0.017977001031 0.0181980691488 0.0197506133963 1.09429333665 0.422944603658 0.184762027091 0.240601054093 0.268617172802
0.017977001031 0.0181980691488 0.0197506133963 1.09429333665 0.422944603658 0.184762027091 0.240601054093 0.268617172802
0.017977001031 0.0181980691488 0.0197506133963 1.09429333665 0.422944603658 0.184762027091 0.240601054093 0.268617172802
0.0158868248785 0.0197526574243 0.0197506133963 1.09429333665 0.422944603658 0.184762027091 0.240601054093 0.268617172802
0.017977001031 0.0181980691488 0.0197506133963 1.09429333665 0.422944603658 0.184762027091 0.240601054093 0.268617172802
0.017977001031 0.0181980691488 0.0197506133963 1.09429333665 0.422944603658 0.184762027091 0.240601054093 0.268617172802
0.017977001031 0.0181980691488 0.0197506133963 1.09429333665 0.422944603658 0.184762027091 0.240601054093 0.268617172802
0.017977001031 0.0181980691488 0.0197506133963 1.09429333665 0.422944603658 0.184762027091 0.240601054093 0.268617172802
0.017977001031 0.0181980691488 0.0197506133963 1.09429333665 0.422944603658 0.184762027091 0.240601054093 0.268617172802
0.017977001031 0.0181980691488 0.0197506133963 1.09429333665 0.422944603658 0.184762027091 0.240601054093 0.268617172802
0.017977001031 0.0181980691488 0.0197506133963 1.09429333665 0.422944603658 0.184762027091 0.240601054093 0.268617172802
0.017977001031 0.0181980691488 0.0197506133963 1.09429333665 0.422944603658 0.184762027091 0.240601054093 0.268617172802
0.017977001031 0.0181980691488 0.0197506133963 1.09429333665 0.422944603658 0.184762027091 0.240601054093 0.268617172802
0.017977001031 0.0181980691488 0.0197506133963 1.09429333665 0.422944603658 0.184762027091 0.240601054093 0.268617172802
0.017977001031 0.0181980691488 0.0197506133963 1.09429333665 0.422944603658 0.184762027091 0.240601054093 0.268617172802
0.017977001031 0.0181980691488 0.0197506133963 1.09429333665 0.422944603658 0.184762027091 0.240601054093 0.268617172802
0.017977001031 0.0181980691488 0.0197506133963 1.09429333665 0.422944603658 0.184762027091 0.240601054093 0.268617172802
0.017977001031 0.0181980691488 0.0197506133963 1.09429333665 0.422944603658 0.184762027091 0.240601054093 0.268617172802
0.017977001031 0.0181980691488 0.0197506133963 1.09429333665 0.422944603658 0.184762027091 0.240601054093 0.268617172802
0.017977001031 0.0181980691488 0.0197506133963 1.09429333665 0.422944603658 0.184762027091 0.240601054093 0.268617172802
0.017977001031 0.0181980691488 0.0197506133963 1.09429333665 0.422944603658 0.184762027091 0.240601054093 0.268617172802
0.017977001031 0.0181980691488 0.0197506133963 1.09429333665 0.422944603658 0.184762027091 0.240601054093 0.268617172802
0.017977001031 0.0181980691488 0.0197506133963 1.09429333665 0.422944603658 0.184762027091 0.240601054093 0.268617172802
0.017977001031 0.0181980691488 0.0197506133963 1.09429333665 0.422944603658 0.184762027091 0.240601054093 0.268617172802
0.017977001031 0.0181980691488 0.0197506133963 1.09429333665 0.422944603658 0.184762027091 0.240601054093 0.268617172802
0.017977001031 0.0181980691488 0.0197506133963 1.09429333665 0.422944603658 0.184762027091 0.240601054093 0.268617172802
0.017977001031 0.0181980691488 0.0197506133963 1.09429333665 0.422944603658 0.184762027091 0.240601054093 0.268617172802
0.017977001031 0.0181980691488 0.0197506133963 1.09429333665 0.422944603658 0.184762027091 0.240601054093 0.268617172802
0.017977001031 0.0181980691488 0.0197506133963 1.09429333665 0.422944603658 0.184762027091 0.240601054093 0.268617172802
0.017977001031 0.0181980691488 0.0197506133963 1.09429333665 0.422944603658 0.184762027091 0.240601054093 0.268617172802
0.017977001031 0.0181980691488 0.0197506133963 1.09429333665 0.422944603658 0.184762027091 0.240601054093 0.268617172802
0.017977001031 0.0181980691488 0.0197506133963 1.09429333665 0.422944603658 0.184762027091 0.240601054093 0.268617172802
0.017977001031 0.0181980691488 0.0197506133963 1.09429333665 0.422944603658 0.184762027091 0.240601054093 0.268617172802
0.017977001031 0.0181980691488 0.0197506133963 1.09429333665 0.422944603658 0.184762027091 0.240601054093 0.268617172802
0.017977001031 0.0181980691488 0.0197506133963 1.09429333665 0.422944603658 0.184762027091 0.240601054093 0.268617172802
0.017977001031 0.0181980691488 0.0197506133963 1.09429333665 0.422944603658 0.184762027091 0.240601054093 0.268617172802
0.017977001031 0.0181980691488 0.0197506133963 1.09429333665 0.422944603658 0.184762027091 0.240601054093 0.268617172802
0.017977001031 0.0181980691488 0.0197506133963 1.09429333665 0.422944603658 0.184762027091 0.240601054093 0.268617172802
0.017977001031 0.0181980691488 0.0197506133963 1.09429333665 0.422944603658 0.184762027091 0.240601054093 0.268617172802
0.017977001031 0.0181980691488 0.0197506133963 1.09429333665 0.422944603658 0.184762027091 0.240601054093 0.268617172802
0.017977001031 0.0181980691488 0.0197506133963 1.09429333665 0.422944603658 0.184762027091 0.240601054093 0.268617172802
0.017977001031 0.0181980691488 0.0197506133963 1.09429333665 0.422944603658 0.184762027091 0.240601054093 0.268617172802
0.017977001031 0.0181980691488 0.0197506133963 1.09429333665 0.422944603658 0.184762027091 0.240601054093 0.268617172802
0.017977001031 0.0181980691488 0.0197506133963 1.09429333665 0.422944603658 0.184762027091 0.240601054093 0.268617172802
0.017977001031 0.0181980691488 0.0197506133963 1.09429333665 0.422944603658 0.184762027091 0.240601054093 0.268617172802
0.017977001031 0.0181980691488 0.0197506133963 1.09429333665 0.422944603658 0.184762027091 0.240601054093 0.268617172802
0.017977001031 0.0181980691488 0.0197506133963 1.09429333665 0.422944603658 0.184762027091 0.240601054093 0.268617172802
0.017977001031 0.0181980691488 0.0197506133963 1.09429333665 0.422944603658 0.184762027091 0.240601054093 0.268617172802
0.017977001031 0.0181980691488 0.0197506133963 1.09429333665 0.422944603658 0.184762027091 0.240601054093 0.268617172802
0.017977001031 0.0181980691488 0.0197506133963 1.09429333665 0.422944603658 0.184762027091 0.240601054093 0.268617172802
0.017977001031 0.0181980691488 0.0197506133963 1.09429333665 0.422944603658 0.184762027091 0.240601054093 0.268617172802
0.017977001031 0.0181980691488 0.0197506133963 1.09429333665 0.422944603658 0.184762027091 0.240601054093 0.268617172802
0.017977001031 0.0181980691488 0.0197506133963 1.09429333665 0.422944603658 0.184762027091 0.240601054093 0.268617172802
0.017977001031 0.0181980691488 0.0197506133963 1.09429333665 0.422944603658 0.184762027091 0.240601054093 0.268617172802
0.017977001031 0.0181980691488 0.0197506133963 1.09429333665 0.422944603658 0.184762027091 0.240601054093 0.268617172802
0.017977001031 0.0181980691488 0.0197506133963 1.09429333665 0.422944603658 0.184762027091 0.240601054093 0.268617172802
0.017977001031 0.0181980691488 0.0197506133963 1.09429333665 0.422944603658 0.184762027091 0.240601054093 0.268617172802
0.017977001031 0.0181980691488 0.0197506133963 1.09429333665 0.422944603658 0.184762027091 0.240601054093 0.268617172802
0.017977001031 0.0181980691488 0.0197506133963 1.09429333665 0.422944603658 0.184762027091 0.240601054093 0.268617172802
0.017977001031 0.0181980691488 0.0197506133963 1.09429333665 0.422944603658 0.184762027091 0.240601054093 0.268617172802
0.017977001031 0.0181980691488 0.0197506133963 1.09429333665 0.422944603658 0.184762027091 0.240601054093 0.268617172802
0.017977001031 0.0181980691488 0.0197506133963 1.09429333665 0.422944603658 0.184762027091 0.240601054093 0.268617172802
0.017977001031 0.0181980691488 0.0197506133963 1.09429333665 0.422944603658 0.184762027091 0.240601054093 0.268617172802
0.017977001031 0.0181980691488 0.0197506133963 1.09429333665 0.422944603658 0.184762027091 0.240601054093 0.268617172802
0.017977001031 0.0181980691488 0.0197506133963 1.09429333665 0.422944603658 0.184762027091 0.240601054093 0.268617172802
0.017977001031 0.0181980691488 0.0197506133963 1.09429333665 0.422944603658 0.184762027091 0.240601054093 0.268617172802
0.017977001031 0.0181980691488 0.0197506133963 1.09429333665 0.422944603658 0.184762027091 0.240601054093 0.268617172802
0.017977001031 0.0181980691488 0.0197506133963 1.09429333665 0.422944603658 0.184762027091 0.240601054093 0.268617172802
0.0184589399555 0.0186859347814 0.0202801024498 1.12362984932 0.434283176753 0.189715317525 0.247054955786 0.275868933552
0.017977001031 0.0181980691488 0.0197506133963 1.09429333665 0.422944603658 0.184762027091 0.240601054093 0.268617172802
0.017977001031 0.0181980691488 0.0197506133963 1.09429333665 0.422944603658 0.184762027091 0.240601054093 0.268617172802
0.017977001031 0.0181980691488 0.0197506133963 1.09429333665 0.422944603658 0.184762027091 0.240601054093 0.268617172802
0.017977001031 0.0181980691488 0.0197506133963 1.09429333665 0.422944603658 0.184762027091 0.240601054093 0.268617172802
0.017977001031 0.0181980691488 0.0197506133963 1.09429333665 0.422944603658 0.184762027091 0.240601054093 0.268617172802
0.017977001031 0.0181980691488 0.0197506133963 1.09429333665 0.422944603658 0.184762027091 0.240601054093 0.268617172802
0.017977001031 0.0181980691488 0.0197506133963 1.09429333665 0.422944603658 0.184762027091 0.240601054093 0.268617172802
0.017977001031 0.0181980691488 0.0197506133963 1.09429333665 0.422944603658 0.184762027091 0.240601054093 0.268617172802
0.017977001031 0.0181980691488 0.0197506133963 1.09429333665 0.422944603658 0.184762027091 0.240601054093 0.268617172802
0.017977001031 0.0181980691488 0.0197506133963 1.09429333665 0.422944603658 0.184762027091 0.240601054093 0.268617172802
0.017977001031 0.0181980691488 0.0197506133963 1.09429333665 0.422944603658 0.184762027091 0.240601054093 0.268617172802
0.017977001031 0.0181980691488 0.0197506133963 1.09429333665 0.422944603658 0.184762027091 0.240601054093 0.268617172802
0.017977001031 0.0181980691488 0.0197506133963 1.09429333665 0.422944603658 0.184762027091 0.240601054093 0.268617172802
0.017977001031 0.0181980691488 0.0197506133963 1.09429333665 0.422944603658 0.184762027091 0.240601054093 0.268617172802
0.017977001031 0.0181980691488 0.0197506133963 1.09429333665 0.422944603658 0.184762027091 0.240601054093 0.268617172802
0.017977001031 0.0181980691488 0.0197506133963 1.09429333665 0.422944603658 0.184762027091 0.240601054093 0.268617172802
0.017977001031 0.0181980691488 0.0197506133963 1.09429333665 0.422944603658 0.184762027091 0.240601054093 0.268617172802
0.017977001031 0.0181980691488 0.0197506133963 1.09429333665 0.422944603658 0.184762027091 0.240601054093 0.268617172802
0.017977001031 0.0181980691488 0.0197506133963 1.09429333665 0.422944603658 0.184762027091 0.240601054093 0.268617172802
0.017977001031 0.0181980691488 0.0197506133963 1.09429333665 0.422944603658 0.184762027091 0.240601054093 0.268617172802
0.017977001031 0.0181980691488 0.0197506133963 1.09429333665 0.422944603658 0.184762027091 0.240601054093 0.268617172802
0.017977001031 0.0181980691488 0.0197506133963 1.09429333665 0.422944603658 0.184762027091 0.240601054093 0.268617172802
0.017977001031 0.0181980691488 0.0197506133963 1.09429333665 0.422944603658 0.184762027091 0.240601054093 0.268617172802
0.017977001031 0.0181980691488 0.0197506133963 1.09429333665 0.422944603658 0.184762027091 0.240601054093 0.268617172802
0.022783763345 0.0230639432626 0.0250316311742 1.09405037268 0.422944603658 0.184762027091 0.240601054093 0.268617172802
0.017977001031 0.0181980691488 0.0197506133963 1.09429333665 0.422944603658 0.184762027091 0.240601054093 0.268617172802
0.017977001031 0.0181980691488 0.0197506133963 1.09429333665 0.422944603658 0.184762027091 0.240601054093 0.268617172802
0.017977001031 0.0181980691488 0.0197506133963 1.09429333665 0.422944603658 0.184762027091 0.240601054093 0.268617172802
0.0178396613087 0.0180590404729 0.0195997231571 1.08593321403 0.419713413145 0.183350471605 0.238761864475 0.266550614661
0.017977001031 0.0181980691488 0.0197506133963 1.09429333665 0.422944603658 0.184762027091 0.240601054093 0.268617172802
0.0174397311173 0.0176541920867 0.0191603341645 1.06158872444 0.410304258837 0.179240053685 0.233406185553 0.2605328437
0.017977001031 0.0181980691488 0.0197506133963 1.09429333665 0.422944603658 0.184762027091 0.240601054093 0.268617172802
0.017977001031 0.0181980691488 0.0197506133963 1.09429333665 0.422944603658 0.184762027091 0.240601054093 0.268617172802
0.017977001031 0.0181980691488 0.0197506133963 1.09429333665 0.422944603658 0.184762027091 0.240601054093 0.268617172802
0.017977001031 0.0181980691488 0.0197506133963 1.09429333665 0.422944603658 0.184762027091 0.240601054093 0.268617172802
0.017977001031 0.0181980691488 0.0197506133963 1.09429333665 0.422944603658 0.184762027091 0.240601054093 0.268617172802
0.017977001031 0.0181980691488 0.0197506133963 1.09429333665 0.422944603658 0.184762027091 0.240601054093 0.268617172802
0.017977001031 0.0181980691488 0.0197506133963 1.09429333665 0.422944603658 0.184762027091 0.240601054093 0.268617172802
0.017977001031 0.0181980691488 0.0197506133963 1.09429333665 0.422944603658 0.184762027091 0.240601054093 0.268617172802
0.017977001031 0.0181980691488 0.0197506133963 1.09429333665 0.422944603658 0.184762027091 0.240601054093 0.268617172802
0.017977001031 0.0181980691488 0.0197506133963 1.09429333665 0.422944603658 0.184762027091 0.240601054093 0.268617172802
0.017977001031 0.0181980691488 0.0197506133963 1.09429333665 0.422944603658 0.184762027091 0.240601054093 0.268617172802
0.017977001031 0.0181980691488 0.0197506133963 1.09429333665 0.422944603658 0.184762027091 0.240601054093 0.268617172802
0.017977001031 0.0181980691488 0.0197506133963 1.09429333665 0.422944603658 0.184762027091 0.240601054093 0.268617172802
0.017977001031 0.0181980691488 0.0197506133963 1.09429333665 0.422944603658 0.184762027091 0.240601054093 0.268617172802
0.017977001031 0.0181980691488 0.0197506133963 1.09429333665 0.422944603658 0.184762027091 0.240601054093 0.268617172802
0.017977001031 0.0181980691488 0.0197506133963 1.09429333665 0.422944603658 0.184762027091 0.240601054093 0.268617172802
0.017977001031 0.0181980691488 0.0197506133963 1.09429333665 0.422944603658 0.184762027091 0.240601054093 0.268617172802
0.017977001031 0.0181980691488 0.0197506133963 1.09429333665 0.422944603658 0.184762027091 0.240601054093 0.268617172802
0.017977001031 0.0181980691488 0.0197506133963 1.09429333665 0.422944603658 0.184762027091 0.240601054093 0.268617172802
0.017977001031 0.0181980691488 0.0197506133963 1.09429333665 0.422944603658 0.184762027091 0.240601054093 0.268617172802
0.017977001031 0.0181980691488 0.0197506133963 1.09429333665 0.422944603658 0.184762027091 0.240601054093 0.268617172802
0.0182516857497 0.0184761318393 0.020052399669 1.11101390293 0.429407108764 0.187585192268 0.244279503956 0.272750368442
0.017977001031 0.0181980691488 0.0197506133963 1.09429333665 0.422944603658 0.184762027091 0.240601054093 0.268617172802
0.017977001031 0.0181980691488 0.0197506133963 1.09429333665 0.422944603658 0.184762027091 0.240601054093 0.268617172802
0.017977001031 0.0181980691488 0.0197506133963 1.09429333665 0.422944603658 0.184762027091 0.240601054093 0.268617172802
0.017977001031 0.0181980691488 0.0197506133963 1.09429333665 0.422944603658 0.184762027091 0.240601054093 0.268617172802
0.017977001031 0.0181980691488 0.0197506133963 1.09429333665 0.422944603658 0.184762027091 0.240601054093 0.268617172802
0.0106170741103 0.0107476325464 0.024897259883 1.09429333665 0.422944603658 0.184762027091 0.240601054093 0.268617172802
0.017977001031 0.0181980691488 0.0197506133963 1.09429333665 0.422944603658 0.184762027091 0.240601054093 0.268617172802
0.017977001031 0.0181980691488 0.0197506133963 1.09429333665 0.422944603658 0.184762027091 0.240601054093 0.268617172802
0.017977001031 0.0181980691488 0.0197506133963 1.09429333665 0.422944603658 0.184762027091 0.240601054093 0.268617172802
0.017977001031 0.0181980691488 0.0197506133963 1.09429333665 0.422944603658 0.184762027091 0.240601054093 0.268617172802
0.017977001031 0.0181980691488 0.0197506133963 1.09429333665 0.422944603658 0.184762027091 0.240601054093 0.268617172802
0.017977001031 0.0181980691488 0.0197506133963 1.09429333665 0.422944603658 0.184762027091 0.240601054093 0.268617172802
0.017977001031 0.0181980691488 0.0197506133963 1.09429333665 0.422944603658 0.184762027091 0.240601054093 0.268617172802
0.017977001031 0.0181980691488 0.0197506133963 1.09429333665 0.422944603658 0.184762027091 0.240601054093 0.268617172802
0.017977001031 0.0181980691488 0.0197506133963 1.09429333665 0.422944603658 0.184762027091 0.240601054093 0.268617172802
0.017977001031 0.0181980691488 0.0197506133963 1.09429333665 0.422944603658 0.184762027091 0.240601054093 0.268617172802
0.017977001031 0.0181980691488 0.0197506133963 1.09429333665 0.422944603658 0.184762027091 0.240601054093 0.268617172802
0.017977001031 0.0181980691488 0.0197506133963 1.09429333665 0.422944603658 0.184762027091 0.240601054093 0.268617172802
0.017977001031 0.0181980691488 0.0197506133963 1.09429333665 0.422944603658 0.184762027091 0.240601054093 0.268617172802
0.017977001031 0.0181980691488 0.0197506133963 1.09429333665 0.422944603658 0.184762027091 0.240601054093 0.268617172802
0.017977001031 0.0181980691488 0.0197506133963 1.09429333665 0.422944603658 0.184762027091 0.240601054093 0.268617172802
0.017977001031 0.0181980691488 0.0197506133963 1.09429333665 0.422944603658 0.184762027091 0.240601054093 0.268617172802
0.017977001031 0.0181980691488 0.0197506133963 1.09429333665 0.422944603658 0.184762027091 0.240601054093 0.268617172802
0.017977001031 0.0181980691488 0.0197506133963 1.09429333665 0.422944603658 0.184762027091 0.240601054093 0.268617172802
0.017977001031 0.0181980691488 0.0197506133963 1.09429333665 0.422944603658 0.184762027091 0.240601054093 0.268617172802
0.017977001031 0.0181980691488 0.0197506133963 1.09429333665 0.422944603658 0.184762027091 0.240601054093 0.268617172802
0.017977001031 0.0181980691488 0.0197506133963 1.09429333665 0.422944603658 0.184762027091 0.240601054093 0.268617172802
0.017977001031 0.0181980691488 0.0197506133963 1.09429333665 0.422944603658 0.184762027091 0.240601054093 0.268617172802
0.017977001031 0.0181980691488 0.0197506133963 1.09429333665 0.422944603658 0.184762027091 0.240601054093 0.268617172802
0.017977001031 0.0181980691488 0.0197506133963 1.09429333665 0.422944603658 0.184762027091 0.240601054093 0.268617172802
0.017977001031 0.0181980691488 0.0197506133963 1.09429333665 0.422944603658 0.184762027091 0.240601054093 0.268617172802
0.0177299717153 0.0179480019572 0.0194792111254 1.07925620584 0.417132746989 0.182223099679 0.237292952511 0.264900109488
0.017977001031 0.0181980691488 0.0197506133963 1.09429333665 0.422944603658 0.184762027091 0.240601054093 0.268617172802
0.017977001031 0.0181980691488 0.0197506133963 1.09429333665 0.422944603658 0.184762027091 0.240601054093 0.268617172802
0.017977001031 0.0181980691488 0.0197506133963 1.09429333665 0.422944603658 0.184762027091 0.240601054093 0.268617172802
0.017977001031 0.0181980691488 0.0197506133963 1.09429333665 0.422944603658 0.184762027091 0.240601054093 0.268617172802
0.017977001031 0.0181980691488 0.0197506133963 1.09429333665 0.422944603658 0.184762027091 0.240601054093 0.268617172802
0.017977001031 0.0181980691488 0.0197506133963 1.09429333665 0.422944603658 0.184762027091 0.240601054093 0.268617172802
0.017977001031 0.0181980691488 0.0197506133963 1.09429333665 0.422944603658 0.184762027091 0.240601054093 0.268617172802
0.017977001031 0.0181980691488 0.0197506133963 1.09429333665 0.422944603658 0.184762027091 0.240601054093 0.268617172802
0.017977001031 0.0181980691488 0.0197506133963 1.09429333665 0.422944603658 0.184762027091 0.240601054093 0.268617172802
0.017977001031 0.0181980691488 0.0197506133963 1.09429333665 0.422944603658 0.184762027091 0.240601054093 0.268617172802
0.017977001031 0.0181980691488 0.0197506133963 1.09429333665 0.422944603658 0.184762027091 0.240601054093 0.268617172802
0.017977001031 0.0181980691488 0.0197506133963 1.09429333665 0.422944603658 0.184762027091 0.240601054093 0.268617172802
0.017977001031 0.0181980691488 0.0197506133963 1.09429333665 0.422944603658 0.184762027091 0.240601054093 0.268617172802
0.017977001031 0.0181980691488 0.0197506133963 1.09429333665 0.422944603658 0.184762027091 0.240601054093 0.268617172802
0.017977001031 0.0181980691488 0.0197506133963 1.09429333665 0.422944603658 0.184762027091 0.240601054093 0.268617172802
0.017977001031 0.0181980691488 0.0197506133963 1.09429333665 0.422944603658 0.184762027091 0.240601054093 0.268617172802
0.017977001031 0.0181980691488 0.0197506133963 1.09429333665 0.422944603658 0.184762027091 0.240601054093 0.268617172802
0.017977001031 0.0181980691488 0.0197506133963 1.09429333665 0.422944603658 0.184762027091 0.240601054093 0.268617172802
0.017977001031 0.0181980691488 0.0197506133963 1.09429333665 0.422944603658 0.184762027091 0.240601054093 0.268617172802
0.017977001031 0.0181980691488 0.0197506133963 1.09429333665 0.422944603658 0.184762027091 0.240601054093 0.268617172802
0.017977001031 0.0181980691488 0.0197506133963 1.09429333665 0.422944603658 0.184762027091 0.240601054093 0.268617172802
0.017977001031 0.0181980691488 0.0197506133963 1.09429333665 0.422944603658 0.184762027091 0.240601054093 0.268617172802
0.017977001031 0.0181980691488 0.0197506133963 1.09429333665 0.422944603658 0.184762027091 0.240601054093 0.268617172802
0.017977001031 0.0181980691488 0.0197506133963 1.09429333665 0.422944603658 0.184762027091 0.240601054093 0.268617172802
0.017977001031 0.0181980691488 0.0197506133963 1.09429333665 0.422944603658 0.184762027091 0.240601054093 0.268617172802
0.017977001031 0.0181980691488 0.0197506133963 1.09429333665 0.422944603658 0.184762027091 0.240601054093 0.268617172802
0.017977001031 0.0181980691488 0.0197506133963 1.09429333665 0.422944603658 0.184762027091 0.240601054093 0.268617172802
0.017977001031 0.0181980691488 0.0197506133963 1.09429333665 0.422944603658 0.184762027091 0.240601054093 0.268617172802
0.017977001031 0.0181980691488 0.0197506133963 1.09429333665 0.422944603658 0.184762027091 0.240601054093 0.268617172802
0.017977001031 0.0181980691488 0.0197506133963 1.09429333665 0.422944603658 0.184762027091 0.240601054093 0.268617172802
0.017977001031 0.0181980691488 0.0197506133963 1.09429333665 0.422944603658 0.184762027091 0.240601054093 0.268617172802
0.017977001031 0.0181980691488 0.0197506133963 1.09429333665 0.422944603658 0.184762027091 0.240601054093 0.268617172802
0.017977001031 0.0181980691488 0.0197506133963 1.09429333665 0.422944603658 0.184762027091 0.240601054093 0.268617172802
0.017977001031 0.0181980691488 0.0197506133963 1.09429333665 0.422944603658 0.184762027091 0.240601054093 0.268617172802
0.017977001031 0.0181980691488 0.0197506133963 1.09429333665 0.422944603658 0.184762027091 0.240601054093 0.268617172802
0.017977001031 0.0181980691488 0.0197506133963 1.09429333665 0.422944603658 0.184762027091 0.240601054093 0.268617172802
0.017977001031 0.0181980691488 0.0197506133963 1.09429333665 0.422944603658 0.184762027091 0.240601054093 0.268617172802
0.017977001031 0.0181980691488 0.0197506133963 1.09429333665 0.422944603658 0.184762027091 0.240601054093 0.268617172802
0.017977001031 0.0181980691488 0.0197506133963 1.09429333665 0.422944603658 0.184762027091 0.240601054093 0.268617172802
0.017977001031 0.0181980691488 0.0197506133963 1.09429333665 0.422944603658 0.184762027091 0.240601054093 0.268617172802
0.017977001031 0.0181980691488 0.0197506133963 1.09429333665 0.422944603658 0.184762027091 0.240601054093 0.268617172802
0.017977001031 0.0181980691488 0.0197506133963 1.09429333665 0.422944603658 0.184762027091 0.240601054093 0.268617172802
0.017977001031 0.0181980691488 0.0197506133963 1.09429333665 0.422944603658 0.184762027091 0.240601054093 0.268617172802
0.017977001031 0.0181980691488 0.0197506133963 1.09429333665 0.422944603658 0.184762027091 0.240601054093 0.268617172802
0.017977001031 0.0181980691488 0.0197506133963 1.09429333665 0.422944603658 0.184762027091 0.240601054093 0.268617172802
0.017977001031 0.0181980691488 0.0197506133963 1.09429333665 0.422944603658 0.184762027091 0.240601054093 0.268617172802
0.017977001031 0.0181980691488 0.0197506133963 1.09429333665 0.422944603658 0.184762027091 0.240601054093 0.268617172802
0.017977001031 0.0181980691488 0.0197506133963 1.09429333665 0.422944603658 0.184762027091 0.240601054093 0.268617172802
0.017977001031 0.0181980691488 0.0197506133963 1.09429333665 0.422944603658 0.184762027091 0.240601054093 0.268617172802
0.017977001031 0.0181980691488 0.0197506133963 1.09429333665 0.422944603658 0.184762027091 0.240601054093 0.268617172802
0.017977001031 0.0181980691488 0.0197506133963 1.09429333665 0.422944603658 0.184762027091 0.240601054093 0.268617172802
0.017977001031 0.0181980691488 0.0197506133963 1.09429333665 0.422944603658 0.184762027091 0.240601054093 0.268617172802
0.017977001031 0.0181980691488 0.0197506133963 1.09429333665 0.422944603658 0.184762027091 0.240601054093 0.268617172802
0.017977001031 0.0181980691488 0.0197506133963 1.09429333665 0.422944603658 0.184762027091 0.240601054093 0.268617172802
0.017977001031 0.0181980691488 0.0197506133963 1.09429333665 0.422944603658 0.184762027091 0.240601054093 0.268617172802
0.017977001031 0.0181980691488 0.0197506133963 1.09429333665 0.422944603658 0.184762027091 0.240601054093 0.268617172802
0.017977001031 0.0181980691488 0.0197506133963 1.09429333665 0.422944603658 0.184762027091 0.240601054093 0.268617172802
0.017977001031 0.0181980691488 0.0197506133963 1.09429333665 0.422944603658 0.184762027091 0.240601054093 0.268617172802
0.017977001031 0.0181980691488 0.0197506133963 1.09429333665 0.422944603658 0.184762027091 0.240601054093 0.268617172802
0.016488500346 0.0193372943465 0.0197506133963 1.09429333665 0.422944603658 0.184762027091 0.240601054093 0.268617172802
0.017977001031 0.0181980691488 0.0197506133963 1.09429333665 0.422944603658 0.184762027091 0.240601054093 0.268617172802
0.017977001031 0.0181980691488 0.0197506133963 1.09429333665 0.422944603658 0.184762027091 0.240601054093 0.268617172802
0.017977001031 0.0181980691488 0.0197506133963 1.09429333665 0.422944603658 0.184762027091 0.240601054093 0.268617172802
0.017977001031 0.0181980691488 0.0197506133963 1.09429333665 0.422944603658 0.184762027091 0.240601054093 0.268617172802
0.017977001031 0.0181980691488 0.0197506133963 1.09429333665 0.422944603658 0.184762027091 0.240601054093 0.268617172802
0.0188010033427 0.0190322047386 0.0206559152549 1.14445187963 0.442330899237 0.193230989776 0.251635709407 0.281015979618
0.0172181281979 0.0174298639759 0.0189168669655 1.04809934535 0.405090608784 0.176962454668 0.230438582432 0.25719837273
0.017977001031 0.0181980691488 0.0197506133963 1.09429333665 0.422944603658 0.184762027091 0.240601054093 0.268617172802
0.017977001031 0.0181980691488 0.0197506133963 1.09429333665 0.422944603658 0.184762027091 0.240601054093 0.268617172802
0.017977001031 0.0181980691488 0.0197506133963 1.09429333665 0.422944603658 0.184762027091 0.240601054093 0.268617172802
0.017977001031 0.0181980691488 0.0197506133963 1.09429333665 0.422944603658 0.184762027091 0.240601054093 0.268617172802
0.017977001031 0.0181980691488 0.0197506133963 1.09429333665 0.422944603658 0.184762027091 0.240601054093 0.268617172802
0.017977001031 0.0181980691488 0.0197506133963 1.09429333665 0.422944603658 0.184762027091 0.240601054093 0.268617172802
0.017977001031 0.0181980691488 0.0197506133963 1.09429333665 0.422944603658 0.184762027091 0.240601054093 0.268617172802
0.017977001031 0.0181980691488 0.0197506133963 1.09429333665 0.422944603658 0.184762027091 0.240601054093 0.268617172802
0.017977001031 0.0181980691488 0.0197506133963 1.09429333665 0.422944603658 0.184762027091 0.240601054093 0.268617172802
0.017977001031 0.0181980691488 0.0197506133963 1.09429333665 0.422944603658 0.184762027091 0.240601054093 0.268617172802
0.017977001031 0.0181980691488 0.0197506133963 1.09429333665 0.422944603658 0.184762027091 0.240601054093 0.268617172802
0.017977001031 0.0181980691488 0.0197506133963 1.09429333665 0.422944603658 0.184762027091 0.240601054093 0.268617172802
0.017977001031 0.0181980691488 0.0197506133963 1.09429333665 0.422944603658 0.184762027091 0.240601054093 0.268617172802
0.017977001031 0.0181980691488 0.0197506133963 1.09429333665 0.422944603658 0.184762027091 0.240601054093 0.268617172802
0.017977001031 0.0181980691488 0.0197506133963 1.09429333665 0.422944603658 0.184762027091 0.240601054093 0.268617172802
0.017977001031 0.0181980691488 0.0197506133963 1.09429333665 0.422944603658 0.184762027091 0.240601054093 0.268617172802
0.017977001031 0.0181980691488 0.0197506133963 1.09429333665 0.422944603658 0.184762027091 0.240601054093 0.268617172802
0.017977001031 0.0181980691488 0.0197506133963 1.09429333665 0.422944603658 0.184762027091 0.240601054093 0.268617172802
0.017977001031 0.0181980691488 0.0197506133963 1.09429333665 0.422944603658 0.184762027091 0.240601054093 0.268617172802
0.017977001031 0.0181980691488 0.0197506133963 1.09429333665 0.422944603658 0.184762027091 0.240601054093 0.268617172802
0.017977001031 0.0181980691488 0.0197506133963 1.09429333665 0.422944603658 0.184762027091 0.240601054093 0.268617172802
0.017977001031 0.0181980691488 0.0197506133963 1.09429333665 0.422944603658 0.184762027091 0.240601054093 0.268617172802
0.017977001031 0.0181980691488 0.0197506133963 1.09429333665 0.422944603658 0.184762027091 0.240601054093 0.268617172802
0.017977001031 0.0181980691488 0.0197506133963 1.09429333665 0.422944603658 0.184762027091 0.240601054093 0.268617172802
0.017977001031 0.0181980691488 0.0197506133963 1.09429333665 0.422944603658 0.184762027091 0.240601054093 0.268617172802
0.017977001031 0.0181980691488 0.0197506133963 1.09429333665 0.422944603658 0.184762027091 0.240601054093 0.268617172802
0.017977001031 0.0181980691488 0.0197506133963 1.09429333665 0.422944603658 0.184762027091 0.240601054093 0.268617172802
0.017977001031 0.0181980691488 0.0197506133963 1.09429333665 0.422944603658 0.184762027091 0.240601054093 0.268617172802
0.017977001031 0.0181980691488 0.0197506133963 1.09429333665 0.422944603658 0.184762027091 0.240601054093 0.268617172802
0.017977001031 0.0181980691488 0.0197506133963 1.09429333665 0.422944603658 0.184762027091 0.240601054093 0.268617172802
0.017977001031 0.0181980691488 0.0197506133963 1.09429333665 0.422944603658 0.184762027091 0.240601054093 0.268617172802
0.017977001031 0.0181980691488 0.0197506133963 1.09429333665 0.422944603658 0.184762027091 0.240601054093 0.268617172802
0.017977001031 0.0181980691488 0.0197506133963 1.09429333665 0.422944603658 0.184762027091 0.240601054093 0.268617172802
0.017977001031 0.0181980691488 0.0197506133963 1.09429333665 0.422944603658 0.184762027091 0.240601054093 0.268617172802
0.017977001031 0.0181980691488 0.0197506133963 1.09429333665 0.422944603658 0.184762027091 0.240601054093 0.268617172802
0.017977001031 0.0181980691488 0.0197506133963 1.09429333665 0.422944603658 0.184762027091 0.240601054093 0.268617172802
0.017977001031 0.0181980691488 0.0197506133963 1.09429333665 0.422944603658 0.184762027091 0.240601054093 0.268617172802
0.017977001031 0.0181980691488 0.0197506133963 1.09429333665 0.422944603658 0.184762027091 0.240601054093 0.268617172802
0.017977001031 0.0181980691488 0.0197506133963 1.09429333665 0.422944603658 0.184762027091 0.240601054093 0.268617172802
0.017977001031 0.0181980691488 0.0197506133963 1.09429333665 0.422944603658 0.184762027091 0.240601054093 0.268617172802
0.017977001031 0.0181980691488 0.0197506133963 1.09429333665 0.422944603658 0.184762027091 0.240601054093 0.268617172802
0.017977001031 0.0181980691488 0.0197506133963 1.09429333665 0.422944603658 0.184762027091 0.240601054093 0.268617172802
0.0177887594964 0.0183516071722 0.0197506133963 1.09429333665 0.422944603658 0.184762027091 0.240601054093 0.268617172802
0.017977001031 0.0181980691488 0.0197506133963 1.09429333665 0.422944603658 0.184762027091 0.240601054093 0.268617172802
0.017977001031 0.0181980691488 0.0197506133963 1.09429333665 0.422944603658 0.184762027091 0.240601054093 0.268617172802
0.017977001031 0.0181980691488 0.0197506133963 1.09429333665 0.422944603658 0.184762027091 0.240601054093 0.268617172802
0.017977001031 0.0181980691488 0.0197506133963 1.09429333665 0.422944603658 0.184762027091 0.240601054093 0.268617172802
0.017977001031 0.0181980691488 0.0197506133963 1.09429333665 0.422944603658 0.184762027091 0.240601054093 0.268617172802
0.018701476868 0.0189314543238 0.020546569078 1.13839351925 0.439989340689 0.192208072742 0.250302897196 0.279518399435
0.017977001031 0.0181980691488 0.0197506133963 1.09429333665 0.422944603658 0.184762027091 0.240601054093 0.268617172802
0.017977001031 0.0181980691488 0.0197506133963 1.09429333665 0.422944603658 0.184762027091 0.240601054093 0.268617172802
0.018119090705 0.0183419061895 0.0199067222374 1.1029425976 0.426287546245 0.186222401813 0.242503852852 0.270755203719
0.017977001031 0.0181980691488 0.0197506133963 1.09429333665 0.422944603658 0.184762027091 0.240601054093 0.268617172802
0.017977001031 0.0181980691488 0.0197506133963 1.09429333665 0.422944603658 0.184762027091 0.240601054093 0.268617172802
0.017977001031 0.0181980691488 0.0197506133963 1.09429333665 0.422944603658 0.184762027091 0.240601054093 0.268617172802
0.017977001031 0.0181980691488 0.0197506133963 1.09429333665 0.422944603658 0.184762027091 0.240601054093 0.268617172802
0.017977001031 0.0181980691488 0.0197506133963 1.09429333665 0.422944603658 0.184762027091 0.240601054093 0.268617172802
0.017977001031 0.0181980691488 0.0197506133963 1.09429333665 0.422944603658 0.184762027091 0.240601054093 0.268617172802
0.017977001031 0.0181980691488 0.0197506133963 1.09429333665 0.422944603658 0.184762027091 0.240601054093 0.268617172802
0.017977001031 0.0181980691488 0.0197506133963 1.09429333665 0.422944603658 0.184762027091 0.240601054093 0.268617172802
0.017977001031 0.0181980691488 0.0197506133963 1.09429333665 0.422944603658 0.184762027091 0.240601054093 0.268617172802
0.017977001031 0.0181980691488 0.0197506133963 1.09429333665 0.422944603658 0.184762027091 0.240601054093 0.268617172802
0.017977001031 0.0181980691488 0.0197506133963 1.09429333665 0.422944603658 0.184762027091 0.240601054093 0.268617172802
0.017977001031 0.0181980691488 0.0197506133963 1.09429333665 0.422944603658 0.184762027091 0.240601054093 0.268617172802
0.017977001031 0.0181980691488 0.0197506133963 1.09429333665 0.422944603658 0.184762027091 0.240601054093 0.268617172802
0.017977001031 0.0181980691488 0.0197506133963 1.09429333665 0.422944603658 0.184762027091 0.240601054093 0.268617172802
0.017977001031 0.0181980691488 0.0197506133963 1.09429333665 0.422944603658 0.184762027091 0.240601054093 0.268617172802
0.0214495888404 0.0217133615693 0.0155111202503 1.09429333665 0.422944603658 0.184762027091 0.240601054093 0.268617172802
0.017977001031 0.0181980691488 0.0197506133963 1.09429333665 0.422944603658 0.184762027091 0.240601054093 0.268617172802
0.017977001031 0.0181980691488 0.0197506133963 1.09429333665 0.422944603658 0.184762027091 0.240601054093 0.268617172802
0.017977001031 0.0181980691488 0.0197506133963 1.09429333665 0.422944603658 0.184762027091 0.240601054093 0.268617172802
0.017977001031 0.0181980691488 0.0197506133963 1.09429333665 0.422944603658 0.184762027091 0.240601054093 0.268617172802
0.017977001031 0.0181980691488 0.0197506133963 1.09429333665 0.422944603658 0.184762027091 0.240601054093 0.268617172802
0.017977001031 0.0181980691488 0.0197506133963 1.09429333665 0.422944603658 0.184762027091 0.240601054093 0.268617172802
0.0179800472168 0.0182011527954 0.0197539601316 1.0944787636 0.423016271245 0.184793335296 0.240641847194 0.268663008922
0.017977001031 0.0181980691488 0.0197506133963 1.09429333665 0.422944603658 0.184762027091 0.240601054093 0.268617172802
0.017977001031 0.0181980691488 0.0197506133963 1.09429333665 0.422944603658 0.184762027091 0.240601054093 0.268617172802
0.017977001031 0.0181980691488 0.0197506133963 1.09429333665 0.422944603658 0.184762027091 0.240601054093 0.268617172802
0.017977001031 0.0181980691488 0.0197506133963 1.09429333665 0.422944603658 0.184762027091 0.240601054093 0.268617172802
0.017977001031 0.0181980691488 0.0197506133963 1.09429333665 0.422944603658 0.184762027091 0.240601054093 0.268617172802
0.0178728996753 0.0180926875928 0.0196362409613 1.08795649481 0.420495411922 0.183692090169 0.239206977205 0.26705075414
0.017977001031 0.0181980691488 0.0197506133963 1.09429333665 0.422944603658 0.184762027091 0.240601054093 0.268617172802
0.017977001031 0.0181980691488 0.0197506133963 1.09429333665 0.422944603658 0.184762027091 0.240601054093 0.268617172802
0.017977001031 0.0181980691488 0.0197506133963 1.09429333665 0.422944603658 0.184762027091 0.240601054093 0.268617172802
0.017977001031 0.0181980691488 0.0197506133963 1.09429333665 0.422944603658 0.184762027091 0.240601054093 0.268617172802
0.017977001031 0.0181980691488 0.0197506133963 1.09429333665 0.422944603658 0.184762027091 0.240601054093 0.268617172802
0.017977001031 0.0181980691488 0.0197506133963 1.09429333665 0.422944603658 0.184762027091 0.240601054093 0.268617172802
0.017977001031 0.0181980691488 0.0197506133963 1.09429333665 0.422944603658 0.184762027091 0.240601054093 0.268617172802
0.017977001031 0.0181980691488 0.0197506133963 1.09429333665 0.422944603658 0.184762027091 0.240601054093 0.268617172802
0.017977001031 0.0181980691488 0.0197506133963 1.09429333665 0.422944603658 0.184762027091 0.240601054093 0.268617172802
0.017977001031 0.0181980691488 0.0197506133963 1.09429333665 0.422944603658 0.184762027091 0.240601054093 0.268617172802
0.017977001031 0.0181980691488 0.0197506133963 1.09429333665 0.422944603658 0.184762027091 0.240601054093 0.268617172802
0.017977001031 0.0181980691488 0.0197506133963 1.09429333665 0.422944603658 0.184762027091 0.240601054093 0.268617172802
0.017977001031 0.0181980691488 0.0197506133963 1.09429333665 0.422944603658 0.184762027091 0.240601054093 0.268617172802
0.017977001031 0.0181980691488 0.0197506133963 1.09429333665 0.422944603658 0.184762027091 0.240601054093 0.268617172802
