0.0330525326538 0.161783413622 0.11913381166 0.0263932164926 0.0426171981148 0.315333523992 0.181350043131 0.698557130581
0.0132793397617 0.0317323756564 0.00903685586885 0.177766378585 0.0540147081599 0.068503907743 0.0217670738362 0.805202214535
0.00324124039036 0.0130658622394 0.000760488686142 0.0153406018303 0.025931459525 0.842885729416 0.343489724902 0.0314790021529
0.187060330173 0.236650639072 0.154031524982 0.412986035955 0.384842167439 0.344881983289 0.094174312127 0.447414844061
0.187796083214 0.127638681556 0.615879815765 0.486076242827 0.468415328777 0.207490606305 0.200853046452 0.456251506493
0.0361266261094 0.10053260536 0.0178259094677 0.0159279461929 0.0292572396835 0.140643775548 0.381188981425 0.698723226781
0.0011984000145 0.00357100171752 0.0160133275554 0.0171634741169 0.0537459956344 0.0354713429719 0.718953898957 0.1734036142
0.000728319847804 0.000109947929685 0.000248170557245 0.00076933704407 0.000544653693424 0.0574876138158 0.767459186787 0.389902771075
0.0209562476671 0.174581311266 0.0899449909326 0.080858762417 0.0681294536965 0.653311548333 0.0733313746049 0.0521116416975
0.776203386944 0.325334255968 0.333696224362 0.30574528959 0.0987532782168 0.50277587392 0.550707398929 0.0778858084289
0.266584509835 0.51412780616 0.200316114564 0.0590039010234 0.462801921667 0.0512396271352 0.781857323796 0.146272632454
0.0472772211136 0.125646956634 0.216384692991 0.0415266890279 0.0319823856284 0.298036968485 0.675536812336 0.354523556023
0.028610412636 0.0203510825455 0.110429991604 0.0477093947854 0.077345426275 0.187279989056 0.553684151488 0.493159246147
0.0169739342904 0.00861686630545 0.0626667813744 0.00539998839724 0.25979242661 0.40725197189 0.136647417336 0.528862772807
0.126253103737 0.595513097265 0.102884103774 0.582388088957 0.839422852819 0.318737177024 0.15219101035 0.181983124929
0.0411504813055 0.0466763574775 0.1087079711 0.0340267521026 0.0529818017984 0.0431990158742 0.558990073026 0.565746271456
0.0184626573788 0.142990125972 0.101336650918 0.16488257523 0.14075184181 0.460287659787 0.454573663994 0.234091824915
0.00346434056568 0.00250986277924 0.0220075497465 0.20880490238 0.00433097018058 0.0844484972443 0.691872574647 0.0462127189034
0.00378380705104 0.00339563049768 0.0421621596285 0.288333060522 0.203516655825 0.430496850916 0.584025950428 0.137689819244
0.0103755629573 0.0114668624903 0.0204091535985 0.0935893161203 0.0881603560133 0.00427842946537 0.0933147041237 0.75579136047
0.00667300847325 0.0506969276743 0.0410140250307 0.0397129469986 0.49793532203 0.446949419408 0.40213549325 0.21878076091
0.0608983419318 0.134510764881 0.0339213828431 2.49947083669e-05 0.227286473478 0.104675438571 0.229419058275 0.662099028506
0.0879945334051 0.105828483751 0.0646414577705 0.748318960967 0.0121712611015 0.276291648072 0.00737232537133 0.722781293137
0.0326189359206 0.0338901324275 0.111577273056 0.0618001599265 0.0688992255596 0.228636245244 0.210534332527 0.832805126965
0.000786108291663 0.00374364876598 0.00339223397081 0.0408460360106 0.0543126013213 0.0210975042184 0.0545311234025 0.68813160882
0.00307427763001 0.032732737919 0.0777278910399 0.129749089981 0.28861876376 0.00143376912033 0.497907221671 0.366025457283
0.0230759932922 0.00562269334803 0.0102818950824 0.089524835338 0.224818934903 0.926433146153 0.339325559841 0.0911903650534
0.00161490467328 0.00239555898908 0.0516118610508 0.225010798627 0.010534503813 0.261857467854 0.386602219782 0.758576525485
0.00816657746585 0.643176775373 0.576950166886 0.226063258739 0.393648870008 0.00639035844914 0.0932293754579 0.68731622616
0.0217645672991 0.0100928526104 0.140310851488 0.0672796328542 0.0532299389584 0.03268786705 0.0969006851347 0.738821280643
0.0319828612251 0.0632822709477 0.0515115023722 0.103509920456 0.0703637402176 0.125273364788 0.464787083402 0.616785348477
0.154560821326 0.0935817338897 0.0393813394675 0.0279712470047 0.287807958246 0.00903544027643 0.112041383586 0.656502455762
0.00566943725426 0.0265459027705 0.0693850704188 0.00729126644269 0.0958942636492 0.00470069304692 0.749190372622 0.554603548013
0.0180521662164 0.0357203458586 0.0666537308195 0.0337059320565 0.0607647833994 0.426472501461 0.714734989609 0.0995121008698
0.00860301460477 0.0163858262473 0.0043885221211 0.0120409707607 0.570541438577 0.114093011145 0.643193878925 0.372931205022
0.000154084180444 0.00665626210046 0.00426954538533 0.0166541843313 0.0213029739976 0.00366670264404 0.0122636688991 0.699408317976
0.0467475347599 0.0686105444759 0.0462774238021 0.00662772846791 0.074666897837 0.205879641795 0.172809842998 0.611323214421
0.0201971175167 0.0144203088518 0.487934601728 0.0828437248086 0.239642729149 0.515078559214 0.0374478571144 0.578773437015
0.0119916992832 0.072367062468 0.0258655559992 0.0261036953484 0.12986468007 0.0680896613674 0.802795569777 0.27248734239
9.4552830873e-06 7.79220533157e-05 0.000482840891641 0.000263057510429 0.000430932068033 0.0461865577951 0.00104672532304 0.901009790591
0.0424316920398 0.0315666106486 0.0460410454908 0.420181285696 0.0030690419025 0.124345909215 0.0214716366688 0.865459549688
0.0256298542814 0.291616723976 0.0770606342592 0.0198253792803 0.601436634871 0.0498243807576 0.042798320182 0.633959772803
0.00147754999165 0.000906114757171 0.000399380108414 0.000120925191786 0.000486265067732 0.00196016215142 0.000760284803205 0.668142462204
0.0143806870176 0.29940603696 0.223902290927 0.525198908595 0.194240251284 0.383843650548 0.251337670261 0.178780903955
0.00089665676186 0.000161529174101 0.00110020991503 0.000309682962449 0.00412319654396 0.0246378391843 0.507305112973 0.565109288109
0.653694100363 0.532979588829 0.097725575118 0.375789154199 0.160725274541 0.0855997763175 0.00148118931287 0.491263196826
0.0734727918227 0.0987229879002 0.10619708037 0.241046685086 0.0996100510229 0.140946494178 0.379315166688 0.46632649863
0.201460495979 0.614359805532 0.282056412901 0.764826561913 0.332175444556 0.328244140238 0.20596240049 0.0189079785142
0.0106930349818 0.0125598512528 0.0215599415315 0.00363812293738 0.00818034172142 0.64845103815 0.00271763443157 0.302373417968
8.47942568442e-05 0.000866220391958 0.000814075154174 0.0013651192209 0.000353531602158 0.022493009296 0.0374392731649 0.881070694648
0.000894677268665 0.00437914689131 0.00322436976766 0.000696530625625 0.124533543668 0.315333523992 0.181350043131 0.698557130581
0.0330525326538 0.161783413622 0.11913381166 0.0263932164926 0.0426171981148 0.315333523992 0.181350043131 0.698557130581
0.0330525326538 0.161783413622 0.11913381166 0.0263932164926 0.0426171981148 0.315333523992 0.181350043131 0.698557130581
0.0330525326538 0.161783413622 0.11913381166 0.0263932164926 0.0426171981148 0.315333523992 0.181350043131 0.698557130581
0.0330525326538 0.161783413622 0.11913381166 0.0263932164926 0.0426171981148 0.315333523992 0.181350043131 0.698557130581
0.0330525326538 0.161783413622 0.11913381166 0.0263932164926 0.0426171981148 0.315333523992 0.181350043131 0.698557130581
0.0330525326538 0.161783413622 0.11913381166 0.0263932164926 0.0426171981148 0.315333523992 0.181350043131 0.698557130581
0.0330525326538 0.161783413622 0.11913381166 0.0263932164926 0.0426171981148 0.315333523992 0.181350043131 0.698557130581
0.0330525326538 0.161783413622 0.11913381166 0.0263932164926 0.0426171981148 0.315333523992 0.181350043131 0.698557130581
0.0330525326538 0.161783413622 0.11913381166 0.0263932164926 0.0426171981148 0.315333523992 0.181350043131 0.698557130581
0.0330525326538 0.161783413622 0.11913381166 0.0263932164926 0.0426171981148 0.315333523992 0.181350043131 0.698557130581
0.0346866537034 0.169785496862 0.125026597136 0.0276984787242 0.0447248301841 0.330935980212 0.190333246177 0.733228462538
0.0330525326538 0.161783413622 0.11913381166 0.0263932164926 0.0426171981148 0.315333523992 0.181350043131 0.698557130581
0.0330525326538 0.161783413622 0.11913381166 0.0263932164926 0.0426171981148 0.315333523992 0.181350043131 0.698557130581
0.0330525326538 0.161783413622 0.11913381166 0.0263932164926 0.0426171981148 0.315333523992 0.181350043131 0.698557130581
0.0342695688693 0.16774308541 0.123522552228 0.0273653301587 0.0441868887794 0.326953687803 0.188040418638 0.724379126243
0.0333316344961 0.163150139904 0.120140277669 0.0266161504619 0.0429771738908 0.317998365918 0.18288434105 0.704478866089
0.0330525326538 0.161783413622 0.11913381166 0.0263932164926 0.0426171981148 0.315333523992 0.181350043131 0.698557130581
0.0330525326538 0.161783413622 0.11913381166 0.0263932164926 0.0426171981148 0.315333523992 0.181350043131 0.698557130581
0.0330525326538 0.161783413622 0.11913381166 0.0263932164926 0.0426171981148 0.315333523992 0.181350043131 0.698557130581
0.0330525326538 0.161783413622 0.11913381166 0.0263932164926 0.0426171981148 0.315333523992 0.181350043131 0.698557130581
0.0330525326538 0.161783413622 0.11913381166 0.0263932164926 0.0426171981148 0.315333523992 0.181350043131 0.698557130581
0.0330525326538 0.161783413622 0.11913381166 0.0263932164926 0.0426171981148 0.315333523992 0.181350043131 0.698557130581
0.0317687007017 0.155496651533 0.114504199695 0.0253677494124 0.0409613566532 0.303075599813 0.174292473463 0.671317922085
0.0330525326538 0.161783413622 0.11913381166 0.0263932164926 0.0426171981148 0.315333523992 0.181350043131 0.698557130581
0.0330525326538 0.161783413622 0.11913381166 0.0263932164926 0.0426171981148 0.315333523992 0.181350043131 0.698557130581
0.0330525326538 0.161783413622 0.11913381166 0.0263932164926 0.0426171981148 0.315333523992 0.181350043131 0.698557130581
0.0330525326538 0.161783413622 0.11913381166 0.0263932164926 0.0426171981148 0.315333523992 0.181350043131 0.698557130581
0.0330525326538 0.161783413622 0.11913381166 0.0263932164926 0.0426171981148 0.315333523992 0.181350043131 0.698557130581
0.0330525326538 0.161783413622 0.11913381166 0.0263932164926 0.0426171981148 0.315333523992 0.181350043131 0.698557130581
0.0330525326538 0.161783413622 0.11913381166 0.0263932164926 0.0426171981148 0.315333523992 0.181350043131 0.698557130581
0.0330525326538 0.161783413622 0.11913381166 0.0263932164926 0.0426171981148 0.315333523992 0.181350043131 0.698557130581
0.0330525326538 0.161783413622 0.11913381166 0.0263932164926 0.0426171981148 0.315333523992 0.181350043131 0.698557130581
0.0330525326538 0.161783413622 0.11913381166 0.0263932164926 0.0426171981148 0.315333523992 0.181350043131 0.698557130581
0.0330525326538 0.161783413622 0.11913381166 0.0263932164926 0.0426171981148 0.315333523992 0.181350043131 0.698557130581
0.0330525326538 0.161783413622 0.11913381166 0.0263932164926 0.0426171981148 0.315333523992 0.181350043131 0.698557130581
0.0330525326538 0.161783413622 0.11913381166 0.0263932164926 0.0426171981148 0.315333523992 0.181350043131 0.698557130581
0.0330525326538 0.161783413622 0.11913381166 0.0263932164926 0.0426171981148 0.315333523992 0.181350043131 0.698557130581
0.0330525326538 0.161783413622 0.11913381166 0.0263932164926 0.0426171981148 0.315333523992 0.181350043131 0.698557130581
0.0330525326538 0.161783413622 0.11913381166 0.0263932164926 0.0426171981148 0.315333523992 0.181350043131 0.698557130581
0.0321823826128 0.157522399343 0.115995973388 0.0256981798705 0.0414949090848 0.307025401421 0.176566594237 0.68009505824
0.0330525326538 0.161783413622 0.11913381166 0.0263932164926 0.0426171981148 0.315333523992 0.181350043131 0.698557130581
0.0330525326538 0.161783413622 0.11913381166 0.0263932164926 0.0426171981148 0.315333523992 0.181350043131 0.698557130581
0.0342238299396 0.167519107681 0.123357613591 0.0273287959633 0.0441278963105 0.326516976185 0.187788979436 0.723408678176
0.0330525326538 0.161783413622 0.11913381166 0.0263932164926 0.0426171981148 0.315333523992 0.181350043131 0.698557130581
0.0330525326538 0.161783413622 0.11913381166 0.0263932164926 0.0426171981148 0.315333523992 0.181350043131 0.698557130581
0.0330525326538 0.161783413622 0.11913381166 0.0263932164926 0.0426171981148 0.315333523992 0.181350043131 0.698557130581
0.0330525326538 0.161783413622 0.11913381166 0.0263932164926 0.0426171981148 0.315333523992 0.181350043131 0.698557130581
0.0330525326538 0.161783413622 0.11913381166 0.0263932164926 0.0426171981148 0.315333523992 0.181350043131 0.698557130581
0.0327856125714 0.160476339869 0.118171274157 0.0261800127644 0.0422729339462 0.312784992528 0.179882711624 0.692893856855
0.0330525326538 0.161783413622 0.11913381166 0.0263932164926 0.0426171981148 0.315333523992 0.181350043131 0.698557130581
0.0330525326538 0.161783413622 0.11913381166 0.0263932164926 0.0426171981148 0.315333523992 0.181350043131 0.698557130581
0.0330525326538 0.161783413622 0.11913381166 0.0263932164926 0.0426171981148 0.315333523992 0.181350043131 0.698557130581
0.0330525326538 0.161783413622 0.11913381166 0.0263932164926 0.0426171981148 0.315333523992 0.181350043131 0.698557130581
0.0330525326538 0.161783413622 0.11913381166 0.0263932164926 0.0426171981148 0.315333523992 0.181350043131 0.698557130581
0.0330525326538 0.161783413622 0.11913381166 0.0263932164926 0.0426171981148 0.315333523992 0.181350043131 0.698557130581
0.0330525326538 0.161783413622 0.11913381166 0.0263932164926 0.0426171981148 0.315333523992 0.181350043131 0.698557130581
0.0330525326538 0.161783413622 0.11913381166 0.0263932164926 0.0426171981148 0.315333523992 0.181350043131 0.698557130581
0.0330525326538 0.161783413622 0.11913381166 0.0263932164926 0.0426171981148 0.315333523992 0.181350043131 0.698557130581
0.0330525326538 0.161783413622 0.11913381166 0.0263932164926 0.0426171981148 0.315333523992 0.181350043131 0.698557130581
0.0330525326538 0.161783413622 0.11913381166 0.0263932164926 0.0426171981148 0.315333523992 0.181350043131 0.698557130581
0.0330525326538 0.161783413622 0.11913381166 0.0263932164926 0.0426171981148 0.315333523992 0.181350043131 0.698557130581
0.0330525326538 0.161783413622 0.11913381166 0.0263932164926 0.0426171981148 0.315333523992 0.181350043131 0.698557130581
0.0330525326538 0.161783413622 0.11913381166 0.0263932164926 0.0426171981148 0.315333523992 0.181350043131 0.698557130581
0.0330525326538 0.161783413622 0.11913381166 0.0263932164926 0.0426171981148 0.315333523992 0.181350043131 0.698557130581
0.0330525326538 0.161783413622 0.11913381166 0.0263932164926 0.0426171981148 0.315333523992 0.181350043131 0.698557130581
0.0330525326538 0.161783413622 0.11913381166 0.0263932164926 0.0426171981148 0.315333523992 0.181350043131 0.698557130581
0.0330525326538 0.161783413622 0.11913381166 0.0263932164926 0.0426171981148 0.315333523992 0.181350043131 0.698557130581
0.0330525326538 0.161783413622 0.11913381166 0.0263932164926 0.0426171981148 0.315333523992 0.181350043131 0.698557130581
0.0330525326538 0.161783413622 0.11913381166 0.0263932164926 0.0426171981148 0.315333523992 0.181350043131 0.698557130581
0.0330525326538 0.161783413622 0.11913381166 0.0263932164926 0.0426171981148 0.315333523992 0.181350043131 0.698557130581
0.0330525326538 0.161783413622 0.11913381166 0.0263932164926 0.0426171981148 0.315333523992 0.181350043131 0.698557130581
0.0330525326538 0.161783413622 0.11913381166 0.0263932164926 0.0426171981148 0.315333523992 0.181350043131 0.698557130581
0.0472573146388 0.231312095359 0.17033338117 0.0377439678442 0.0609375134776 0.450854850527 0.259392661726 0.600932359527
0.0330525326538 0.161783413622 0.11913381166 0.0263932164926 0.0426171981148 0.315333523992 0.181350043131 0.698557130581
0.0330525326538 0.161783413622 0.11913381166 0.0263932164926 0.0426171981148 0.315333523992 0.181350043131 0.698557130581
0.0330525326538 0.161783413622 0.11913381166 0.0263932164926 0.0426171981148 0.315333523992 0.181350043131 0.698557130581
0.0330525326538 0.161783413622 0.11913381166 0.0263932164926 0.0426171981148 0.315333523992 0.181350043131 0.698557130581
0.0330525326538 0.161783413622 0.11913381166 0.0263932164926 0.0426171981148 0.315333523992 0.181350043131 0.698557130581
0.0330525326538 0.161783413622 0.11913381166 0.0263932164926 0.0426171981148 0.315333523992 0.181350043131 0.698557130581
0.0330525326538 0.161783413622 0.11913381166 0.0263932164926 0.0426171981148 0.315333523992 0.181350043131 0.698557130581
0.0330525326538 0.161783413622 0.11913381166 0.0263932164926 0.0426171981148 0.315333523992 0.181350043131 0.698557130581
0.0330525326538 0.161783413622 0.11913381166 0.0263932164926 0.0426171981148 0.315333523992 0.181350043131 0.698557130581
0.0330525326538 0.161783413622 0.11913381166 0.0263932164926 0.0426171981148 0.315333523992 0.181350043131 0.698557130581
0.0330525326538 0.161783413622 0.11913381166 0.0263932164926 0.0426171981148 0.315333523992 0.181350043131 0.698557130581
0.0330525326538 0.161783413622 0.11913381166 0.0263932164926 0.0426171981148 0.315333523992 0.181350043131 0.698557130581
0.0330525326538 0.161783413622 0.11913381166 0.0263932164926 0.0426171981148 0.315333523992 0.181350043131 0.698557130581
0.0330525326538 0.161783413622 0.11913381166 0.0263932164926 0.0426171981148 0.315333523992 0.181350043131 0.698557130581
0.0330525326538 0.161783413622 0.11913381166 0.0263932164926 0.0426171981148 0.315333523992 0.181350043131 0.698557130581
0.0330525326538 0.161783413622 0.11913381166 0.0263932164926 0.0426171981148 0.315333523992 0.181350043131 0.698557130581
0.0330525326538 0.161783413622 0.11913381166 0.0263932164926 0.0426171981148 0.315333523992 0.181350043131 0.698557130581
0.0330525326538 0.161783413622 0.11913381166 0.0263932164926 0.0426171981148 0.315333523992 0.181350043131 0.698557130581
0.0330525326538 0.161783413622 0.11913381166 0.0263932164926 0.0426171981148 0.315333523992 0.181350043131 0.698557130581
0.0330525326538 0.161783413622 0.11913381166 0.0263932164926 0.0426171981148 0.315333523992 0.181350043131 0.698557130581
0.0330525326538 0.161783413622 0.11913381166 0.0263932164926 0.0426171981148 0.315333523992 0.181350043131 0.698557130581
0.0330525326538 0.161783413622 0.11913381166 0.0263932164926 0.0426171981148 0.315333523992 0.181350043131 0.698557130581
0.0330525326538 0.161783413622 0.11913381166 0.0263932164926 0.0426171981148 0.315333523992 0.181350043131 0.698557130581
0.0330525326538 0.161783413622 0.11913381166 0.0263932164926 0.0426171981148 0.315333523992 0.181350043131 0.698557130581
0.0330525326538 0.161783413622 0.11913381166 0.0263932164926 0.0426171981148 0.315333523992 0.181350043131 0.698557130581
0.0330525326538 0.161783413622 0.11913381166 0.0263932164926 0.0426171981148 0.315333523992 0.181350043131 0.698557130581
0.0330525326538 0.161783413622 0.11913381166 0.0263932164926 0.0426171981148 0.315333523992 0.181350043131 0.698557130581
0.0330525326538 0.161783413622 0.11913381166 0.0263932164926 0.0426171981148 0.315333523992 0.181350043131 0.698557130581
0.0330525326538 0.161783413622 0.11913381166 0.0263932164926 0.0426171981148 0.315333523992 0.181350043131 0.698557130581
0.0330525326538 0.161783413622 0.11913381166 0.0263932164926 0.0426171981148 0.315333523992 0.181350043131 0.698557130581
0.0330525326538 0.161783413622 0.11913381166 0.0263932164926 0.0426171981148 0.315333523992 0.181350043131 0.698557130581
0.0330525326538 0.161783413622 0.11913381166 0.0263932164926 0.0426171981148 0.315333523992 0.181350043131 0.698557130581
0.0330525326538 0.161783413622 0.11913381166 0.0263932164926 0.0426171981148 0.315333523992 0.181350043131 0.698557130581
0.0330525326538 0.161783413622 0.11913381166 0.0263932164926 0.0426171981148 0.315333523992 0.181350043131 0.698557130581
0.0330525326538 0.161783413622 0.11913381166 0.0263932164926 0.0426171981148 0.315333523992 0.181350043131 0.698557130581
0.0330525326538 0.161783413622 0.11913381166 0.0263932164926 0.0426171981148 0.315333523992 0.181350043131 0.698557130581
0.0330525326538 0.161783413622 0.11913381166 0.0263932164926 0.0426171981148 0.315333523992 0.181350043131 0.698557130581
0.0330525326538 0.161783413622 0.11913381166 0.0263932164926 0.0426171981148 0.315333523992 0.181350043131 0.698557130581
0.0330525326538 0.161783413622 0.11913381166 0.0263932164926 0.0426171981148 0.315333523992 0.181350043131 0.698557130581
0.0330525326538 0.161783413622 0.11913381166 0.0263932164926 0.0426171981148 0.315333523992 0.181350043131 0.698557130581
0.0330525326538 0.161783413622 0.11913381166 0.0263932164926 0.0426171981148 0.315333523992 0.181350043131 0.698557130581
0.0330525326538 0.161783413622 0.11913381166 0.0263932164926 0.0426171981148 0.315333523992 0.181350043131 0.698557130581
0.0330525326538 0.161783413622 0.11913381166 0.0263932164926 0.0426171981148 0.315333523992 0.181350043131 0.698557130581
0.0330525326538 0.161783413622 0.11913381166 0.0263932164926 0.0426171981148 0.315333523992 0.181350043131 0.698557130581
0.0330525326538 0.161783413622 0.11913381166 0.0263932164926 0.0426171981148 0.315333523992 0.181350043131 0.698557130581
0.0330525326538 0.161783413622 0.11913381166 0.0263932164926 0.0426171981148 0.315333523992 0.181350043131 0.698557130581
0.0330525326538 0.161783413622 0.11913381166 0.0263932164926 0.0426171981148 0.315333523992 0.181350043131 0.698557130581
0.0330525326538 0.161783413622 0.11913381166 0.0263932164926 0.0426171981148 0.315333523992 0.181350043131 0.698557130581
0.0330525326538 0.161783413622 0.11913381166 0.0263932164926 0.0426171981148 0.315333523992 0.181350043131 0.698557130581
0.0330525326538 0.161783413622 0.11913381166 0.0263932164926 0.0426171981148 0.315333523992 0.181350043131 0.698557130581
0.0330525326538 0.161783413622 0.11913381166 0.0263932164926 0.0426171981148 0.315333523992 0.181350043131 0.698557130581
0.0330525326538 0.161783413622 0.11913381166 0.0263932164926 0.0426171981148 0.315333523992 0.181350043131 0.698557130581
0.0330525326538 0.161783413622 0.11913381166 0.0263932164926 0.0426171981148 0.315333523992 0.181350043131 0.698557130581
0.0330525326538 0.161783413622 0.11913381166 0.0263932164926 0.0426171981148 0.315333523992 0.181350043131 0.698557130581
0.0330525326538 0.161783413622 0.11913381166 0.0263932164926 0.0426171981148 0.315333523992 0.181350043131 0.698557130581
0.0330525326538 0.161783413622 0.11913381166 0.0263932164926 0.0426171981148 0.315333523992 0.181350043131 0.698557130581
0.0330525326538 0.161783413622 0.11913381166 0.0263932164926 0.0426171981148 0.315333523992 0.181350043131 0.698557130581
0.0330525326538 0.161783413622 0.11913381166 0.0263932164926 0.0426171981148 0.315333523992 0.181350043131 0.698557130581
0.0330525326538 0.161783413622 0.11913381166 0.0263932164926 0.0426171981148 0.315333523992 0.181350043131 0.698557130581
0.0330525326538 0.161783413622 0.11913381166 0.0263932164926 0.0426171981148 0.315333523992 0.181350043131 0.698557130581
0.0330525326538 0.161783413622 0.11913381166 0.0263932164926 0.0426171981148 0.315333523992 0.181350043131 0.698557130581
0.0330525326538 0.161783413622 0.11913381166 0.0263932164926 0.0426171981148 0.315333523992 0.181350043131 0.698557130581
0.0330525326538 0.161783413622 0.11913381166 0.0263932164926 0.0426171981148 0.315333523992 0.181350043131 0.698557130581
0.0330525326538 0.161783413622 0.11913381166 0.0263932164926 0.0426171981148 0.315333523992 0.181350043131 0.698557130581
0.033620546601 0.164564905792 0.121182120353 0.0268469204271 0.0433498025998 0.320756875439 0.18447256862 0.710608747047
0.0330525326538 0.161783413622 0.11913381166 0.0263932164926 0.0426171981148 0.315333523992 0.181350043131 0.698557130581
0.0265361971378 0.129887660582 0.0956463992132 0.0211861457862 0.0342128930162 0.253164147919 0.255020805232 0.698557130581
0.0330525326538 0.161783413622 0.11913381166 0.0263932164926 0.0426171981148 0.315333523992 0.181350043131 0.698557130581
0.0330525326538 0.161783413622 0.11913381166 0.0263932164926 0.0426171981148 0.315333523992 0.181350043131 0.698557130581
0.0330525326538 0.161783413622 0.11913381166 0.0263932164926 0.0426171981148 0.315333523992 0.181350043131 0.698557130581
0.0330525326538 0.161783413622 0.11913381166 0.0263932164926 0.0426171981148 0.315333523992 0.181350043131 0.698557130581
0.0330525326538 0.161783413622 0.11913381166 0.0263932164926 0.0426171981148 0.315333523992 0.181350043131 0.698557130581
0.0330525326538 0.161783413622 0.11913381166 0.0263932164926 0.0426171981148 0.315333523992 0.181350043131 0.698557130581
0.0330525326538 0.161783413622 0.11913381166 0.0263932164926 0.0426171981148 0.315333523992 0.181350043131 0.698557130581
0.0330525326538 0.161783413622 0.11913381166 0.0263932164926 0.0426171981148 0.315333523992 0.181350043131 0.698557130581
0.0330525326538 0.161783413622 0.11913381166 0.0263932164926 0.0426171981148 0.315333523992 0.181350043131 0.698557130581
0.0330525326538 0.161783413622 0.11913381166 0.0263932164926 0.0426171981148 0.315333523992 0.181350043131 0.698557130581
0.0330525326538 0.161783413622 0.11913381166 0.0263932164926 0.0426171981148 0.315333523992 0.181350043131 0.698557130581
0.0330525326538 0.161783413622 0.11913381166 0.0263932164926 0.0426171981148 0.315333523992 0.181350043131 0.698557130581
0.0330525326538 0.161783413622 0.11913381166 0.0263932164926 0.0426171981148 0.315333523992 0.181350043131 0.698557130581
0.0330525326538 0.161783413622 0.11913381166 0.0263932164926 0.0426171981148 0.315333523992 0.181350043131 0.698557130581
0.0330525326538 0.161783413622 0.11913381166 0.0263932164926 0.0426171981148 0.315333523992 0.181350043131 0.698557130581
0.0330525326538 0.161783413622 0.11913381166 0.0263932164926 0.0426171981148 0.315333523992 0.181350043131 0.698557130581
0.0330525326538 0.161783413622 0.11913381166 0.0263932164926 0.0426171981148 0.315333523992 0.181350043131 0.698557130581
0.0330525326538 0.161783413622 0.11913381166 0.0263932164926 0.0426171981148 0.315333523992 0.181350043131 0.698557130581
0.0330525326538 0.161783413622 0.11913381166 0.0263932164926 0.0426171981148 0.315333523992 0.181350043131 0.698557130581
0.0330525326538 0.161783413622 0.11913381166 0.0263932164926 0.0426171981148 0.315333523992 0.181350043131 0.698557130581
0.0330525326538 0.161783413622 0.11913381166 0.0263932164926 0.0426171981148 0.315333523992 0.181350043131 0.698557130581
0.0330525326538 0.161783413622 0.11913381166 0.0263932164926 0.0426171981148 0.315333523992 0.181350043131 0.698557130581
0.0330525326538 0.161783413622 0.11913381166 0.0263932164926 0.0426171981148 0.315333523992 0.181350043131 0.698557130581
0.0330525326538 0.161783413622 0.11913381166 0.0263932164926 0.0426171981148 0.315333523992 0.181350043131 0.698557130581
0.0330525326538 0.161783413622 0.11913381166 0.0263932164926 0.0426171981148 0.315333523992 0.181350043131 0.698557130581
0.0330525326538 0.161783413622 0.11913381166 0.0263932164926 0.0426171981148 0.315333523992 0.181350043131 0.698557130581
0.0330525326538 0.161783413622 0.11913381166 0.0263932164926 0.0426171981148 0.315333523992 0.181350043131 0.698557130581
0.0330525326538 0.161783413622 0.11913381166 0.0263932164926 0.0426171981148 0.315333523992 0.181350043131 0.698557130581
0.0330525326538 0.161783413622 0.11913381166 0.0263932164926 0.0426171981148 0.315333523992 0.181350043131 0.698557130581
0.0330525326538 0.161783413622 0.11913381166 0.0263932164926 0.0426171981148 0.315333523992 0.181350043131 0.698557130581
0.0330525326538 0.161783413622 0.11913381166 0.0263932164926 0.0426171981148 0.315333523992 0.181350043131 0.698557130581
0.0330525326538 0.161783413622 0.11913381166 0.0263932164926 0.0426171981148 0.315333523992 0.181350043131 0.698557130581
0.0330525326538 0.161783413622 0.11913381166 0.0263932164926 0.0426171981148 0.315333523992 0.181350043131 0.698557130581
0.0330525326538 0.161783413622 0.11913381166 0.0263932164926 0.0426171981148 0.315333523992 0.181350043131 0.698557130581
0.0330525326538 0.161783413622 0.11913381166 0.0263932164926 0.0426171981148 0.315333523992 0.181350043131 0.698557130581
0.0330525326538 0.161783413622 0.11913381166 0.0263932164926 0.0426171981148 0.315333523992 0.181350043131 0.698557130581
0.0330525326538 0.161783413622 0.11913381166 0.0263932164926 0.0426171981148 0.315333523992 0.181350043131 0.698557130581
0.0330525326538 0.161783413622 0.11913381166 0.0263932164926 0.0426171981148 0.315333523992 0.181350043131 0.698557130581
0.0330525326538 0.161783413622 0.11913381166 0.0263932164926 0.0426171981148 0.315333523992 0.181350043131 0.698557130581
0.0330525326538 0.161783413622 0.11913381166 0.0263932164926 0.0426171981148 0.315333523992 0.181350043131 0.698557130581
0.0330525326538 0.161783413622 0.11913381166 0.0263932164926 0.0426171981148 0.315333523992 0.181350043131 0.698557130581
0.0330525326538 0.161783413622 0.11913381166 0.0263932164926 0.0426171981148 0.315333523992 0.181350043131 0.698557130581
0.0330525326538 0.161783413622 0.11913381166 0.0263932164926 0.0426171981148 0.315333523992 0.181350043131 0.698557130581
0.0330525326538 0.161783413622 0.11913381166 0.0263932164926 0.0426171981148 0.315333523992 0.181350043131 0.698557130581
0.0330525326538 0.161783413622 0.11913381166 0.0263932164926 0.0426171981148 0.315333523992 0.181350043131 0.698557130581
0.0330525326538 0.161783413622 0.11913381166 0.0263932164926 0.0426171981148 0.315333523992 0.181350043131 0.698557130581
0.0330525326538 0.161783413622 0.11913381166 0.0263932164926 0.0426171981148 0.315333523992 0.181350043131 0.698557130581
0.0330525326538 0.161783413622 0.11913381166 0.0263932164926 0.0426171981148 0.315333523992 0.181350043131 0.698557130581
0.0330525326538 0.161783413622 0.11913381166 0.0263932164926 0.0426171981148 0.315333523992 0.181350043131 0.698557130581
0.0330525326538 0.161783413622 0.11913381166 0.0263932164926 0.0426171981148 0.315333523992 0.181350043131 0.698557130581
0.0330525326538 0.161783413622 0.11913381166 0.0263932164926 0.0426171981148 0.315333523992 0.181350043131 0.698557130581
0.0330525326538 0.161783413622 0.11913381166 0.0263932164926 0.0426171981148 0.315333523992 0.181350043131 0.698557130581
0.0330525326538 0.161783413622 0.11913381166 0.0263932164926 0.0426171981148 0.315333523992 0.181350043131 0.698557130581
0.0330525326538 0.161783413622 0.11913381166 0.0263932164926 0.0426171981148 0.315333523992 0.181350043131 0.698557130581
0.0330525326538 0.161783413622 0.11913381166 0.0263932164926 0.0426171981148 0.315333523992 0.181350043131 0.698557130581
0.0330525326538 0.161783413622 0.11913381166 0.0263932164926 0.0426171981148 0.315333523992 0.181350043131 0.698557130581
0.0330525326538 0.161783413622 0.11913381166 0.0263932164926 0.0426171981148 0.315333523992 0.181350043131 0.698557130581
0.0330525326538 0.161783413622 0.11913381166 0.0263932164926 0.0426171981148 0.315333523992 0.181350043131 0.698557130581
0.0330525326538 0.161783413622 0.11913381166 0.0263932164926 0.0426171981148 0.315333523992 0.181350043131 0.698557130581
0.0330525326538 0.161783413622 0.11913381166 0.0263932164926 0.0426171981148 0.315333523992 0.181350043131 0.698557130581
0.0330525326538 0.161783413622 0.11913381166 0.0263932164926 0.0426171981148 0.315333523992 0.181350043131 0.698557130581
0.0325482638533 0.159315150119 0.117316230403 0.0348462508376 0.0426171981148 0.315333523992 0.181350043131 0.698557130581
0.0330525326538 0.161783413622 0.11913381166 0.0263932164926 0.0426171981148 0.315333523992 0.181350043131 0.698557130581
0.0330525326538 0.161783413622 0.11913381166 0.0263932164926 0.0426171981148 0.315333523992 0.181350043131 0.698557130581
0.0330525326538 0.161783413622 0.11913381166 0.0263932164926 0.0426171981148 0.315333523992 0.181350043131 0.698557130581
0.0330525326538 0.161783413622 0.11913381166 0.0263932164926 0.0426171981148 0.315333523992 0.181350043131 0.698557130581
0.0330525326538 0.161783413622 0.11913381166 0.0263932164926 0.0426171981148 0.315333523992 0.181350043131 0.698557130581
0.0330525326538 0.161783413622 0.11913381166 0.0263932164926 0.0426171981148 0.315333523992 0.181350043131 0.698557130581
0.0330525326538 0.161783413622 0.11913381166 0.0263932164926 0.0426171981148 0.315333523992 0.181350043131 0.698557130581
0.0330525326538 0.161783413622 0.11913381166 0.0263932164926 0.0426171981148 0.315333523992 0.181350043131 0.698557130581
0.0330525326538 0.161783413622 0.11913381166 0.0263932164926 0.0426171981148 0.315333523992 0.181350043131 0.698557130581
0.0330525326538 0.161783413622 0.11913381166 0.0263932164926 0.0426171981148 0.315333523992 0.181350043131 0.698557130581
0.0330525326538 0.161783413622 0.11913381166 0.0263932164926 0.0426171981148 0.315333523992 0.181350043131 0.698557130581
0.0330525326538 0.161783413622 0.11913381166 0.0263932164926 0.0426171981148 0.315333523992 0.181350043131 0.698557130581
0.0330525326538 0.161783413622 0.11913381166 0.0263932164926 0.0426171981148 0.315333523992 0.181350043131 0.698557130581
0.0330525326538 0.161783413622 0.11913381166 0.0263932164926 0.0426171981148 0.315333523992 0.181350043131 0.698557130581
0.0330525326538 0.161783413622 0.11913381166 0.0263932164926 0.0426171981148 0.315333523992 0.181350043131 0.698557130581
0.0330525326538 0.161783413622 0.11913381166 0.0263932164926 0.0426171981148 0.315333523992 0.181350043131 0.698557130581
0.0330525326538 0.161783413622 0.11913381166 0.0263932164926 0.0426171981148 0.315333523992 0.181350043131 0.698557130581
0.0330525326538 0.161783413622 0.11913381166 0.0263932164926 0.0426171981148 0.315333523992 0.181350043131 0.698557130581
0.0330525326538 0.161783413622 0.11913381166 0.0263932164926 0.0426171981148 0.315333523992 0.181350043131 0.698557130581
0.0330525326538 0.161783413622 0.11913381166 0.0263932164926 0.0426171981148 0.315333523992 0.181350043131 0.698557130581
0.0327842594955 0.160469714028 0.118166394845 0.0261789319884 0.0422711887963 0.312772073468 0.179875273401 0.692865148489
0.0330525326538 0.161783413622 0.11913381166 0.0263932164926 0.0426171981148 0.315333523992 0.181350043131 0.698557130581
0.0330525326538 0.161783413622 0.11913381166 0.0263932164926 0.0426171981148 0.315333523992 0.181350043131 0.698557130581
0.0330525326538 0.161783413622 0.11913381166 0.0263932164926 0.0426171981148 0.315333523992 0.181350043131 0.698557130581
0.0330525326538 0.161783413622 0.11913381166 0.0263932164926 0.0426171981148 0.315333523992 0.181350043131 0.698557130581
0.0330525326538 0.161783413622 0.11913381166 0.0263932164926 0.0426171981148 0.315333523992 0.181350043131 0.698557130581
0.0330525326538 0.161783413622 0.11913381166 0.0263932164926 0.0426171981148 0.315333523992 0.181350043131 0.698557130581
0.0330525326538 0.161783413622 0.11913381166 0.0263932164926 0.0426171981148 0.315333523992 0.181350043131 0.698557130581
0.0330525326538 0.161783413622 0.11913381166 0.0263932164926 0.0426171981148 0.315333523992 0.181350043131 0.698557130581
0.0330525326538 0.161783413622 0.11913381166 0.0263932164926 0.0426171981148 0.315333523992 0.181350043131 0.698557130581
0.0330525326538 0.161783413622 0.11913381166 0.0263932164926 0.0426171981148 0.315333523992 0.181350043131 0.698557130581
0.0330525326538 0.161783413622 0.11913381166 0.0263932164926 0.0426171981148 0.315333523992 0.181350043131 0.698557130581
0.0330525326538 0.161783413622 0.11913381166 0.0263932164926 0.0426171981148 0.315333523992 0.181350043131 0.698557130581
0.0330525326538 0.161783413622 0.11913381166 0.0263932164926 0.0426171981148 0.315333523992 0.181350043131 0.698557130581
0.0330525326538 0.161783413622 0.11913381166 0.0263932164926 0.0426171981148 0.315333523992 0.181350043131 0.698557130581
0.0330525326538 0.161783413622 0.11913381166 0.0263932164926 0.0426171981148 0.315333523992 0.181350043131 0.698557130581
0.0330525326538 0.161783413622 0.11913381166 0.0263932164926 0.0426171981148 0.315333523992 0.181350043131 0.698557130581
0.0330525326538 0.161783413622 0.11913381166 0.0263932164926 0.0426171981148 0.315333523992 0.181350043131 0.698557130581
0.0330525326538 0.161783413622 0.11913381166 0.0263932164926 0.0426171981148 0.315333523992 0.181350043131 0.698557130581
0.0330525326538 0.161783413622 0.11913381166 0.0263932164926 0.0426171981148 0.315333523992 0.181350043131 0.698557130581
0.0330525326538 0.161783413622 0.11913381166 0.0263932164926 0.0426171981148 0.315333523992 0.181350043131 0.698557130581
0.0330525326538 0.161783413622 0.11913381166 0.0263932164926 0.0426171981148 0.315333523992 0.181350043131 0.698557130581
0.0330525326538 0.161783413622 0.11913381166 0.0263932164926 0.0426171981148 0.315333523992 0.181350043131 0.698557130581
0.0330525326538 0.161783413622 0.11913381166 0.0263932164926 0.0426171981148 0.315333523992 0.181350043131 0.698557130581
0.0330525326538 0.161783413622 0.11913381166 0.0263932164926 0.0426171981148 0.315333523992 0.181350043131 0.698557130581
0.0325644519666 0.159393344466 0.117373749388 0.0260033596442 0.0419876887482 0.31067336887 0.178666932275 0.68820146716
0.0330525326538 0.161783413622 0.11913381166 0.0263932164926 0.0426171981148 0.315333523992 0.181350043131 0.698557130581
0.0330525326538 0.161783413622 0.11913381166 0.0263932164926 0.0426171981148 0.315333523992 0.181350043131 0.698557130581
0.0330525326538 0.161783413622 0.11913381166 0.0263932164926 0.0426171981148 0.315333523992 0.181350043131 0.698557130581
0.0330525326538 0.161783413622 0.11913381166 0.0263932164926 0.0426171981148 0.315333523992 0.181350043131 0.698557130581
0.0330525326538 0.161783413622 0.11913381166 0.0263932164926 0.0426171981148 0.315333523992 0.181350043131 0.698557130581
0.0330525326538 0.161783413622 0.11913381166 0.0263932164926 0.0426171981148 0.315333523992 0.181350043131 0.698557130581
0.0330525326538 0.161783413622 0.11913381166 0.0263932164926 0.0426171981148 0.315333523992 0.181350043131 0.698557130581
0.0330525326538 0.161783413622 0.11913381166 0.0263932164926 0.0426171981148 0.315333523992 0.181350043131 0.698557130581
0.0330525326538 0.161783413622 0.11913381166 0.0263932164926 0.0426171981148 0.315333523992 0.181350043131 0.698557130581
0.0330525326538 0.161783413622 0.11913381166 0.0263932164926 0.0426171981148 0.315333523992 0.181350043131 0.698557130581
0.0330525326538 0.161783413622 0.11913381166 0.0263932164926 0.0426171981148 0.315333523992 0.181350043131 0.698557130581
0.0330525326538 0.161783413622 0.11913381166 0.0263932164926 0.0426171981148 0.315333523992 0.181350043131 0.698557130581
0.0330525326538 0.161783413622 0.11913381166 0.0263932164926 0.0426171981148 0.315333523992 0.181350043131 0.698557130581
0.0330525326538 0.161783413622 0.11913381166 0.0263932164926 0.0426171981148 0.315333523992 0.181350043131 0.698557130581
0.0330525326538 0.161783413622 0.11913381166 0.0263932164926 0.0426171981148 0.315333523992 0.181350043131 0.698557130581
0.0330525326538 0.161783413622 0.11913381166 0.0263932164926 0.0426171981148 0.315333523992 0.181350043131 0.698557130581
0.0330525326538 0.161783413622 0.11913381166 0.0263932164926 0.0426171981148 0.315333523992 0.181350043131 0.698557130581
0.0330525326538 0.161783413622 0.11913381166 0.0263932164926 0.0426171981148 0.315333523992 0.181350043131 0.698557130581
0.0330525326538 0.161783413622 0.11913381166 0.0263932164926 0.0426171981148 0.315333523992 0.181350043131 0.698557130581
0.0330525326538 0.161783413622 0.11913381166 0.0263932164926 0.0426171981148 0.315333523992 0.181350043131 0.698557130581
0.0330525326538 0.161783413622 0.11913381166 0.0263932164926 0.0426171981148 0.315333523992 0.181350043131 0.698557130581
0.0330525326538 0.161783413622 0.11913381166 0.0263932164926 0.0426171981148 0.315333523992 0.181350043131 0.698557130581
0.0330525326538 0.161783413622 0.11913381166 0.0263932164926 0.0426171981148 0.315333523992 0.181350043131 0.698557130581
0.0330525326538 0.161783413622 0.11913381166 0.0263932164926 0.0426171981148 0.315333523992 0.181350043131 0.698557130581
0.0330525326538 0.161783413622 0.11913381166 0.0263932164926 0.0426171981148 0.315333523992 0.181350043131 0.698557130581
0.0330525326538 0.161783413622 0.11913381166 0.0263932164926 0.0426171981148 0.315333523992 0.181350043131 0.698557130581
0.0330525326538 0.161783413622 0.11913381166 0.0263932164926 0.0426171981148 0.315333523992 0.181350043131 0.698557130581
0.0330525326538 0.161783413622 0.11913381166 0.0263932164926 0.0426171981148 0.315333523992 0.181350043131 0.698557130581
0.0330525326538 0.161783413622 0.11913381166 0.0263932164926 0.0426171981148 0.315333523992 0.181350043131 0.698557130581
0.0330525326538 0.161783413622 0.11913381166 0.0263932164926 0.0426171981148 0.315333523992 0.181350043131 0.698557130581
0.0330525326538 0.161783413622 0.11913381166 0.0263932164926 0.0426171981148 0.315333523992 0.181350043131 0.698557130581
0.0330525326538 0.161783413622 0.11913381166 0.0263932164926 0.0426171981148 0.315333523992 0.181350043131 0.698557130581
0.0330525326538 0.161783413622 0.11913381166 0.0263932164926 0.0426171981148 0.315333523992 0.181350043131 0.698557130581
0.0330525326538 0.161783413622 0.11913381166 0.0263932164926 0.0426171981148 0.315333523992 0.181350043131 0.698557130581
0.0330525326538 0.161783413622 0.11913381166 0.0263932164926 0.0426171981148 0.315333523992 0.181350043131 0.698557130581
0.0330525326538 0.161783413622 0.11913381166 0.0263932164926 0.0426171981148 0.315333523992 0.181350043131 0.698557130581
0.0330525326538 0.161783413622 0.11913381166 0.0263932164926 0.0426171981148 0.315333523992 0.181350043131 0.698557130581
0.0330525326538 0.161783413622 0.11913381166 0.0263932164926 0.0426171981148 0.315333523992 0.181350043131 0.698557130581
0.0330525326538 0.161783413622 0.11913381166 0.0263932164926 0.0426171981148 0.315333523992 0.181350043131 0.698557130581
0.0330525326538 0.161783413622 0.11913381166 0.0263932164926 0.0426171981148 0.315333523992 0.181350043131 0.698557130581
0.0330525326538 0.161783413622 0.11913381166 0.0263932164926 0.0426171981148 0.315333523992 0.181350043131 0.698557130581
0.0330525326538 0.161783413622 0.11913381166 0.0263932164926 0.0426171981148 0.315333523992 0.181350043131 0.698557130581
0.0330525326538 0.161783413622 0.11913381166 0.0263932164926 0.0426171981148 0.315333523992 0.181350043131 0.698557130581
0.0330525326538 0.161783413622 0.11913381166 0.0263932164926 0.0426171981148 0.315333523992 0.181350043131 0.698557130581
0.0330525326538 0.161783413622 0.11913381166 0.0263932164926 0.0426171981148 0.315333523992 0.181350043131 0.698557130581
0.0330525326538 0.161783413622 0.11913381166 0.0263932164926 0.0426171981148 0.315333523992 0.181350043131 0.698557130581
0.0330525326538 0.161783413622 0.11913381166 0.0263932164926 0.0426171981148 0.315333523992 0.181350043131 0.698557130581
0.0330525326538 0.161783413622 0.11913381166 0.0263932164926 0.0426171981148 0.315333523992 0.181350043131 0.698557130581
0.0330525326538 0.161783413622 0.11913381166 0.0263932164926 0.0426171981148 0.315333523992 0.181350043131 0.698557130581
0.0330525326538 0.161783413622 0.11913381166 0.0263932164926 0.0426171981148 0.315333523992 0.181350043131 0.698557130581
0.0330525326538 0.161783413622 0.11913381166 0.0263932164926 0.0426171981148 0.315333523992 0.181350043131 0.698557130581
0.0330525326538 0.161783413622 0.11913381166 0.0263932164926 0.0426171981148 0.315333523992 0.181350043131 0.698557130581
0.0330525326538 0.161783413622 0.11913381166 0.0263932164926 0.0426171981148 0.315333523992 0.181350043131 0.698557130581
0.0330525326538 0.161783413622 0.11913381166 0.0263932164926 0.0426171981148 0.315333523992 0.181350043131 0.698557130581
0.0330525326538 0.161783413622 0.11913381166 0.0263932164926 0.0426171981148 0.315333523992 0.181350043131 0.698557130581
0.0330525326538 0.161783413622 0.11913381166 0.0263932164926 0.0426171981148 0.315333523992 0.181350043131 0.698557130581
0.0330525326538 0.161783413622 0.11913381166 0.0263932164926 0.0426171981148 0.315333523992 0.181350043131 0.698557130581
0.0330525326538 0.161783413622 0.11913381166 0.0263932164926 0.0426171981148 0.315333523992 0.181350043131 0.698557130581
0.0330525326538 0.161783413622 0.11913381166 0.0263932164926 0.0426171981148 0.315333523992 0.181350043131 0.698557130581
0.0330525326538 0.161783413622 0.11913381166 0.0263932164926 0.0426171981148 0.315333523992 0.181350043131 0.698557130581
0.0330525326538 0.161783413622 0.11913381166 0.0263932164926 0.0426171981148 0.315333523992 0.181350043131 0.698557130581
0.0330525326538 0.161783413622 0.11913381166 0.0263932164926 0.0426171981148 0.315333523992 0.181350043131 0.698557130581
0.0330525326538 0.161783413622 0.11913381166 0.0263932164926 0.0426171981148 0.315333523992 0.181350043131 0.698557130581
0.0330525326538 0.161783413622 0.11913381166 0.0263932164926 0.0426171981148 0.315333523992 0.181350043131 0.698557130581
0.0739316504188 0.361875972014 0.26647808162 0.0590588851184 0.0953401705613 0.705342485264 0.405944366336 0.0533486294568
0.0330525326538 0.161783413622 0.11913381166 0.0263932164926 0.0426171981148 0.315333523992 0.181350043131 0.698557130581
0.0330525326538 0.161783413622 0.11913381166 0.0263932164926 0.0426171981148 0.315333523992 0.181350043131 0.698557130581
0.0330525326538 0.161783413622 0.11913381166 0.0263932164926 0.0426171981148 0.315333523992 0.181350043131 0.698557130581
0.0330525326538 0.161783413622 0.11913381166 0.0263932164926 0.0426171981148 0.315333523992 0.181350043131 0.698557130581
0.0330525326538 0.161783413622 0.11913381166 0.0263932164926 0.0426171981148 0.315333523992 0.181350043131 0.698557130581
0.0330525326538 0.161783413622 0.11913381166 0.0263932164926 0.0426171981148 0.315333523992 0.181350043131 0.698557130581
0.00511250082252 0.0250242868033 0.0184270494325 0.00406690733787 0.0065821364763 0.0487704622591 0.348120992424 0.698557130581
0.0330525326538 0.161783413622 0.11913381166 0.0263932164926 0.0426171981148 0.315333523992 0.181350043131 0.698557130581
0.0330525326538 0.161783413622 0.11913381166 0.0263932164926 0.0426171981148 0.315333523992 0.181350043131 0.698557130581
0.0330525326538 0.161783413622 0.11913381166 0.0263932164926 0.0426171981148 0.315333523992 0.181350043131 0.698557130581
0.0330525326538 0.161783413622 0.11913381166 0.0263932164926 0.0426171981148 0.315333523992 0.181350043131 0.698557130581
0.0330525326538 0.161783413622 0.11913381166 0.0263932164926 0.0426171981148 0.315333523992 0.181350043131 0.698557130581
0.0330525326538 0.161783413622 0.11913381166 0.0263932164926 0.0426171981148 0.315333523992 0.181350043131 0.698557130581
0.0330525326538 0.161783413622 0.11913381166 0.0263932164926 0.0426171981148 0.315333523992 0.181350043131 0.698557130581
0.0330525326538 0.161783413622 0.11913381166 0.0263932164926 0.0426171981148 0.315333523992 0.181350043131 0.698557130581
0.0330525326538 0.161783413622 0.11913381166 0.0263932164926 0.0426171981148 0.315333523992 0.181350043131 0.698557130581
0.0330525326538 0.161783413622 0.11913381166 0.0263932164926 0.0426171981148 0.315333523992 0.181350043131 0.698557130581
0.0330525326538 0.161783413622 0.11913381166 0.0263932164926 0.0426171981148 0.315333523992 0.181350043131 0.698557130581
0.0330525326538 0.161783413622 0.11913381166 0.0263932164926 0.0426171981148 0.315333523992 0.181350043131 0.698557130581
0.0330525326538 0.161783413622 0.11913381166 0.0263932164926 0.0426171981148 0.315333523992 0.181350043131 0.698557130581
0.0330525326538 0.161783413622 0.11913381166 0.0263932164926 0.0426171981148 0.315333523992 0.181350043131 0.698557130581
0.0330525326538 0.161783413622 0.11913381166 0.0263932164926 0.0426171981148 0.315333523992 0.181350043131 0.698557130581
0.0330525326538 0.161783413622 0.11913381166 0.0263932164926 0.0426171981148 0.315333523992 0.181350043131 0.698557130581
0.0330525326538 0.161783413622 0.11913381166 0.0263932164926 0.0426171981148 0.315333523992 0.181350043131 0.698557130581
0.0330525326538 0.161783413622 0.11913381166 0.0263932164926 0.0426171981148 0.315333523992 0.181350043131 0.698557130581
0.0330525326538 0.161783413622 0.11913381166 0.0263932164926 0.0426171981148 0.315333523992 0.181350043131 0.698557130581
0.0330525326538 0.161783413622 0.11913381166 0.0263932164926 0.0426171981148 0.315333523992 0.181350043131 0.698557130581
0.0330525326538 0.161783413622 0.11913381166 0.0263932164926 0.0426171981148 0.315333523992 0.181350043131 0.698557130581
0.0330525326538 0.161783413622 0.11913381166 0.0263932164926 0.0426171981148 0.315333523992 0.181350043131 0.698557130581
0.0330525326538 0.161783413622 0.11913381166 0.0263932164926 0.0426171981148 0.315333523992 0.181350043131 0.698557130581
0.0330525326538 0.161783413622 0.11913381166 0.0263932164926 0.0426171981148 0.315333523992 0.181350043131 0.698557130581
0.0330525326538 0.161783413622 0.11913381166 0.0263932164926 0.0426171981148 0.315333523992 0.181350043131 0.698557130581
0.0330525326538 0.161783413622 0.11913381166 0.0263932164926 0.0426171981148 0.315333523992 0.181350043131 0.698557130581
0.0330525326538 0.161783413622 0.11913381166 0.0263932164926 0.0426171981148 0.315333523992 0.181350043131 0.698557130581
0.0330525326538 0.161783413622 0.11913381166 0.0263932164926 0.0426171981148 0.315333523992 0.181350043131 0.698557130581
0.0330525326538 0.161783413622 0.11913381166 0.0263932164926 0.0426171981148 0.315333523992 0.181350043131 0.698557130581
0.0330525326538 0.161783413622 0.11913381166 0.0263932164926 0.0426171981148 0.315333523992 0.181350043131 0.698557130581
0.0330525326538 0.161783413622 0.11913381166 0.0263932164926 0.0426171981148 0.315333523992 0.181350043131 0.698557130581
0.0330525326538 0.161783413622 0.11913381166 0.0263932164926 0.0426171981148 0.315333523992 0.181350043131 0.698557130581
0.0330525326538 0.161783413622 0.11913381166 0.0263932164926 0.0426171981148 0.315333523992 0.181350043131 0.698557130581
0.0330525326538 0.161783413622 0.11913381166 0.0263932164926 0.0426171981148 0.315333523992 0.181350043131 0.698557130581
0.0331072697988 0.162051454471 0.119331198662 0.0264369380564 0.0426877961665 0.315856149848 0.181650947945 0.699718494809
0.0330525326538 0.161783413622 0.11913381166 0.0263932164926 0.0426171981148 0.315333523992 0.181350043131 0.698557130581
0.0330525326538 0.161783413622 0.11913381166 0.0263932164926 0.0426171981148 0.315333523992 0.181350043131 0.698557130581
0.0330525326538 0.161783413622 0.11913381166 0.0263932164926 0.0426171981148 0.315333523992 0.181350043131 0.698557130581
0.0330525326538 0.161783413622 0.11913381166 0.0263932164926 0.0426171981148 0.315333523992 0.181350043131 0.698557130581
0.0330525326538 0.161783413622 0.11913381166 0.0263932164926 0.0426171981148 0.315333523992 0.181350043131 0.698557130581
0.0330525326538 0.161783413622 0.11913381166 0.0263932164926 0.0426171981148 0.315333523992 0.181350043131 0.698557130581
0.0330525326538 0.161783413622 0.11913381166 0.0263932164926 0.0426171981148 0.315333523992 0.181350043131 0.698557130581
0.0330525326538 0.161783413622 0.11913381166 0.0263932164926 0.0426171981148 0.315333523992 0.181350043131 0.698557130581
0.0330525326538 0.161783413622 0.11913381166 0.0263932164926 0.0426171981148 0.315333523992 0.181350043131 0.698557130581
0.0330525326538 0.161783413622 0.11913381166 0.0263932164926 0.0426171981148 0.315333523992 0.181350043131 0.698557130581
0.0330525326538 0.161783413622 0.11913381166 0.0263932164926 0.0426171981148 0.315333523992 0.181350043131 0.698557130581
0.0330525326538 0.161783413622 0.11913381166 0.0263932164926 0.0426171981148 0.315333523992 0.181350043131 0.698557130581
0.0330525326538 0.161783413622 0.11913381166 0.0263932164926 0.0426171981148 0.315333523992 0.181350043131 0.698557130581
0.0330525326538 0.161783413622 0.11913381166 0.0263932164926 0.0426171981148 0.315333523992 0.181350043131 0.698557130581
0.0330525326538 0.161783413622 0.11913381166 0.0263932164926 0.0426171981148 0.315333523992 0.181350043131 0.698557130581
0.0330525326538 0.161783413622 0.11913381166 0.0263932164926 0.0426171981148 0.315333523992 0.181350043131 0.698557130581
0.0330525326538 0.161783413622 0.11913381166 0.0263932164926 0.0426171981148 0.315333523992 0.181350043131 0.698557130581
0.0324276336366 0.158723362473 0.116880370348 0.0258940753308 0.0418112252609 0.309367038464 0.177914805103 0.685298577099
0.0330525326538 0.161783413622 0.11913381166 0.0263932164926 0.0426171981148 0.315333523992 0.181350043131 0.698557130581
0.0330525326538 0.161783413622 0.11913381166 0.0263932164926 0.0426171981148 0.315333523992 0.181350043131 0.698557130581
0.0330525326538 0.161783413622 0.11913381166 0.0263932164926 0.0426171981148 0.315333523992 0.181350043131 0.698557130581
0.0330525326538 0.161783413622 0.11913381166 0.0263932164926 0.0426171981148 0.315333523992 0.181350043131 0.698557130581
0.0330525326538 0.161783413622 0.11913381166 0.0263932164926 0.0426171981148 0.315333523992 0.181350043131 0.698557130581
0.0330525326538 0.161783413622 0.11913381166 0.0263932164926 0.0426171981148 0.315333523992 0.181350043131 0.698557130581
0.0330525326538 0.161783413622 0.11913381166 0.0263932164926 0.0426171981148 0.315333523992 0.181350043131 0.698557130581
0.0330525326538 0.161783413622 0.11913381166 0.0263932164926 0.0426171981148 0.315333523992 0.181350043131 0.698557130581
0.0330525326538 0.161783413622 0.11913381166 0.0263932164926 0.0426171981148 0.315333523992 0.181350043131 0.698557130581
0.0330525326538 0.161783413622 0.11913381166 0.0263932164926 0.0426171981148 0.315333523992 0.181350043131 0.698557130581
0.0330525326538 0.161783413622 0.11913381166 0.0263932164926 0.0426171981148 0.315333523992 0.181350043131 0.698557130581
0.0330525326538 0.161783413622 0.11913381166 0.0263932164926 0.0426171981148 0.315333523992 0.181350043131 0.698557130581
0.0330525326538 0.161783413622 0.11913381166 0.0263932164926 0.0426171981148 0.315333523992 0.181350043131 0.698557130581
0.0330525326538 0.161783413622 0.11913381166 0.0263932164926 0.0426171981148 0.315333523992 0.181350043131 0.698557130581
0.0330525326538 0.161783413622 0.11913381166 0.0263932164926 0.0426171981148 0.315333523992 0.181350043131 0.698557130581
0.0330525326538 0.161783413622 0.11913381166 0.0263932164926 0.0426171981148 0.315333523992 0.181350043131 0.698557130581
0.0330525326538 0.161783413622 0.11913381166 0.0263932164926 0.0426171981148 0.315333523992 0.181350043131 0.698557130581
0.0330525326538 0.161783413622 0.11913381166 0.0263932164926 0.0426171981148 0.315333523992 0.181350043131 0.698557130581
0.0330525326538 0.161783413622 0.11913381166 0.0263932164926 0.0426171981148 0.315333523992 0.181350043131 0.698557130581
0.0330525326538 0.161783413622 0.11913381166 0.0263932164926 0.0426171981148 0.315333523992 0.181350043131 0.698557130581
0.0330525326538 0.161783413622 0.11913381166 0.0263932164926 0.0426171981148 0.315333523992 0.181350043131 0.698557130581
0.0328771390842 0.160924533582 0.118501326884 0.0262531200165 0.0423909816351 0.313658880306 0.18038585749 0.694835785281
0.0330525326538 0.161783413622 0.11913381166 0.0263932164926 0.0426171981148 0.315333523992 0.181350043131 0.698557130581
0.0330525326538 0.161783413622 0.11913381166 0.0263932164926 0.0426171981148 0.315333523992 0.181350043131 0.698557130581
0.0342757168423 0.167773191253 0.123544722365 0.0273702408824 0.0441948182196 0.327012388154 0.188074215699 0.724509568486
0.0330525326538 0.161783413622 0.11913381166 0.0263932164926 0.0426171981148 0.315333523992 0.181350043131 0.698557130581
0.0330525326538 0.161783413622 0.11913381166 0.0263932164926 0.0426171981148 0.315333523992 0.181350043131 0.698557130581
0.0330525326538 0.161783413622 0.11913381166 0.0263932164926 0.0426171981148 0.315333523992 0.181350043131 0.698557130581
0.0330525326538 0.161783413622 0.11913381166 0.0263932164926 0.0426171981148 0.315333523992 0.181350043131 0.698557130581
0.0330525326538 0.161783413622 0.11913381166 0.0263932164926 0.0426171981148 0.315333523992 0.181350043131 0.698557130581
0.0330525326538 0.161783413622 0.11913381166 0.0263932164926 0.0426171981148 0.315333523992 0.181350043131 0.698557130581
0.0330525326538 0.161783413622 0.11913381166 0.0263932164926 0.0426171981148 0.315333523992 0.181350043131 0.698557130581
0.0330525326538 0.161783413622 0.11913381166 0.0263932164926 0.0426171981148 0.315333523992 0.181350043131 0.698557130581
0.0330525326538 0.161783413622 0.11913381166 0.0263932164926 0.0426171981148 0.315333523992 0.181350043131 0.698557130581
0.0330525326538 0.161783413622 0.11913381166 0.0263932164926 0.0426171981148 0.315333523992 0.181350043131 0.698557130581
0.0330525326538 0.161783413622 0.11913381166 0.0263932164926 0.0426171981148 0.315333523992 0.181350043131 0.698557130581
0.0330525326538 0.161783413622 0.11913381166 0.0263932164926 0.0426171981148 0.315333523992 0.181350043131 0.698557130581
0.0330525326538 0.161783413622 0.11913381166 0.0263932164926 0.0426171981148 0.315333523992 0.181350043131 0.698557130581
0.0330525326538 0.161783413622 0.11913381166 0.0263932164926 0.0426171981148 0.315333523992 0.181350043131 0.698557130581
0.0330525326538 0.161783413622 0.11913381166 0.0263932164926 0.0426171981148 0.315333523992 0.181350043131 0.698557130581
0.0332147762268 0.162577899798 0.119718876381 0.0265228093445 0.04282645419 0.316882612569 0.182241939704 0.701999470909
0.0330525326538 0.161783413622 0.11913381166 0.0263932164926 0.0426171981148 0.315333523992 0.181350043131 0.698557130581
0.0330525326538 0.161783413622 0.11913381166 0.0263932164926 0.0426171981148 0.315333523992 0.181350043131 0.698557130581
0.0330525326538 0.161783413622 0.11913381166 0.0263932164926 0.0426171981148 0.315333523992 0.181350043131 0.698557130581
0.0330525326538 0.161783413622 0.11913381166 0.0263932164926 0.0426171981148 0.315333523992 0.181350043131 0.698557130581
0.0330525326538 0.161783413622 0.11913381166 0.0263932164926 0.0426171981148 0.315333523992 0.181350043131 0.698557130581
0.0330525326538 0.161783413622 0.11913381166 0.0263932164926 0.0426171981148 0.315333523992 0.181350043131 0.698557130581
0.0330525326538 0.161783413622 0.11913381166 0.0263932164926 0.0426171981148 0.315333523992 0.181350043131 0.698557130581
0.0330525326538 0.161783413622 0.11913381166 0.0263932164926 0.0426171981148 0.315333523992 0.181350043131 0.698557130581
0.0330525326538 0.161783413622 0.11913381166 0.0263932164926 0.0426171981148 0.315333523992 0.181350043131 0.698557130581
0.0330525326538 0.161783413622 0.11913381166 0.0263932164926 0.0426171981148 0.315333523992 0.181350043131 0.698557130581
0.0330525326538 0.161783413622 0.11913381166 0.0263932164926 0.0426171981148 0.315333523992 0.181350043131 0.698557130581
0.0330525326538 0.161783413622 0.11913381166 0.0263932164926 0.0426171981148 0.315333523992 0.181350043131 0.698557130581
0.0330525326538 0.161783413622 0.11913381166 0.0263932164926 0.0426171981148 0.315333523992 0.181350043131 0.698557130581
0.0330525326538 0.161783413622 0.11913381166 0.0263932164926 0.0426171981148 0.315333523992 0.181350043131 0.698557130581
0.0330525326538 0.161783413622 0.11913381166 0.0263932164926 0.0426171981148 0.315333523992 0.181350043131 0.698557130581
0.0330525326538 0.161783413622 0.11913381166 0.0263932164926 0.0426171981148 0.315333523992 0.181350043131 0.698557130581
0.0330525326538 0.161783413622 0.11913381166 0.0263932164926 0.0426171981148 0.315333523992 0.181350043131 0.698557130581
0.0330525326538 0.161783413622 0.11913381166 0.0263932164926 0.0426171981148 0.315333523992 0.181350043131 0.698557130581
0.0330525326538 0.161783413622 0.11913381166 0.0263932164926 0.0426171981148 0.315333523992 0.181350043131 0.698557130581
0.0330525326538 0.161783413622 0.11913381166 0.0263932164926 0.0426171981148 0.315333523992 0.181350043131 0.698557130581
0.0341862419382 0.167335044012 0.123222067924 0.0272987723622 0.0440794166235 0.326158088975 0.18758234808 0.722611169283
0.0330525326538 0.161783413622 0.11913381166 0.0263932164926 0.0426171981148 0.315333523992 0.181350043131 0.698557130581
0.0330525326538 0.161783413622 0.11913381166 0.0263932164926 0.0426171981148 0.315333523992 0.181350043131 0.698557130581
0.0330525326538 0.161783413622 0.11913381166 0.0263932164926 0.0426171981148 0.315333523992 0.181350043131 0.698557130581
0.0330525326538 0.161783413622 0.11913381166 0.0263932164926 0.0426171981148 0.315333523992 0.181350043131 0.698557130581
0.0330525326538 0.161783413622 0.11913381166 0.0263932164926 0.0426171981148 0.315333523992 0.181350043131 0.698557130581
0.0330525326538 0.161783413622 0.11913381166 0.0263932164926 0.0426171981148 0.315333523992 0.181350043131 0.698557130581
0.0330525326538 0.161783413622 0.11913381166 0.0263932164926 0.0426171981148 0.315333523992 0.181350043131 0.698557130581
0.0330525326538 0.161783413622 0.11913381166 0.0263932164926 0.0426171981148 0.315333523992 0.181350043131 0.698557130581
0.0330525326538 0.161783413622 0.11913381166 0.0263932164926 0.0426171981148 0.315333523992 0.181350043131 0.698557130581
0.0330525326538 0.161783413622 0.11913381166 0.0263932164926 0.0426171981148 0.315333523992 0.181350043131 0.698557130581
0.0330525326538 0.161783413622 0.11913381166 0.0263932164926 0.0426171981148 0.315333523992 0.181350043131 0.698557130581
0.0330525326538 0.161783413622 0.11913381166 0.0263932164926 0.0426171981148 0.315333523992 0.181350043131 0.698557130581
0.0330525326538 0.161783413622 0.11913381166 0.0263932164926 0.0426171981148 0.315333523992 0.181350043131 0.698557130581
0.0330525326538 0.161783413622 0.11913381166 0.0263932164926 0.0426171981148 0.315333523992 0.181350043131 0.698557130581
