0.000810136385129 0.151558781103 0.0402517913705 0.169150310868 0.00805634953595 0.226205666788 0.054855881909 0.594619499099
0.015105261367 0.0156152968868 0.0263046119225 0.0505258432482 0.37924515777 0.307293448316 0.018556504659 0.31913835517
0.0351993994376 0.0144030186341 0.0418101376631 0.0140445449418 0.0395900592215 0.2655226702 0.50501684511 0.128538838824
0.0343275464833 0.0304237893601 0.142599604724 0.0664625033363 0.15237604182 0.011392873404 0.644188588077 0.404786770896
0.00110942482332 0.00481544897249 0.00297686433765 0.0857012011781 0.0511030161047 0.0398836283872 0.0587880063436 0.321896215314
0.056049046966 0.103995664185 0.207526552203 0.59698307768 0.0677254958408 0.302039904147 0.236765884741 0.111735552744
0.0827001366365 0.0308407011882 0.00668567756251 0.0529813429944 0.769447460945 0.00989303240282 0.507890040831 0.313295537562
0.000631270163982 0.00109191784345 0.00621338824447 0.0303945212731 0.244562611226 0.252090746934 0.150590987635 0.160771222644
0.0763597757044 0.143419734185 0.0795392215489 0.0496604820073 0.233540390294 0.00810078418147 0.429374402685 0.701683072793
0.0604847638606 0.00296939316152 0.0795787988387 0.207963223355 0.184282153532 0.322661193092 0.371251023994 0.167381789371
0.218427820188 0.206255618281 0.406647943118 0.148099665013 0.0582164735864 0.0462588512683 0.100400613712 0.159313770588
0.0607869098021 0.389768422303 0.172235937912 0.0234047395215 0.0748755700532 0.106329543171 0.319377148936 0.360868743235
0.518507084753 0.833567243726 0.0125618172678 0.0712031021782 0.271822207433 0.17176197977 0.510583208985 0.738458329778
0.00640701443513 0.00213704007137 0.00933306902995 0.0169911090051 0.00823196989971 0.0315489918152 0.00418237947725 0.607731474813
0.0123004102318 0.0131171091666 0.00885826359539 0.0116798872867 0.00754061971465 0.028224548529 0.179997878268 0.602724917478
7.51654682694e-05 0.00168978064235 0.000125247248386 0.000553029525715 0.00345143212676 0.119106190101 0.0169047861811 0.0366317948132
0.00279460906084 0.00362452593798 0.00772410410722 0.0371426094313 0.134500020777 0.0511141080029 0.0850678657254 0.862428227732
0.00988797870459 0.0135374458416 0.0240685299502 0.0842909389983 0.0569643128185 0.137237290462 0.0949123039286 0.318501410484
0.050622544873 0.0559588047475 0.0346329011359 0.270261330081 0.459209288735 0.133734769172 0.218772894692 0.173768433655
0.00100163731262 0.000228258822246 0.248454893617 1.00967104656 0.0643403602495 0.184949376558 0.345638993752 0.57042348487
0.0145183234182 0.00178340912116 0.0169735023137 0.424987652415 0.48240746421 0.639258138112 0.140445810536 0.0625755504543
0.00020044883663 9.0119329274e-05 0.000316496378995 0.00566924641237 0.0257999536753 0.914772273847 0.184320342594 0.286224502641
0.0226230947275 0.0100094215872 0.131426844232 0.0808448242661 0.436176978218 0.0742187830148 0.173270733108 0.263652170909
0.0166130042394 0.02855290161 0.168226575232 0.177208714167 0.053770844006 0.27863981124 0.404869381159 0.42154278062
0.0688594029098 0.042253482719 0.423923754398 0.265653515223 0.0220205684778 0.337281411538 0.176835215838 0.261648998904
0.00852632491349 0.00634991090699 0.00927284584056 0.0139348846606 0.0584352884378 0.0618725786257 0.202584950998 0.33037071441
0.0078694134372 0.00262467146352 0.0188905692038 0.00481869053561 0.102579080324 0.208861964652 0.551942577254 0.0121748009774
0.555950805636 0.315732464759 0.245140222832 0.195186968473 0.396419799458 0.324898932664 0.158340532113 0.206866531408
0.000282399188555 0.000329968453325 0.00148006578544 0.00295772573495 0.00108031260156 0.005994916882 0.0100403041298 0.130494795406
0.0480842341067 0.0318860347438 0.17550031059 0.187616345742 0.215335700971 0.244855029142 0.299787859866 0.166479741246
0.0723017675231 0.0341387446223 0.0237839540142 0.127849906808 0.428209214092 0.0439729329367 0.394007843868 0.518391248942
0.00479418284366 0.00552115084817 0.00254257888536 0.00988299794702 0.0808365175798 0.133258932762 0.318417316216 0.54414735629
0.000204495818388 4.06198512272e-05 0.000108091286282 0.000184288047392 0.00019995058088 2.53571864008e-05 9.34871826684e-05 0.279919490608
0.040312731835 0.0129879797108 0.0705918021253 0.0651265377475 0.169671728359 0.0842725410896 0.19569422702 0.166580973252
0.00315632893867 0.000546283330383 0.00971372235915 0.0138272604098 0.00247886308279 0.0659712706847 0.125135587717 0.0504006178124
0.000514804731189 0.000148810123725 0.0564278881305 0.0421667740568 0.267436973685 0.352557560051 0.0958159876992 0.0562756110313
0.010594390384 0.00544566845799 0.00292494085124 0.00182350181471 0.0513412521769 0.343848637726 0.04967525683 0.513234132358
0.047726069399 0.0186808589292 0.0951037738745 0.0399061268465 0.15395394579 0.400152519531 0.0796163447871 0.195489819851
0.00135811001896 0.000540771954428 0.0350611847164 0.140200620006 0.613139917347 0.256159264899 0.0221339068924 0.19326314015
0.000648305224504 0.000757829734521 0.000185225432864 0.0404153613767 0.0567824374592 0.214338839819 0.00691077962585 0.508501792448
0.0294577853712 0.146554757502 0.617904210192 0.208695298965 0.801723853813 0.0685072679748 0.421521874452 0.194923703382
0.467608326645 0.147589251427 0.0564836535357 0.268890184917 0.0703366032591 0.21064524057 0.327976737881 0.0314753009023
0.00981945204323 0.0855120302335 0.043116405367 0.0689263950027 0.986526243225 0.057037709663 0.281198316928 0.399101865245
0.00801700644677 0.00648456543563 0.00507691927576 0.0119892261399 0.245596687272 0.112931859613 0.170235746491 0.643733607193
0.0248162370182 0.0376288678148 0.0742119905014 0.00230767109179 0.247932237735 0.116843799594 0.156429126338 0.856535474275
0.0190384421995 0.0168301564207 0.0399996336179 0.0379322549282 0.0458173086671 0.0740593365867 0.324567230977 0.418775597845
0.0146650038417 0.0137186035698 0.0155576504261 0.0227507224113 0.0225632615275 0.0374206891614 0.0571852725561 0.448449906716
0.000144092226984 0.000260680240564 0.0160734972734 0.0925034562628 0.178430890863 0.00111520427883 0.163275769596 0.501744142571
0.000725658604015 0.00359041666795 0.00163752568506 0.0143106660865 0.0164961424714 0.0522278056767 0.0129373432517 0.42205976399
0.0183934997543 0.0204194925977 0.0611975235108 0.76324144537 0.257924665107 0.51749346251 0.095108905295 0.386013785087
0.000810136385129 0.151558781103 0.0402517913705 0.169150310868 0.00805634953595 0.226205666788 0.054855881909 0.594619499099
0.000810136385129 0.151558781103 0.0402517913705 0.169150310868 0.00805634953595 0.226205666788 0.054855881909 0.594619499099
0.000810136385129 0.151558781103 0.0402517913705 0.169150310868 0.00805634953595 0.226205666788 0.054855881909 0.594619499099
0.000810136385129 0.151558781103 0.0402517913705 0.169150310868 0.00805634953595 0.226205666788 0.054855881909 0.594619499099
0.000810136385129 0.151558781103 0.0402517913705 0.169150310868 0.00805634953595 0.226205666788 0.054855881909 0.594619499099
0.000810136385129 0.151558781103 0.0402517913705 0.169150310868 0.00805634953595 0.226205666788 0.054855881909 0.594619499099
0.000810136385129 0.151558781103 0.0402517913705 0.169150310868 0.00805634953595 0.226205666788 0.054855881909 0.594619499099
0.000810136385129 0.151558781103 0.0402517913705 0.169150310868 0.00805634953595 0.226205666788 0.054855881909 0.594619499099
0.000810136385129 0.151558781103 0.0402517913705 0.169150310868 0.00805634953595 0.226205666788 0.054855881909 0.594619499099
0.000810136385129 0.151558781103 0.0402517913705 0.169150310868 0.00805634953595 0.226205666788 0.054855881909 0.594619499099
0.000810136385129 0.151558781103 0.0402517913705 0.169150310868 0.00805634953595 0.226205666788 0.054855881909 0.594619499099
0.000810136385129 0.151558781103 0.0402517913705 0.169150310868 0.00805634953595 0.226205666788 0.054855881909 0.594619499099
0.000810136385129 0.151558781103 0.0402517913705 0.169150310868 0.00805634953595 0.226205666788 0.054855881909 0.594619499099
0.000810136385129 0.151558781103 0.0402517913705 0.169150310868 0.00805634953595 0.226205666788 0.054855881909 0.594619499099
0.000637558666266 0.119289423132 0.100398735102 0.169150310868 0.00805634953595 0.226205666788 0.054855881909 0.594619499099
0.000810136385129 0.151558781103 0.0402517913705 0.169150310868 0.00805634953595 0.226205666788 0.054855881909 0.594619499099
0.000810136385129 0.151558781103 0.0402517913705 0.169150310868 0.00805634953595 0.226205666788 0.054855881909 0.594619499099
0.000810136385129 0.151558781103 0.0402517913705 0.169150310868 0.00805634953595 0.226205666788 0.054855881909 0.594619499099
0.000810136385129 0.151558781103 0.0402517913705 0.169150310868 0.00805634953595 0.226205666788 0.054855881909 0.594619499099
0.000810136385129 0.151558781103 0.0402517913705 0.169150310868 0.00805634953595 0.226205666788 0.054855881909 0.594619499099
0.000810136385129 0.151558781103 0.0402517913705 0.169150310868 0.00805634953595 0.226205666788 0.054855881909 0.594619499099
0.000810136385129 0.151558781103 0.0402517913705 0.169150310868 0.00805634953595 0.226205666788 0.054855881909 0.594619499099
0.000810136385129 0.151558781103 0.0402517913705 0.169150310868 0.00805634953595 0.226205666788 0.054855881909 0.594619499099
0.000810136385129 0.151558781103 0.0402517913705 0.169150310868 0.00805634953595 0.226205666788 0.054855881909 0.594619499099
0.000810136385129 0.151558781103 0.0402517913705 0.169150310868 0.00805634953595 0.226205666788 0.054855881909 0.594619499099
0.000810136385129 0.151558781103 0.0402517913705 0.169150310868 0.00805634953595 0.226205666788 0.054855881909 0.594619499099
0.000810136385129 0.151558781103 0.0402517913705 0.169150310868 0.00805634953595 0.226205666788 0.054855881909 0.594619499099
0.000810136385129 0.151558781103 0.0402517913705 0.169150310868 0.00805634953595 0.226205666788 0.054855881909 0.594619499099
0.000810136385129 0.151558781103 0.0402517913705 0.169150310868 0.00805634953595 0.226205666788 0.054855881909 0.594619499099
0.000810136385129 0.151558781103 0.0402517913705 0.169150310868 0.00805634953595 0.226205666788 0.054855881909 0.594619499099
0.000810136385129 0.151558781103 0.0402517913705 0.169150310868 0.00805634953595 0.226205666788 0.054855881909 0.594619499099
0.000810136385129 0.151558781103 0.0402517913705 0.169150310868 0.00805634953595 0.226205666788 0.054855881909 0.594619499099
0.000810136385129 0.151558781103 0.0402517913705 0.169150310868 0.00805634953595 0.226205666788 0.054855881909 0.594619499099
0.000916313903944 0.19135780349 0.0507650126694 0.213579818666 0.0100853602621 0.285686366174 0.0691807656888 0.751055301733
0.000810136385129 0.151558781103 0.0402517913705 0.169150310868 0.00805634953595 0.226205666788 0.054855881909 0.594619499099
0.000810136385129 0.151558781103 0.0402517913705 0.169150310868 0.00805634953595 0.226205666788 0.054855881909 0.594619499099
0.000810136385129 0.151558781103 0.0402517913705 0.169150310868 0.00805634953595 0.226205666788 0.054855881909 0.594619499099
0.000810136385129 0.151558781103 0.0402517913705 0.169150310868 0.00805634953595 0.226205666788 0.054855881909 0.594619499099
0.000810136385129 0.151558781103 0.0402517913705 0.169150310868 0.00805634953595 0.226205666788 0.054855881909 0.594619499099
0.000810136385129 0.151558781103 0.0402517913705 0.169150310868 0.00805634953595 0.226205666788 0.054855881909 0.594619499099
0.000810136385129 0.151558781103 0.0402517913705 0.169150310868 0.00805634953595 0.226205666788 0.054855881909 0.594619499099
0.000810136385129 0.151558781103 0.0402517913705 0.169150310868 0.00805634953595 0.226205666788 0.054855881909 0.594619499099
0.000810136385129 0.151558781103 0.0402517913705 0.169150310868 0.00805634953595 0.226205666788 0.054855881909 0.594619499099
0.000810136385129 0.151558781103 0.0402517913705 0.169150310868 0.00805634953595 0.226205666788 0.054855881909 0.594619499099
0.000810136385129 0.151558781103 0.0402517913705 0.169150310868 0.00805634953595 0.226205666788 0.054855881909 0.594619499099
0.000810136385129 0.151558781103 0.0402517913705 0.169150310868 0.00805634953595 0.226205666788 0.054855881909 0.594619499099
0.000810136385129 0.151558781103 0.0402517913705 0.169150310868 0.00805634953595 0.226205666788 0.054855881909 0.594619499099
0.000810136385129 0.151558781103 0.0402517913705 0.169150310868 0.00805634953595 0.226205666788 0.054855881909 0.594619499099
0.000810136385129 0.151558781103 0.0402517913705 0.169150310868 0.00805634953595 0.226205666788 0.054855881909 0.594619499099
0.000810136385129 0.151558781103 0.0402517913705 0.169150310868 0.00805634953595 0.226205666788 0.054855881909 0.594619499099
0.000810136385129 0.151558781103 0.0402517913705 0.169150310868 0.00805634953595 0.226205666788 0.054855881909 0.594619499099
0.000810136385129 0.151558781103 0.0402517913705 0.169150310868 0.00805634953595 0.226205666788 0.054855881909 0.594619499099
0.000810136385129 0.151558781103 0.0402517913705 0.169150310868 0.00805634953595 0.226205666788 0.054855881909 0.594619499099
0.000810136385129 0.151558781103 0.0402517913705 0.169150310868 0.00805634953595 0.226205666788 0.054855881909 0.594619499099
0.000810136385129 0.151558781103 0.0402517913705 0.169150310868 0.00805634953595 0.226205666788 0.054855881909 0.594619499099
0.000810136385129 0.151558781103 0.0402517913705 0.169150310868 0.00805634953595 0.226205666788 0.054855881909 0.594619499099
0.000810136385129 0.151558781103 0.0402517913705 0.169150310868 0.00805634953595 0.226205666788 0.054855881909 0.594619499099
0.000810136385129 0.151558781103 0.0402517913705 0.169150310868 0.00805634953595 0.226205666788 0.054855881909 0.594619499099
0.000810136385129 0.151558781103 0.0402517913705 0.169150310868 0.00805634953595 0.226205666788 0.054855881909 0.594619499099
0.000810136385129 0.151558781103 0.0402517913705 0.169150310868 0.00805634953595 0.226205666788 0.054855881909 0.594619499099
0.000810136385129 0.151558781103 0.0402517913705 0.169150310868 0.00805634953595 0.226205666788 0.054855881909 0.594619499099
0.000810136385129 0.151558781103 0.0402517913705 0.169150310868 0.00805634953595 0.226205666788 0.054855881909 0.594619499099
0.000810136385129 0.151558781103 0.0402517913705 0.169150310868 0.00805634953595 0.226205666788 0.054855881909 0.594619499099
0.000810136385129 0.151558781103 0.0402517913705 0.169150310868 0.00805634953595 0.226205666788 0.054855881909 0.594619499099
0.000810136385129 0.151558781103 0.0402517913705 0.169150310868 0.00805634953595 0.226205666788 0.054855881909 0.594619499099
0.000810136385129 0.151558781103 0.0402517913705 0.169150310868 0.00805634953595 0.226205666788 0.054855881909 0.594619499099
0.000810136385129 0.151558781103 0.0402517913705 0.169150310868 0.00805634953595 0.226205666788 0.054855881909 0.594619499099
0.000810136385129 0.151558781103 0.0402517913705 0.169150310868 0.00805634953595 0.226205666788 0.054855881909 0.594619499099
0.000810136385129 0.151558781103 0.0402517913705 0.169150310868 0.00805634953595 0.226205666788 0.054855881909 0.594619499099
0.000810136385129 0.151558781103 0.0402517913705 0.169150310868 0.00805634953595 0.226205666788 0.054855881909 0.594619499099
0.000810136385129 0.151558781103 0.0402517913705 0.169150310868 0.00805634953595 0.226205666788 0.054855881909 0.594619499099
0.000810136385129 0.151558781103 0.0402517913705 0.169150310868 0.00805634953595 0.226205666788 0.054855881909 0.594619499099
0.000810136385129 0.151558781103 0.0402517913705 0.169150310868 0.00805634953595 0.226205666788 0.054855881909 0.594619499099
0.000648000723654 0.0907522314164 0.0241893714118 0.101269295188 0.00495643321151 0.135329096054 0.032969853995 0.355611970562
0.000810136385129 0.151558781103 0.0402517913705 0.169150310868 0.00805634953595 0.226205666788 0.054855881909 0.594619499099
0.000810136385129 0.151558781103 0.0402517913705 0.169150310868 0.00805634953595 0.226205666788 0.054855881909 0.594619499099
0.000810136385129 0.151558781103 0.0402517913705 0.169150310868 0.00805634953595 0.226205666788 0.054855881909 0.594619499099
0.000810136385129 0.151558781103 0.0402517913705 0.169150310868 0.00805634953595 0.226205666788 0.054855881909 0.594619499099
0.000810136385129 0.151558781103 0.0402517913705 0.169150310868 0.00805634953595 0.226205666788 0.054855881909 0.594619499099
0.000810136385129 0.151558781103 0.0402517913705 0.169150310868 0.00805634953595 0.226205666788 0.054855881909 0.594619499099
0.000810136385129 0.151558781103 0.0402517913705 0.169150310868 0.00805634953595 0.226205666788 0.054855881909 0.594619499099
0.000810136385129 0.151558781103 0.0402517913705 0.169150310868 0.00805634953595 0.226205666788 0.054855881909 0.594619499099
0.000810136385129 0.151558781103 0.0402517913705 0.169150310868 0.00805634953595 0.226205666788 0.054855881909 0.594619499099
0.000810136385129 0.151558781103 0.0402517913705 0.169150310868 0.00805634953595 0.226205666788 0.054855881909 0.594619499099
0.000810136385129 0.151558781103 0.0402517913705 0.169150310868 0.00805634953595 0.226205666788 0.054855881909 0.594619499099
0.000810136385129 0.151558781103 0.0402517913705 0.169150310868 0.00805634953595 0.226205666788 0.054855881909 0.594619499099
0.000810136385129 0.151558781103 0.0402517913705 0.169150310868 0.00805634953595 0.226205666788 0.054855881909 0.594619499099
0.000810136385129 0.151558781103 0.0402517913705 0.169150310868 0.00805634953595 0.226205666788 0.054855881909 0.594619499099
0.000811719929618 0.152152422674 0.0404086061743 0.169813020285 0.00808661402695 0.22709287894 0.0550695514008 0.59695288983
0.000810136385129 0.151558781103 0.0402517913705 0.169150310868 0.00805634953595 0.226205666788 0.054855881909 0.594619499099
0.000810136385129 0.151558781103 0.0402517913705 0.169150310868 0.00805634953595 0.226205666788 0.054855881909 0.594619499099
0.000810136385129 0.151558781103 0.0402517913705 0.169150310868 0.00805634953595 0.226205666788 0.054855881909 0.594619499099
0.000810136385129 0.151558781103 0.0402517913705 0.169150310868 0.00805634953595 0.226205666788 0.054855881909 0.594619499099
0.000810136385129 0.151558781103 0.0402517913705 0.169150310868 0.00805634953595 0.226205666788 0.054855881909 0.594619499099
0.000810136385129 0.151558781103 0.0402517913705 0.169150310868 0.00805634953595 0.226205666788 0.054855881909 0.594619499099
0.000810136385129 0.151558781103 0.0402517913705 0.169150310868 0.00805634953595 0.226205666788 0.054855881909 0.594619499099
0.000810136385129 0.151558781103 0.0402517913705 0.169150310868 0.00805634953595 0.226205666788 0.054855881909 0.594619499099
0.000810136385129 0.151558781103 0.0402517913705 0.169150310868 0.00805634953595 0.226205666788 0.054855881909 0.594619499099
0.000810136385129 0.151558781103 0.0402517913705 0.169150310868 0.00805634953595 0.226205666788 0.054855881909 0.594619499099
0.000810136385129 0.151558781103 0.0402517913705 0.169150310868 0.00805634953595 0.226205666788 0.054855881909 0.594619499099
0.000810136385129 0.151558781103 0.0402517913705 0.169150310868 0.00805634953595 0.226205666788 0.054855881909 0.594619499099
0.000810136385129 0.151558781103 0.0402517913705 0.169150310868 0.00805634953595 0.226205666788 0.054855881909 0.594619499099
0.00148169328315 0.27712950995 0.0736016031591 0.3092961141 0.0147316846119 0.413629274082 0.100327417604 0.466511766415
0.000810136385129 0.151558781103 0.0402517913705 0.169150310868 0.00805634953595 0.226205666788 0.054855881909 0.594619499099
0.000810136385129 0.151558781103 0.0402517913705 0.169150310868 0.00805634953595 0.226205666788 0.054855881909 0.594619499099
0.000810136385129 0.151558781103 0.0402517913705 0.169150310868 0.00805634953595 0.226205666788 0.054855881909 0.594619499099
0.000810136385129 0.151558781103 0.0402517913705 0.169150310868 0.00805634953595 0.226205666788 0.054855881909 0.594619499099
0.000810136385129 0.151558781103 0.0402517913705 0.169150310868 0.00805634953595 0.226205666788 0.054855881909 0.594619499099
0.000713994335077 0.115509965268 0.0307292525148 0.128907395647 0.00621856059691 0.172329904719 0.0418808494329 0.452924913501
0.000810136385129 0.151558781103 0.0402517913705 0.169150310868 0.00805634953595 0.226205666788 0.054855881909 0.594619499099
7.41805023896e-05 0.0139464404861 0.00370389759386 0.0155652183272 0.17172595308 0.226205666788 0.054855881909 0.594619499099
0.000810136385129 0.151558781103 0.0402517913705 0.169150310868 0.00805634953595 0.226205666788 0.054855881909 0.594619499099
0.000810136385129 0.151558781103 0.0402517913705 0.169150310868 0.00805634953595 0.226205666788 0.054855881909 0.594619499099
0.000810136385129 0.151558781103 0.0402517913705 0.169150310868 0.00805634953595 0.226205666788 0.054855881909 0.594619499099
0.000810136385129 0.151558781103 0.0402517913705 0.169150310868 0.00805634953595 0.226205666788 0.054855881909 0.594619499099
0.000810136385129 0.151558781103 0.0402517913705 0.169150310868 0.00805634953595 0.226205666788 0.054855881909 0.594619499099
0.000810136385129 0.151558781103 0.0402517913705 0.169150310868 0.00805634953595 0.226205666788 0.054855881909 0.594619499099
0.000810136385129 0.151558781103 0.0402517913705 0.169150310868 0.00805634953595 0.226205666788 0.054855881909 0.594619499099
0.000810136385129 0.151558781103 0.0402517913705 0.169150310868 0.00805634953595 0.226205666788 0.054855881909 0.594619499099
0.000810136385129 0.151558781103 0.0402517913705 0.169150310868 0.00805634953595 0.226205666788 0.054855881909 0.594619499099
0.000810136385129 0.151558781103 0.0402517913705 0.169150310868 0.00805634953595 0.226205666788 0.054855881909 0.594619499099
0.000810136385129 0.151558781103 0.0402517913705 0.169150310868 0.00805634953595 0.226205666788 0.054855881909 0.594619499099
0.000810136385129 0.151558781103 0.0402517913705 0.169150310868 0.00805634953595 0.226205666788 0.054855881909 0.594619499099
0.000810136385129 0.151558781103 0.0402517913705 0.169150310868 0.00805634953595 0.226205666788 0.054855881909 0.594619499099
0.000810136385129 0.151558781103 0.0402517913705 0.169150310868 0.00805634953595 0.226205666788 0.054855881909 0.594619499099
0.000810136385129 0.151558781103 0.0402517913705 0.169150310868 0.00805634953595 0.226205666788 0.054855881909 0.594619499099
0.000377453086248 0.070653712061 0.137918734187 0.169150310868 0.00805634953595 0.226205666788 0.054855881909 0.594619499099
0.000810136385129 0.151558781103 0.0402517913705 0.169150310868 0.00805634953595 0.226205666788 0.054855881909 0.594619499099
0.000810136385129 0.151558781103 0.0402517913705 0.169150310868 0.00805634953595 0.226205666788 0.054855881909 0.594619499099
0.000810136385129 0.151558781103 0.0402517913705 0.169150310868 0.00805634953595 0.226205666788 0.054855881909 0.594619499099
0.000810136385129 0.151558781103 0.0402517913705 0.169150310868 0.00805634953595 0.226205666788 0.054855881909 0.594619499099
0.125344404269 0.118384264226 0.0402517913705 0.169150310868 0.00805634953595 0.226205666788 0.054855881909 0.594619499099
0.000810136385129 0.151558781103 0.0402517913705 0.169150310868 0.00805634953595 0.226205666788 0.054855881909 0.594619499099
0.000810136385129 0.151558781103 0.0402517913705 0.169150310868 0.00805634953595 0.226205666788 0.054855881909 0.594619499099
0.000810136385129 0.151558781103 0.0402517913705 0.169150310868 0.00805634953595 0.226205666788 0.054855881909 0.594619499099
0.000810136385129 0.151558781103 0.0402517913705 0.169150310868 0.00805634953595 0.226205666788 0.054855881909 0.594619499099
0.000810136385129 0.151558781103 0.0402517913705 0.169150310868 0.00805634953595 0.226205666788 0.054855881909 0.594619499099
0.000810136385129 0.151558781103 0.0402517913705 0.169150310868 0.00805634953595 0.226205666788 0.054855881909 0.594619499099
0.000810136385129 0.151558781103 0.0402517913705 0.169150310868 0.00805634953595 0.226205666788 0.054855881909 0.594619499099
0.000810136385129 0.151558781103 0.0402517913705 0.169150310868 0.00805634953595 0.226205666788 0.054855881909 0.594619499099
0.00115327103781 0.215719641571 0.0572920095841 0.101312560448 0.00805634953595 0.226205666788 0.054855881909 0.594619499099
0.000810136385129 0.151558781103 0.0402517913705 0.169150310868 0.00805634953595 0.226205666788 0.054855881909 0.594619499099
0.000810136385129 0.151558781103 0.0402517913705 0.169150310868 0.00805634953595 0.226205666788 0.054855881909 0.594619499099
0.000810136385129 0.151558781103 0.0402517913705 0.169150310868 0.00805634953595 0.226205666788 0.054855881909 0.594619499099
0.000810136385129 0.151558781103 0.0402517913705 0.169150310868 0.00805634953595 0.226205666788 0.054855881909 0.594619499099
0.000810136385129 0.151558781103 0.0402517913705 0.169150310868 0.00805634953595 0.226205666788 0.054855881909 0.594619499099
0.000810136385129 0.151558781103 0.0402517913705 0.169150310868 0.00805634953595 0.226205666788 0.054855881909 0.594619499099
0.000810136385129 0.151558781103 0.0402517913705 0.169150310868 0.00805634953595 0.226205666788 0.054855881909 0.594619499099
0.000810136385129 0.151558781103 0.0402517913705 0.169150310868 0.00805634953595 0.226205666788 0.054855881909 0.594619499099
0.000810136385129 0.151558781103 0.0402517913705 0.169150310868 0.00805634953595 0.226205666788 0.054855881909 0.594619499099
0.000810136385129 0.151558781103 0.0402517913705 0.169150310868 0.00805634953595 0.226205666788 0.054855881909 0.594619499099
0.000810136385129 0.151558781103 0.0402517913705 0.169150310868 0.00805634953595 0.226205666788 0.054855881909 0.594619499099
0.000810136385129 0.151558781103 0.0402517913705 0.169150310868 0.00805634953595 0.226205666788 0.054855881909 0.594619499099
0.000810136385129 0.151558781103 0.0402517913705 0.169150310868 0.00805634953595 0.226205666788 0.054855881909 0.594619499099
0.000810136385129 0.151558781103 0.0402517913705 0.169150310868 0.00805634953595 0.226205666788 0.054855881909 0.594619499099
0.000810136385129 0.151558781103 0.0402517913705 0.169150310868 0.00805634953595 0.226205666788 0.054855881909 0.594619499099
0.000657291605612 0.122979176872 0.0326614521979 0.137253453791 0.00653705888331 0.183548492068 0.155068868889 0.594619499099
0.000810136385129 0.151558781103 0.0402517913705 0.169150310868 0.00805634953595 0.226205666788 0.054855881909 0.594619499099
0.000810136385129 0.151558781103 0.0402517913705 0.169150310868 0.00805634953595 0.226205666788 0.054855881909 0.594619499099
0.000810136385129 0.151558781103 0.0402517913705 0.169150310868 0.00805634953595 0.226205666788 0.054855881909 0.594619499099
0.000810136385129 0.151558781103 0.0402517913705 0.169150310868 0.00805634953595 0.226205666788 0.054855881909 0.594619499099
0.000810136385129 0.151558781103 0.0402517913705 0.169150310868 0.00805634953595 0.226205666788 0.054855881909 0.594619499099
0.000810136385129 0.151558781103 0.0402517913705 0.169150310868 0.00805634953595 0.226205666788 0.054855881909 0.594619499099
0.000810136385129 0.151558781103 0.0402517913705 0.169150310868 0.00805634953595 0.226205666788 0.054855881909 0.594619499099
0.000810136385129 0.151558781103 0.0402517913705 0.169150310868 0.00805634953595 0.226205666788 0.054855881909 0.594619499099
0.000810136385129 0.151558781103 0.0402517913705 0.169150310868 0.00805634953595 0.226205666788 0.054855881909 0.594619499099
0.000810136385129 0.151558781103 0.0402517913705 0.169150310868 0.00805634953595 0.226205666788 0.054855881909 0.594619499099
0.000810136385129 0.151558781103 0.0402517913705 0.169150310868 0.00805634953595 0.226205666788 0.054855881909 0.594619499099
0.000743499119287 0.126574635582 0.0336520545862 0.141259375544 0.0067826389998 0.188866278632 0.0458633450315 0.496415972604
0.000810136385129 0.151558781103 0.0402517913705 0.169150310868 0.00805634953595 0.226205666788 0.054855881909 0.594619499099
0.000810136385129 0.151558781103 0.0402517913705 0.169150310868 0.00805634953595 0.226205666788 0.054855881909 0.594619499099
0.000810136385129 0.151558781103 0.0402517913705 0.169150310868 0.00805634953595 0.226205666788 0.054855881909 0.594619499099
0.000810136385129 0.151558781103 0.0402517913705 0.169150310868 0.00805634953595 0.226205666788 0.054855881909 0.594619499099
0.000810136385129 0.151558781103 0.0402517913705 0.169150310868 0.00805634953595 0.226205666788 0.054855881909 0.594619499099
0.000810136385129 0.151558781103 0.0402517913705 0.169150310868 0.00805634953595 0.226205666788 0.054855881909 0.594619499099
0.000810136385129 0.151558781103 0.0402517913705 0.169150310868 0.00805634953595 0.226205666788 0.054855881909 0.594619499099
0.000810136385129 0.151558781103 0.0402517913705 0.169150310868 0.00805634953595 0.226205666788 0.054855881909 0.594619499099
0.000810136385129 0.151558781103 0.0402517913705 0.169150310868 0.00805634953595 0.226205666788 0.054855881909 0.594619499099
0.000810136385129 0.151558781103 0.0402517913705 0.169150310868 0.00805634953595 0.226205666788 0.054855881909 0.594619499099
0.000810136385129 0.151558781103 0.0402517913705 0.169150310868 0.00805634953595 0.226205666788 0.054855881909 0.594619499099
0.000810136385129 0.151558781103 0.0402517913705 0.169150310868 0.00805634953595 0.226205666788 0.054855881909 0.594619499099
0.000810136385129 0.151558781103 0.0402517913705 0.169150310868 0.00805634953595 0.226205666788 0.054855881909 0.594619499099
0.000903898233497 0.169090793167 0.0449080461201 0.188717274726 0.00898835061737 0.252373492476 0.0612045550406 0.582558170489
0.000810136385129 0.151558781103 0.0402517913705 0.169150310868 0.00805634953595 0.226205666788 0.054855881909 0.594619499099
0.000810136385129 0.151558781103 0.0402517913705 0.169150310868 0.00805634953595 0.226205666788 0.054855881909 0.594619499099
0.000810136385129 0.151558781103 0.0402517913705 0.169150310868 0.00805634953595 0.226205666788 0.054855881909 0.594619499099
0.000810136385129 0.151558781103 0.0402517913705 0.169150310868 0.00805634953595 0.226205666788 0.054855881909 0.594619499099
0.000810136385129 0.151558781103 0.0402517913705 0.169150310868 0.00805634953595 0.226205666788 0.054855881909 0.594619499099
0.000810136385129 0.151558781103 0.0402517913705 0.169150310868 0.00805634953595 0.226205666788 0.054855881909 0.594619499099
0.000810136385129 0.151558781103 0.0402517913705 0.169150310868 0.00805634953595 0.226205666788 0.054855881909 0.594619499099
0.000810136385129 0.151558781103 0.0402517913705 0.169150310868 0.00805634953595 0.226205666788 0.054855881909 0.594619499099
0.000810136385129 0.151558781103 0.0402517913705 0.169150310868 0.00805634953595 0.226205666788 0.054855881909 0.594619499099
0.00142042854358 0.265673953431 0.0705591691669 0.296510903847 0.0141227076715 0.396531008059 0.096179143942 0.483045852793
0.000810136385129 0.151558781103 0.0402517913705 0.169150310868 0.00805634953595 0.226205666788 0.054855881909 0.594619499099
0.000810136385129 0.151558781103 0.0402517913705 0.169150310868 0.00805634953595 0.226205666788 0.054855881909 0.594619499099
0.000810136385129 0.151558781103 0.0402517913705 0.169150310868 0.00805634953595 0.226205666788 0.054855881909 0.594619499099
0.000810136385129 0.151558781103 0.0402517913705 0.169150310868 0.00805634953595 0.226205666788 0.054855881909 0.594619499099
0.000810136385129 0.151558781103 0.0402517913705 0.169150310868 0.00805634953595 0.226205666788 0.054855881909 0.594619499099
0.000810136385129 0.151558781103 0.0402517913705 0.169150310868 0.00805634953595 0.226205666788 0.054855881909 0.594619499099
0.000810136385129 0.151558781103 0.0402517913705 0.169150310868 0.00805634953595 0.226205666788 0.054855881909 0.594619499099
0.000810136385129 0.151558781103 0.0402517913705 0.169150310868 0.00805634953595 0.226205666788 0.054855881909 0.594619499099
0.000810136385129 0.151558781103 0.0402517913705 0.169150310868 0.00805634953595 0.226205666788 0.054855881909 0.594619499099
0.000810136385129 0.151558781103 0.0402517913705 0.169150310868 0.00805634953595 0.226205666788 0.054855881909 0.594619499099
0.000810136385129 0.151558781103 0.0402517913705 0.169150310868 0.00805634953595 0.226205666788 0.054855881909 0.594619499099
0.000810136385129 0.151558781103 0.0402517913705 0.169150310868 0.00805634953595 0.226205666788 0.054855881909 0.594619499099
0.000810136385129 0.151558781103 0.0402517913705 0.169150310868 0.00805634953595 0.226205666788 0.054855881909 0.594619499099
0.000810136385129 0.151558781103 0.0402517913705 0.169150310868 0.00805634953595 0.226205666788 0.054855881909 0.594619499099
0.000810136385129 0.151558781103 0.0402517913705 0.169150310868 0.00805634953595 0.226205666788 0.054855881909 0.594619499099
0.000819938790411 0.153391678925 0.0407385831408 0.171195954306 0.00815378631308 0.225181518392 0.054855881909 0.594619499099
0.000810136385129 0.151558781103 0.0402517913705 0.169150310868 0.00805634953595 0.226205666788 0.054855881909 0.594619499099
0.000810136385129 0.151558781103 0.0402517913705 0.169150310868 0.00805634953595 0.226205666788 0.054855881909 0.594619499099
0.000810136385129 0.151558781103 0.0402517913705 0.169150310868 0.00805634953595 0.226205666788 0.054855881909 0.594619499099
0.000810136385129 0.151558781103 0.0402517913705 0.169150310868 0.00805634953595 0.226205666788 0.054855881909 0.594619499099
0.000810136385129 0.151558781103 0.0402517913705 0.169150310868 0.00805634953595 0.226205666788 0.054855881909 0.594619499099
0.000810136385129 0.151558781103 0.0402517913705 0.169150310868 0.00805634953595 0.226205666788 0.054855881909 0.594619499099
0.000810136385129 0.151558781103 0.0402517913705 0.169150310868 0.00805634953595 0.226205666788 0.054855881909 0.594619499099
0.000810136385129 0.151558781103 0.0402517913705 0.169150310868 0.00805634953595 0.226205666788 0.054855881909 0.594619499099
0.000810136385129 0.151558781103 0.0402517913705 0.169150310868 0.00805634953595 0.226205666788 0.054855881909 0.594619499099
0.000810136385129 0.151558781103 0.0402517913705 0.169150310868 0.00805634953595 0.226205666788 0.054855881909 0.594619499099
0.000810136385129 0.151558781103 0.0402517913705 0.169150310868 0.00805634953595 0.226205666788 0.054855881909 0.594619499099
0.000810136385129 0.151558781103 0.0402517913705 0.169150310868 0.00805634953595 0.226205666788 0.054855881909 0.594619499099
0.000810136385129 0.151558781103 0.0402517913705 0.169150310868 0.00805634953595 0.226205666788 0.054855881909 0.594619499099
0.000810136385129 0.151558781103 0.0402517913705 0.169150310868 0.00805634953595 0.226205666788 0.054855881909 0.594619499099
0.000810136385129 0.151558781103 0.0402517913705 0.169150310868 0.00805634953595 0.226205666788 0.054855881909 0.594619499099
0.000810136385129 0.151558781103 0.0402517913705 0.169150310868 0.00805634953595 0.226205666788 0.054855881909 0.594619499099
0.00201532215455 0.376909836103 0.100101848303 0.420658006189 0.0200360028808 0.562558796402 0.136459760738 0.23011259587
0.000810136385129 0.151558781103 0.0402517913705 0.169150310868 0.00805634953595 0.226205666788 0.054855881909 0.594619499099
0.000810136385129 0.151558781103 0.0402517913705 0.169150310868 0.00805634953595 0.226205666788 0.054855881909 0.594619499099
0.000810136385129 0.151558781103 0.0402517913705 0.169150310868 0.00805634953595 0.226205666788 0.054855881909 0.594619499099
0.000810136385129 0.151558781103 0.0402517913705 0.169150310868 0.00805634953595 0.226205666788 0.054855881909 0.594619499099
0.000810136385129 0.151558781103 0.0402517913705 0.169150310868 0.00805634953595 0.226205666788 0.054855881909 0.594619499099
0.000810136385129 0.151558781103 0.0402517913705 0.169150310868 0.00805634953595 0.226205666788 0.054855881909 0.594619499099
0.123019910109 0.119766079041 0.0402517913705 0.169150310868 0.00805634953595 0.226205666788 0.054855881909 0.594619499099
0.000810136385129 0.151558781103 0.0402517913705 0.169150310868 0.00805634953595 0.226205666788 0.054855881909 0.594619499099
0.000810136385129 0.151558781103 0.0402517913705 0.169150310868 0.00805634953595 0.226205666788 0.054855881909 0.594619499099
0.000810136385129 0.151558781103 0.0402517913705 0.169150310868 0.00805634953595 0.226205666788 0.054855881909 0.594619499099
0.000810136385129 0.151558781103 0.0402517913705 0.169150310868 0.00805634953595 0.226205666788 0.054855881909 0.594619499099
0.000810136385129 0.151558781103 0.0402517913705 0.169150310868 0.00805634953595 0.226205666788 0.054855881909 0.594619499099
0.000810136385129 0.151558781103 0.0402517913705 0.169150310868 0.00805634953595 0.226205666788 0.054855881909 0.594619499099
0.000810136385129 0.151558781103 0.0402517913705 0.169150310868 0.00805634953595 0.226205666788 0.054855881909 0.594619499099
0.000810136385129 0.151558781103 0.0402517913705 0.169150310868 0.00805634953595 0.226205666788 0.054855881909 0.594619499099
0.000810136385129 0.151558781103 0.0402517913705 0.169150310868 0.00805634953595 0.226205666788 0.054855881909 0.594619499099
0.000810136385129 0.151558781103 0.0402517913705 0.169150310868 0.00805634953595 0.226205666788 0.054855881909 0.594619499099
0.000810136385129 0.151558781103 0.0402517913705 0.169150310868 0.00805634953595 0.226205666788 0.054855881909 0.594619499099
0.000810136385129 0.151558781103 0.0402517913705 0.169150310868 0.00805634953595 0.226205666788 0.054855881909 0.594619499099
0.000810136385129 0.151558781103 0.0402517913705 0.169150310868 0.00805634953595 0.226205666788 0.054855881909 0.594619499099
0.000810136385129 0.151558781103 0.0402517913705 0.169150310868 0.00805634953595 0.226205666788 0.054855881909 0.594619499099
0.000810136385129 0.151558781103 0.0402517913705 0.169150310868 0.00805634953595 0.226205666788 0.054855881909 0.594619499099
0.000810136385129 0.151558781103 0.0402517913705 0.169150310868 0.00805634953595 0.226205666788 0.054855881909 0.594619499099
0.000810136385129 0.151558781103 0.0402517913705 0.169150310868 0.00805634953595 0.226205666788 0.054855881909 0.594619499099
0.000810136385129 0.151558781103 0.0402517913705 0.169150310868 0.00805634953595 0.226205666788 0.054855881909 0.594619499099
0.000810136385129 0.151558781103 0.0402517913705 0.169150310868 0.00805634953595 0.226205666788 0.054855881909 0.594619499099
0.000810136385129 0.151558781103 0.0402517913705 0.169150310868 0.00805634953595 0.226205666788 0.054855881909 0.594619499099
0.000810136385129 0.151558781103 0.0402517913705 0.169150310868 0.00805634953595 0.226205666788 0.054855881909 0.594619499099
0.000810136385129 0.151558781103 0.0402517913705 0.169150310868 0.00805634953595 0.226205666788 0.054855881909 0.594619499099
0.000810136385129 0.151558781103 0.0402517913705 0.169150310868 0.00805634953595 0.226205666788 0.054855881909 0.594619499099
0.000810136385129 0.151558781103 0.0402517913705 0.169150310868 0.00805634953595 0.226205666788 0.054855881909 0.594619499099
0.000810136385129 0.151558781103 0.0402517913705 0.169150310868 0.00805634953595 0.226205666788 0.054855881909 0.594619499099
0.000958347613945 0.179271983187 0.0476120263714 0.200080201949 0.00952958228401 0.208772803196 0.054855881909 0.594619499099
0.000810136385129 0.151558781103 0.0402517913705 0.169150310868 0.00805634953595 0.226205666788 0.054855881909 0.594619499099
0.000810136385129 0.151558781103 0.0402517913705 0.169150310868 0.00805634953595 0.226205666788 0.054855881909 0.594619499099
0.000810136385129 0.151558781103 0.0402517913705 0.169150310868 0.00805634953595 0.226205666788 0.054855881909 0.594619499099
0.000810136385129 0.151558781103 0.0402517913705 0.169150310868 0.00805634953595 0.226205666788 0.054855881909 0.594619499099
0.000810136385129 0.151558781103 0.0402517913705 0.169150310868 0.00805634953595 0.226205666788 0.054855881909 0.594619499099
0.000810136385129 0.151558781103 0.0402517913705 0.169150310868 0.00805634953595 0.226205666788 0.054855881909 0.594619499099
0.000810136385129 0.151558781103 0.0402517913705 0.169150310868 0.00805634953595 0.226205666788 0.054855881909 0.594619499099
0.000810136385129 0.151558781103 0.0402517913705 0.169150310868 0.00805634953595 0.226205666788 0.054855881909 0.594619499099
0.000810136385129 0.151558781103 0.0402517913705 0.169150310868 0.00805634953595 0.226205666788 0.054855881909 0.594619499099
0.000810136385129 0.151558781103 0.0402517913705 0.169150310868 0.00805634953595 0.226205666788 0.054855881909 0.594619499099
0.000810136385129 0.151558781103 0.0402517913705 0.169150310868 0.00805634953595 0.226205666788 0.054855881909 0.594619499099
0.000810136385129 0.151558781103 0.0402517913705 0.169150310868 0.00805634953595 0.226205666788 0.054855881909 0.594619499099
0.000810136385129 0.151558781103 0.0402517913705 0.169150310868 0.00805634953595 0.226205666788 0.054855881909 0.594619499099
0.000810136385129 0.151558781103 0.0402517913705 0.169150310868 0.00805634953595 0.226205666788 0.054855881909 0.594619499099
0.000810136385129 0.151558781103 0.0402517913705 0.169150310868 0.00805634953595 0.226205666788 0.054855881909 0.594619499099
0.000810136385129 0.151558781103 0.0402517913705 0.169150310868 0.00805634953595 0.226205666788 0.054855881909 0.594619499099
0.000810136385129 0.151558781103 0.0402517913705 0.169150310868 0.00805634953595 0.226205666788 0.054855881909 0.594619499099
0.000810136385129 0.151558781103 0.0402517913705 0.169150310868 0.00805634953595 0.226205666788 0.054855881909 0.594619499099
0.000810136385129 0.151558781103 0.0402517913705 0.169150310868 0.00805634953595 0.226205666788 0.054855881909 0.594619499099
0.000810136385129 0.151558781103 0.0402517913705 0.169150310868 0.00805634953595 0.226205666788 0.054855881909 0.594619499099
0.000810136385129 0.151558781103 0.0402517913705 0.169150310868 0.00805634953595 0.226205666788 0.054855881909 0.594619499099
0.000810136385129 0.151558781103 0.0402517913705 0.169150310868 0.00805634953595 0.226205666788 0.054855881909 0.594619499099
0.000810136385129 0.151558781103 0.0402517913705 0.169150310868 0.00805634953595 0.226205666788 0.054855881909 0.594619499099
0.000810136385129 0.151558781103 0.0402517913705 0.169150310868 0.00805634953595 0.226205666788 0.054855881909 0.594619499099
0.000810136385129 0.151558781103 0.0402517913705 0.169150310868 0.00805634953595 0.226205666788 0.054855881909 0.594619499099
0.000810136385129 0.151558781103 0.0402517913705 0.169150310868 0.00805634953595 0.226205666788 0.054855881909 0.594619499099
0.000810136385129 0.151558781103 0.0402517913705 0.169150310868 0.00805634953595 0.226205666788 0.054855881909 0.594619499099
0.000810136385129 0.151558781103 0.0402517913705 0.169150310868 0.00805634953595 0.226205666788 0.054855881909 0.594619499099
0.000810136385129 0.151558781103 0.0402517913705 0.169150310868 0.00805634953595 0.226205666788 0.054855881909 0.594619499099
0.000810136385129 0.151558781103 0.0402517913705 0.169150310868 0.00805634953595 0.226205666788 0.054855881909 0.594619499099
0.000810136385129 0.151558781103 0.0402517913705 0.169150310868 0.00805634953595 0.226205666788 0.054855881909 0.594619499099
0.000810136385129 0.151558781103 0.0402517913705 0.169150310868 0.00805634953595 0.226205666788 0.054855881909 0.594619499099
0.000810136385129 0.151558781103 0.0402517913705 0.169150310868 0.00805634953595 0.226205666788 0.054855881909 0.594619499099
0.000810136385129 0.151558781103 0.0402517913705 0.169150310868 0.00805634953595 0.226205666788 0.054855881909 0.594619499099
0.000810136385129 0.151558781103 0.0402517913705 0.169150310868 0.00805634953595 0.226205666788 0.054855881909 0.594619499099
0.000810136385129 0.151558781103 0.0402517913705 0.169150310868 0.00805634953595 0.226205666788 0.054855881909 0.594619499099
0.000810136385129 0.151558781103 0.0402517913705 0.169150310868 0.00805634953595 0.226205666788 0.054855881909 0.594619499099
0.000810136385129 0.151558781103 0.0402517913705 0.169150310868 0.00805634953595 0.226205666788 0.054855881909 0.594619499099
0.000810136385129 0.151558781103 0.0402517913705 0.169150310868 0.00805634953595 0.226205666788 0.054855881909 0.594619499099
0.000810136385129 0.151558781103 0.0402517913705 0.169150310868 0.00805634953595 0.226205666788 0.054855881909 0.594619499099
0.000810136385129 0.151558781103 0.0402517913705 0.169150310868 0.00805634953595 0.226205666788 0.054855881909 0.594619499099
0.000810136385129 0.151558781103 0.0402517913705 0.169150310868 0.00805634953595 0.226205666788 0.054855881909 0.594619499099
0.000810136385129 0.151558781103 0.0402517913705 0.169150310868 0.00805634953595 0.226205666788 0.054855881909 0.594619499099
0.000810136385129 0.151558781103 0.0402517913705 0.169150310868 0.00805634953595 0.226205666788 0.054855881909 0.594619499099
0.000810136385129 0.151558781103 0.0402517913705 0.169150310868 0.00805634953595 0.226205666788 0.054855881909 0.594619499099
0.000810136385129 0.151558781103 0.0402517913705 0.169150310868 0.00805634953595 0.226205666788 0.054855881909 0.594619499099
0.000810136385129 0.151558781103 0.0402517913705 0.169150310868 0.00805634953595 0.226205666788 0.054855881909 0.594619499099
0.000810136385129 0.151558781103 0.0402517913705 0.169150310868 0.00805634953595 0.226205666788 0.054855881909 0.594619499099
0.000810136385129 0.151558781103 0.0402517913705 0.169150310868 0.00805634953595 0.226205666788 0.054855881909 0.594619499099
0.000810136385129 0.151558781103 0.0402517913705 0.169150310868 0.00805634953595 0.226205666788 0.054855881909 0.594619499099
0.000810136385129 0.151558781103 0.0402517913705 0.169150310868 0.00805634953595 0.226205666788 0.054855881909 0.594619499099
0.000687008203447 0.128535719973 0.0341371915547 0.183392288436 0.00805634953595 0.226205666788 0.054855881909 0.594619499099
0.000810136385129 0.151558781103 0.0402517913705 0.169150310868 0.00805634953595 0.226205666788 0.054855881909 0.594619499099
0.000810136385129 0.151558781103 0.0402517913705 0.169150310868 0.00805634953595 0.226205666788 0.054855881909 0.594619499099
0.000810136385129 0.151558781103 0.0402517913705 0.169150310868 0.00805634953595 0.226205666788 0.054855881909 0.594619499099
0.000810136385129 0.151558781103 0.0402517913705 0.169150310868 0.00805634953595 0.226205666788 0.054855881909 0.594619499099
0.000810136385129 0.151558781103 0.0402517913705 0.169150310868 0.00805634953595 0.226205666788 0.054855881909 0.594619499099
0.000810136385129 0.151558781103 0.0402517913705 0.169150310868 0.00805634953595 0.226205666788 0.054855881909 0.594619499099
0.000810136385129 0.151558781103 0.0402517913705 0.169150310868 0.00805634953595 0.226205666788 0.054855881909 0.594619499099
0.000810136385129 0.151558781103 0.0402517913705 0.169150310868 0.00805634953595 0.226205666788 0.054855881909 0.594619499099
0.000810136385129 0.151558781103 0.0402517913705 0.169150310868 0.00805634953595 0.226205666788 0.054855881909 0.594619499099
0.000810136385129 0.151558781103 0.0402517913705 0.169150310868 0.00805634953595 0.226205666788 0.054855881909 0.594619499099
0.000810136385129 0.151558781103 0.0402517913705 0.169150310868 0.00805634953595 0.226205666788 0.054855881909 0.594619499099
0.000810136385129 0.151558781103 0.0402517913705 0.169150310868 0.00805634953595 0.226205666788 0.054855881909 0.594619499099
0.000810136385129 0.151558781103 0.0402517913705 0.169150310868 0.00805634953595 0.226205666788 0.054855881909 0.594619499099
0.000810136385129 0.151558781103 0.0402517913705 0.169150310868 0.00805634953595 0.226205666788 0.054855881909 0.594619499099
0.000810136385129 0.151558781103 0.0402517913705 0.169150310868 0.00805634953595 0.226205666788 0.054855881909 0.594619499099
0.000810136385129 0.151558781103 0.0402517913705 0.169150310868 0.00805634953595 0.226205666788 0.054855881909 0.594619499099
0.000810136385129 0.151558781103 0.0402517913705 0.169150310868 0.00805634953595 0.226205666788 0.054855881909 0.594619499099
0.161348388388 0.0901728175935 0.0402517913705 0.169150310868 0.00805634953595 0.226205666788 0.054855881909 0.594619499099
0.000810136385129 0.151558781103 0.0402517913705 0.169150310868 0.00805634953595 0.226205666788 0.054855881909 0.594619499099
0.000810136385129 0.151558781103 0.0402517913705 0.169150310868 0.00805634953595 0.226205666788 0.054855881909 0.594619499099
0.000810136385129 0.151558781103 0.0402517913705 0.169150310868 0.00805634953595 0.226205666788 0.054855881909 0.594619499099
0.000810136385129 0.151558781103 0.0402517913705 0.169150310868 0.00805634953595 0.226205666788 0.054855881909 0.594619499099
0.000810136385129 0.151558781103 0.0402517913705 0.169150310868 0.00805634953595 0.226205666788 0.054855881909 0.594619499099
0.000810136385129 0.151558781103 0.0402517913705 0.169150310868 0.00805634953595 0.226205666788 0.054855881909 0.594619499099
0.000810136385129 0.151558781103 0.0402517913705 0.169150310868 0.00805634953595 0.226205666788 0.054855881909 0.594619499099
0.000220751888573 0.0413530174198 0.0109826972863 0.212520308137 0.00805634953595 0.226205666788 0.054855881909 0.594619499099
0.000810136385129 0.151558781103 0.0402517913705 0.169150310868 0.00805634953595 0.226205666788 0.054855881909 0.594619499099
0.000810136385129 0.151558781103 0.0402517913705 0.169150310868 0.00805634953595 0.226205666788 0.054855881909 0.594619499099
0.000810136385129 0.151558781103 0.0402517913705 0.169150310868 0.00805634953595 0.226205666788 0.054855881909 0.594619499099
0.000810136385129 0.151558781103 0.0402517913705 0.169150310868 0.00805634953595 0.226205666788 0.054855881909 0.594619499099
0.000810136385129 0.151558781103 0.0402517913705 0.169150310868 0.00805634953595 0.226205666788 0.054855881909 0.594619499099
0.000810136385129 0.151558781103 0.0402517913705 0.169150310868 0.00805634953595 0.226205666788 0.054855881909 0.594619499099
0.000810136385129 0.151558781103 0.0402517913705 0.169150310868 0.00805634953595 0.226205666788 0.054855881909 0.594619499099
0.000810136385129 0.151558781103 0.0402517913705 0.169150310868 0.00805634953595 0.226205666788 0.054855881909 0.594619499099
0.000810136385129 0.151558781103 0.0402517913705 0.169150310868 0.00805634953595 0.226205666788 0.054855881909 0.594619499099
0.000810136385129 0.151558781103 0.0402517913705 0.169150310868 0.00805634953595 0.226205666788 0.054855881909 0.594619499099
0.000810136385129 0.151558781103 0.0402517913705 0.169150310868 0.00805634953595 0.226205666788 0.054855881909 0.594619499099
0.000810136385129 0.151558781103 0.0402517913705 0.169150310868 0.00805634953595 0.226205666788 0.054855881909 0.594619499099
0.000810136385129 0.151558781103 0.0402517913705 0.169150310868 0.00805634953595 0.226205666788 0.054855881909 0.594619499099
0.000810136385129 0.151558781103 0.0402517913705 0.169150310868 0.00805634953595 0.226205666788 0.054855881909 0.594619499099
0.000810136385129 0.151558781103 0.0402517913705 0.169150310868 0.00805634953595 0.226205666788 0.054855881909 0.594619499099
0.000756930526556 0.131610996505 0.0349824427847 0.146881690757 0.00703939496192 0.196393229992 0.0476760792593 0.516212039165
0.000810136385129 0.151558781103 0.0402517913705 0.169150310868 0.00805634953595 0.226205666788 0.054855881909 0.594619499099
0.000810136385129 0.151558781103 0.0402517913705 0.169150310868 0.00805634953595 0.226205666788 0.054855881909 0.594619499099
0.000810136385129 0.151558781103 0.0402517913705 0.169150310868 0.00805634953595 0.226205666788 0.054855881909 0.594619499099
0.000810136385129 0.151558781103 0.0402517913705 0.169150310868 0.00805634953595 0.226205666788 0.054855881909 0.594619499099
0.000810136385129 0.151558781103 0.0402517913705 0.169150310868 0.00805634953595 0.226205666788 0.054855881909 0.594619499099
0.000810136385129 0.151558781103 0.0402517913705 0.169150310868 0.00805634953595 0.226205666788 0.054855881909 0.594619499099
0.000810136385129 0.151558781103 0.0402517913705 0.169150310868 0.00805634953595 0.226205666788 0.054855881909 0.594619499099
0.000810136385129 0.151558781103 0.0402517913705 0.169150310868 0.00805634953595 0.226205666788 0.054855881909 0.594619499099
0.000810136385129 0.151558781103 0.0402517913705 0.169150310868 0.00805634953595 0.226205666788 0.054855881909 0.594619499099
0.000810136385129 0.151558781103 0.0402517913705 0.169150310868 0.00805634953595 0.226205666788 0.054855881909 0.594619499099
0.000810136385129 0.151558781103 0.0402517913705 0.169150310868 0.00805634953595 0.226205666788 0.054855881909 0.594619499099
0.000810136385129 0.151558781103 0.0402517913705 0.169150310868 0.00805634953595 0.226205666788 0.054855881909 0.594619499099
0.000810136385129 0.151558781103 0.0402517913705 0.169150310868 0.00805634953595 0.226205666788 0.054855881909 0.594619499099
0.000810136385129 0.151558781103 0.0402517913705 0.169150310868 0.00805634953595 0.226205666788 0.054855881909 0.594619499099
0.000810136385129 0.151558781103 0.0402517913705 0.169150310868 0.00805634953595 0.226205666788 0.054855881909 0.594619499099
0.000810136385129 0.151558781103 0.0402517913705 0.169150310868 0.00805634953595 0.226205666788 0.054855881909 0.594619499099
0.000810136385129 0.151558781103 0.0402517913705 0.169150310868 0.00805634953595 0.226205666788 0.054855881909 0.594619499099
0.000810136385129 0.151558781103 0.0402517913705 0.169150310868 0.00805634953595 0.226205666788 0.054855881909 0.594619499099
0.000810136385129 0.151558781103 0.0402517913705 0.169150310868 0.00805634953595 0.226205666788 0.054855881909 0.594619499099
0.000810136385129 0.151558781103 0.0402517913705 0.169150310868 0.00805634953595 0.226205666788 0.054855881909 0.594619499099
0.000810136385129 0.151558781103 0.0402517913705 0.169150310868 0.00805634953595 0.226205666788 0.054855881909 0.594619499099
0.000810136385129 0.151558781103 0.0402517913705 0.169150310868 0.00805634953595 0.226205666788 0.054855881909 0.594619499099
0.000810136385129 0.151558781103 0.0402517913705 0.169150310868 0.00805634953595 0.226205666788 0.054855881909 0.594619499099
0.000810136385129 0.151558781103 0.0402517913705 0.169150310868 0.00805634953595 0.226205666788 0.054855881909 0.594619499099
0.000810136385129 0.151558781103 0.0402517913705 0.169150310868 0.00805634953595 0.226205666788 0.054855881909 0.594619499099
0.000810136385129 0.151558781103 0.0402517913705 0.169150310868 0.00805634953595 0.226205666788 0.054855881909 0.594619499099
0.000810136385129 0.151558781103 0.0402517913705 0.169150310868 0.00805634953595 0.226205666788 0.054855881909 0.594619499099
0.000810136385129 0.151558781103 0.0402517913705 0.169150310868 0.00805634953595 0.226205666788 0.054855881909 0.594619499099
0.000760308979311 0.132877761047 0.0353170672146 0.148295837011 0.00710397532889 0.198286437937 0.0481320251918 0.521191222839
0.000810136385129 0.151558781103 0.0402517913705 0.169150310868 0.00805634953595 0.226205666788 0.054855881909 0.594619499099
0.000810136385129 0.151558781103 0.0402517913705 0.169150310868 0.00805634953595 0.226205666788 0.054855881909 0.594619499099
0.000810136385129 0.151558781103 0.0402517913705 0.169150310868 0.00805634953595 0.226205666788 0.054855881909 0.594619499099
0.000810136385129 0.151558781103 0.0402517913705 0.169150310868 0.00805634953595 0.226205666788 0.054855881909 0.594619499099
0.000810136385129 0.151558781103 0.0402517913705 0.169150310868 0.00805634953595 0.226205666788 0.054855881909 0.594619499099
0.000810136385129 0.151558781103 0.0402517913705 0.169150310868 0.00805634953595 0.226205666788 0.054855881909 0.594619499099
0.000810136385129 0.151558781103 0.0402517913705 0.169150310868 0.00805634953595 0.226205666788 0.054855881909 0.594619499099
0.000810136385129 0.151558781103 0.0402517913705 0.169150310868 0.00805634953595 0.226205666788 0.054855881909 0.594619499099
0.000810136385129 0.151558781103 0.0402517913705 0.169150310868 0.00805634953595 0.226205666788 0.054855881909 0.594619499099
0.000810136385129 0.151558781103 0.0402517913705 0.169150310868 0.00805634953595 0.226205666788 0.054855881909 0.594619499099
0.000810136385129 0.151558781103 0.0402517913705 0.169150310868 0.00805634953595 0.226205666788 0.054855881909 0.594619499099
0.000810136385129 0.151558781103 0.0402517913705 0.169150310868 0.00805634953595 0.226205666788 0.054855881909 0.594619499099
0.000810136385129 0.151558781103 0.0402517913705 0.169150310868 0.00805634953595 0.226205666788 0.054855881909 0.594619499099
0.000810136385129 0.151558781103 0.0402517913705 0.169150310868 0.00805634953595 0.226205666788 0.054855881909 0.594619499099
0.000810136385129 0.151558781103 0.0402517913705 0.169150310868 0.00805634953595 0.226205666788 0.054855881909 0.594619499099
0.000810136385129 0.151558781103 0.0402517913705 0.169150310868 0.00805634953595 0.226205666788 0.054855881909 0.594619499099
0.000810136385129 0.151558781103 0.0402517913705 0.169150310868 0.00805634953595 0.226205666788 0.054855881909 0.594619499099
0.000810136385129 0.151558781103 0.0402517913705 0.169150310868 0.00805634953595 0.226205666788 0.054855881909 0.594619499099
0.000810136385129 0.151558781103 0.0402517913705 0.169150310868 0.00805634953595 0.226205666788 0.054855881909 0.594619499099
0.000810136385129 0.151558781103 0.0402517913705 0.169150310868 0.00805634953595 0.226205666788 0.054855881909 0.594619499099
0.000810136385129 0.151558781103 0.0402517913705 0.169150310868 0.00805634953595 0.226205666788 0.054855881909 0.594619499099
0.000810136385129 0.151558781103 0.0402517913705 0.169150310868 0.00805634953595 0.226205666788 0.054855881909 0.594619499099
0.000810136385129 0.151558781103 0.0402517913705 0.169150310868 0.00805634953595 0.226205666788 0.054855881909 0.594619499099
0.000810136385129 0.151558781103 0.0402517913705 0.169150310868 0.00805634953595 0.226205666788 0.054855881909 0.594619499099
0.000478470765049 0.0895424519293 0.0237811303753 0.0999357069123 0.00475956388202 0.133641705173 0.0323985962692 0.625570349444
0.000810136385129 0.151558781103 0.0402517913705 0.169150310868 0.00805634953595 0.226205666788 0.054855881909 0.594619499099
0.000810136385129 0.151558781103 0.0402517913705 0.169150310868 0.00805634953595 0.226205666788 0.054855881909 0.594619499099
0.000810136385129 0.151558781103 0.0402517913705 0.169150310868 0.00805634953595 0.226205666788 0.054855881909 0.594619499099
0.000810136385129 0.151558781103 0.0402517913705 0.169150310868 0.00805634953595 0.226205666788 0.054855881909 0.594619499099
0.000810136385129 0.151558781103 0.0402517913705 0.169150310868 0.00805634953595 0.226205666788 0.054855881909 0.594619499099
0.000810136385129 0.151558781103 0.0402517913705 0.169150310868 0.00805634953595 0.226205666788 0.054855881909 0.594619499099
0.000810136385129 0.151558781103 0.0402517913705 0.169150310868 0.00805634953595 0.226205666788 0.054855881909 0.594619499099
0.000810136385129 0.151558781103 0.0402517913705 0.169150310868 0.00805634953595 0.226205666788 0.054855881909 0.594619499099
0.000810136385129 0.151558781103 0.0402517913705 0.169150310868 0.00805634953595 0.226205666788 0.054855881909 0.594619499099
0.000810136385129 0.151558781103 0.0402517913705 0.169150310868 0.00805634953595 0.226205666788 0.054855881909 0.594619499099
0.000810136385129 0.151558781103 0.0402517913705 0.169150310868 0.00805634953595 0.226205666788 0.054855881909 0.594619499099
0.000810136385129 0.151558781103 0.0402517913705 0.169150310868 0.00805634953595 0.226205666788 0.054855881909 0.594619499099
0.000810136385129 0.151558781103 0.0402517913705 0.169150310868 0.00805634953595 0.226205666788 0.054855881909 0.594619499099
0.000810136385129 0.151558781103 0.0402517913705 0.169150310868 0.00805634953595 0.226205666788 0.054855881909 0.594619499099
0.000810136385129 0.151558781103 0.0402517913705 0.169150310868 0.00805634953595 0.226205666788 0.054855881909 0.594619499099
0.000810136385129 0.151558781103 0.0402517913705 0.169150310868 0.00805634953595 0.226205666788 0.054855881909 0.594619499099
0.000810136385129 0.151558781103 0.0402517913705 0.169150310868 0.00805634953595 0.226205666788 0.054855881909 0.594619499099
0.000650342906362 0.121679877837 0.0975825756163 0.169150310868 0.00805634953595 0.226205666788 0.054855881909 0.594619499099
0.000810136385129 0.151558781103 0.0402517913705 0.169150310868 0.00805634953595 0.226205666788 0.054855881909 0.594619499099
0.000810136385129 0.151558781103 0.0402517913705 0.169150310868 0.00805634953595 0.226205666788 0.054855881909 0.594619499099
0.000810136385129 0.151558781103 0.0402517913705 0.169150310868 0.00805634953595 0.226205666788 0.054855881909 0.594619499099
0.000810136385129 0.151558781103 0.0402517913705 0.169150310868 0.00805634953595 0.226205666788 0.054855881909 0.594619499099
0.000810136385129 0.151558781103 0.0402517913705 0.169150310868 0.00805634953595 0.226205666788 0.054855881909 0.594619499099
0.000810136385129 0.151558781103 0.0402517913705 0.169150310868 0.00805634953595 0.226205666788 0.054855881909 0.594619499099
0.000810136385129 0.151558781103 0.0402517913705 0.169150310868 0.00805634953595 0.226205666788 0.054855881909 0.594619499099
0.000810136385129 0.151558781103 0.0402517913705 0.169150310868 0.00805634953595 0.226205666788 0.054855881909 0.594619499099
0.000650597401439 0.0917267179662 0.0244467859155 0.102357153714 0.00500611076421 0.136785476431 0.0333205976396 0.359442280578
0.000810136385129 0.151558781103 0.0402517913705 0.169150310868 0.00805634953595 0.226205666788 0.054855881909 0.594619499099
0.000810136385129 0.151558781103 0.0402517913705 0.169150310868 0.00805634953595 0.226205666788 0.054855881909 0.594619499099
0.000810136385129 0.151558781103 0.0402517913705 0.169150310868 0.00805634953595 0.226205666788 0.054855881909 0.594619499099
0.000810136385129 0.151558781103 0.0402517913705 0.169150310868 0.00805634953595 0.226205666788 0.054855881909 0.594619499099
0.000810136385129 0.151558781103 0.0402517913705 0.169150310868 0.00805634953595 0.226205666788 0.054855881909 0.594619499099
0.000810136385129 0.151558781103 0.0402517913705 0.169150310868 0.00805634953595 0.226205666788 0.054855881909 0.594619499099
0.000810136385129 0.151558781103 0.0402517913705 0.169150310868 0.00805634953595 0.226205666788 0.054855881909 0.594619499099
0.000810136385129 0.151558781103 0.0402517913705 0.169150310868 0.00805634953595 0.226205666788 0.054855881909 0.594619499099
0.000810136385129 0.151558781103 0.0402517913705 0.169150310868 0.00805634953595 0.226205666788 0.054855881909 0.594619499099
0.000810136385129 0.151558781103 0.0402517913705 0.169150310868 0.00805634953595 0.226205666788 0.054855881909 0.594619499099
0.000810136385129 0.151558781103 0.0402517913705 0.169150310868 0.00805634953595 0.226205666788 0.054855881909 0.594619499099
0.000810136385129 0.151558781103 0.0402517913705 0.169150310868 0.00805634953595 0.226205666788 0.054855881909 0.594619499099
0.000810136385129 0.151558781103 0.0402517913705 0.169150310868 0.00805634953595 0.226205666788 0.054855881909 0.594619499099
0.000810136385129 0.151558781103 0.0402517913705 0.169150310868 0.00805634953595 0.226205666788 0.054855881909 0.594619499099
0.000810136385129 0.151558781103 0.0402517913705 0.169150310868 0.00805634953595 0.226205666788 0.054855881909 0.594619499099
0.000810136385129 0.151558781103 0.0402517913705 0.169150310868 0.00805634953595 0.226205666788 0.054855881909 0.594619499099
