3.22227843109e-05 3.7276896815e-05 0.00010852868549 0.00105027943052 0.00364484216755 0.0228568517563 0.348409978495 0.214053630714
0.0015353082364 0.000403332336419 0.00654458906009 0.0129961362068 0.00585096430545 0.0244360987653 0.172739258529 0.151676192097
0.00152712093483 0.00551373638447 0.0035322296521 0.00221798657457 0.0178771118496 0.0446671989676 0.148003855692 0.599271138599
0.0213462703647 0.0149589223649 0.0415905517443 0.0623207636459 0.34081090578 0.6573353971 0.264132204025 0.18654098231
0.00589509741882 0.00711384513982 0.00272122620691 0.00339637897751 0.00177931786984 0.259877622482 0.0236695296196 0.330113070969
0.00520913507737 0.00374726402972 0.055006431132 0.0694216458473 0.144974551519 0.0392241074489 0.115270184776 0.226762736199
0.306731723627 0.240761509672 0.220517537353 0.121175793558 0.0597849519978 0.0929413900628 0.191360350119 0.235132774378
0.0220716079506 0.0499755863915 0.0352330294797 0.0430779991471 0.0205595400941 0.264337485901 0.0637413025436 0.385948335918
0.0175760020943 0.0348753284438 0.0639091252772 0.0450178528248 0.162149874212 0.171121658655 0.280329844356 0.623940690955
0.0737463003853 0.0302117655527 0.0278101002207 0.0972113075634 0.227944821518 0.428900996206 0.217537429445 0.20239162438
0.0256500328189 0.0289067690169 0.0612788966523 0.0766677669463 0.142328341135 0.120130674154 0.220009845905 0.0118581048459
0.050376725124 0.0453462369872 0.0549172944431 0.124222589281 0.123617948505 0.0506752333133 0.510403111852 0.398388401856
0.00311391291179 0.00756397971699 0.00674997394901 0.00217910144206 0.00188354536488 0.000431682583725 0.00299637906172 0.715743025152
0.0070199752612 0.0247692758077 0.00533957263256 0.0450263980481 0.187600531608 0.120600496435 0.247598828966 0.427160810046
0.0105492815467 0.00641724752683 0.0046855653924 0.00451472093619 0.0181724653781 0.0311415161394 0.00399472421212 0.406557732652
0.0291297572101 0.0372408300946 0.0375126615361 0.0463721978301 0.300798587234 0.0899105503242 0.205701726708 0.0219411833368
0.00133708236979 0.00184495400396 0.000189707817899 0.00627715438469 0.00612236583312 0.0156959691535 0.296020056954 0.72947269169
0.297393564935 0.303081833222 0.00824640764309 0.225573010585 0.218391953082 0.364930050319 0.0902415768462 0.139558994556
0.0045231531688 0.000996550455918 0.0132141833266 0.0683904283392 0.0496712977297 0.424001129263 0.0376461980945 0.490220556856
0.0125722910815 0.0105352968368 0.136500461361 0.0792753668331 0.208442257366 0.0211121600629 0.274119899962 0.112667969375
0.0616810343051 0.0114307720833 0.0022214723013 0.272398316429 0.0536855285282 0.249355045035 0.15199449936 0.0934762674993
2.16933835866e-05 1.53643174339e-05 1.04822448315e-05 1.37799119726e-05 6.49652635559e-05 9.41153991599e-05 0.0314862378834 0.233966997148
0.0765152045064 0.102380816453 0.00773460380869 0.0310121627465 0.126347659596 0.220372643884 0.267093200608 0.59877011751
0.00180782397227 0.00352590103127 0.00163063531886 0.00237558466445 0.379408418255 0.733519532374 0.555271505261 0.160892836742
0.0392437204445 0.00197735283022 0.0338202190478 0.0383084043454 0.0337425258957 0.243270136018 0.417542509488 0.125911913835
0.0116735222437 0.061054989325 0.394684021849 0.0549555012805 0.0974010749613 0.0185269155983 0.0102448236082 0.494715368534
0.0350356958537 0.0377322106904 0.0255287056012 0.00947727339589 0.00435894957008 0.0342387039713 0.107285235768 0.640050941687
0.00813402510381 0.0100106640762 0.0374129910601 0.0152268237091 0.0352445562378 0.0315360975966 0.540361599765 0.24641633173
0.000346239967165 8.27863991143e-05 0.000926851960371 0.00384713605202 0.00720798644562 0.0570905216946 0.295934873741 0.777974523254
0.0144730301446 0.0344837002733 0.0147487394433 0.108158009427 0.0215719711046 0.0050425740383 0.120927110323 0.640953375144
0.000477243612584 0.000637579177793 0.00107034379274 0.000309364627847 0.00359676850318 0.107307761971 0.133733937392 0.0160177623596
0.00346514660672 0.00133961391936 0.000787562910851 0.018879990265 0.0439161832089 0.20174060679 0.113626536525 0.20650956602
0.000333165852848 0.00153284319835 0.000196109745714 4.47042976125e-05 0.0508181259808 0.0562480554066 0.0984042537936 0.0148268698359
0.0107160641668 0.00240455374566 0.0081470655218 0.0265169068186 0.00313176356383 0.0183805419804 0.100183483196 0.277569349781
0.129142738351 0.56290698282 0.259931357576 0.128890218219 0.275469436875 0.0268255547107 0.6854565156 0.405393206059
0.0506101074734 0.0635781035796 0.0206888754973 0.187584610822 0.106632258922 0.77890619478 0.059965038083 0.153918689916
0.000253260122846 0.000163594717134 0.000119560877403 0.000442912182154 0.00279356859789 0.00113898109185 0.286618848169 0.0334483390688
0.0539071080105 0.0651452402902 0.00927069169861 0.119845377053 0.120475245489 0.0578093446298 0.0835307839204 0.0755817818359
0.0455164157806 0.0615011268915 0.0301039730678 0.0465478906736 0.235419382722 0.0850872093017 0.0324965559679 0.176234705366
0.0870265843498 0.0826865105837 0.0268491195598 0.326932594815 0.395825308779 0.12057654162 0.0337930083544 0.075386138834
0.00227810335472 0.00659018750133 0.000124981157467 0.00436042847093 0.00367625354698 0.00541185968548 0.140575420815 0.787752595911
8.38066035936e-05 0.000149652536524 0.00224444725953 0.00448529862701 0.0064433659386 0.00416397556134 0.046097599973 0.172010344456
0.0736384662454 0.0288009603073 0.00881219296042 0.0791940459249 0.0494779256989 0.0150635142941 0.0589422658083 0.597572673241
8.79754995265e-05 0.000393919838448 0.00118354261053 0.000400572799082 0.00419995146565 0.0130900008151 0.553250252239 0.118412530472
0.000349526097262 0.00137178366543 0.000294561480829 0.000912409237315 0.000482367220937 0.00662259272005 0.560634684416 0.633275060584
0.00185284994043 0.000215551757735 0.00433486448181 0.00127399998813 0.0236818602979 0.0773236548964 0.143180784865 0.360244243957
0.00143448542008 0.00115204986452 0.000415185444687 0.00720987125088 0.280093428283 0.0561607881837 0.084596506747 -0.000186976369521
0.172155979186 0.0321817783849 0.146420154238 0.0452066488915 0.208305509931 0.0388575440588 0.271956060695 0.0196780608791
0.00231357605863 0.00412747518923 0.000883019649494 0.0449603108577 0.0492780848492 0.118969500482 0.219250422002 0.38724817926
0.00404383682742 0.00756688381121 0.00268558288994 0.0201380946192 0.0556375612437 0.000704556118139 0.00572478648706 0.46078294164
3.22227843109e-05 3.7276896815e-05 0.00010852868549 0.00105027943052 0.00364484216755 0.0228568517563 0.348409978495 0.214053630714
3.22227843109e-05 3.7276896815e-05 0.00010852868549 0.00105027943052 0.00364484216755 0.0228568517563 0.348409978495 0.214053630714
3.22227843109e-05 3.7276896815e-05 0.00010852868549 0.00105027943052 0.00364484216755 0.0228568517563 0.348409978495 0.214053630714
3.22227843109e-05 3.7276896815e-05 0.00010852868549 0.00105027943052 0.00364484216755 0.0228568517563 0.348409978495 0.214053630714
3.22227843109e-05 3.7276896815e-05 0.00010852868549 0.00105027943052 0.00364484216755 0.0228568517563 0.348409978495 0.214053630714
3.22227843109e-05 3.7276896815e-05 0.00010852868549 0.00105027943052 0.00364484216755 0.0228568517563 0.348409978495 0.214053630714
3.22227843109e-05 3.7276896815e-05 0.00010852868549 0.00105027943052 0.00364484216755 0.0228568517563 0.348409978495 0.214053630714
3.22227843109e-05 3.7276896815e-05 0.00010852868549 0.00105027943052 0.00364484216755 0.0228568517563 0.348409978495 0.214053630714
3.22227843109e-05 3.7276896815e-05 0.00010852868549 0.00105027943052 0.00364484216755 0.0228568517563 0.348409978495 0.214053630714
3.22227843109e-05 3.7276896815e-05 0.00010852868549 0.00105027943052 0.00364484216755 0.0228568517563 0.348409978495 0.214053630714
3.22227843109e-05 3.7276896815e-05 0.00010852868549 0.00105027943052 0.00364484216755 0.0228568517563 0.348409978495 0.214053630714
3.22227843109e-05 3.7276896815e-05 0.00010852868549 0.00105027943052 0.00364484216755 0.0228568517563 0.348409978495 0.214053630714
3.22227843109e-05 3.7276896815e-05 0.00010852868549 0.00105027943052 0.00364484216755 0.0228568517563 0.348409978495 0.214053630714
3.22227843109e-05 3.7276896815e-05 0.00010852868549 0.00105027943052 0.00364484216755 0.0228568517563 0.348409978495 0.214053630714
3.22227843109e-05 3.7276896815e-05 0.00010852868549 0.00105027943052 0.00364484216755 0.0228568517563 0.348409978495 0.214053630714
3.22227843109e-05 3.7276896815e-05 0.00010852868549 0.00105027943052 0.00364484216755 0.0228568517563 0.348409978495 0.214053630714
3.22227843109e-05 3.7276896815e-05 0.00010852868549 0.00105027943052 0.00364484216755 0.0228568517563 0.348409978495 0.214053630714
3.22227843109e-05 3.7276896815e-05 0.00010852868549 0.00105027943052 0.00364484216755 0.0228568517563 0.348409978495 0.214053630714
3.22227843109e-05 3.7276896815e-05 0.00010852868549 0.00105027943052 0.00364484216755 0.0228568517563 0.348409978495 0.214053630714
3.22227843109e-05 3.7276896815e-05 0.00010852868549 0.00105027943052 0.00364484216755 0.0228568517563 0.348409978495 0.214053630714
3.22227843109e-05 3.7276896815e-05 0.00010852868549 0.00105027943052 0.00364484216755 0.0228568517563 0.348409978495 0.214053630714
3.22227843109e-05 3.7276896815e-05 0.00010852868549 0.00105027943052 0.00364484216755 0.0228568517563 0.348409978495 0.214053630714
3.22227843109e-05 3.7276896815e-05 0.00010852868549 0.00105027943052 0.00364484216755 0.0228568517563 0.348409978495 0.214053630714
3.22227843109e-05 3.7276896815e-05 0.00010852868549 0.00105027943052 0.00364484216755 0.0228568517563 0.348409978495 0.214053630714
3.22227843109e-05 3.7276896815e-05 0.00010852868549 0.00105027943052 0.00364484216755 0.0228568517563 0.348409978495 0.214053630714
3.22227843109e-05 3.7276896815e-05 0.00010852868549 0.00105027943052 0.00364484216755 0.0228568517563 0.348409978495 0.214053630714
3.72641817575e-05 4.28584616238e-05 0.000124831138815 0.00120666985533 0.00418764874303 0.0262595942208 0.400267741816 0.245962946464
3.22227843109e-05 3.7276896815e-05 0.00010852868549 0.00105027943052 0.00364484216755 0.0228568517563 0.348409978495 0.214053630714
3.22227843109e-05 3.7276896815e-05 0.00010852868549 0.00105027943052 0.00364484216755 0.0228568517563 0.348409978495 0.214053630714
3.22227843109e-05 3.7276896815e-05 0.00010852868549 0.00105027943052 0.00364484216755 0.0228568517563 0.348409978495 0.214053630714
3.22227843109e-05 3.7276896815e-05 0.00010852868549 0.00105027943052 0.00364484216755 0.0228568517563 0.348409978495 0.214053630714
3.22227843109e-05 3.7276896815e-05 0.00010852868549 0.00105027943052 0.00364484216755 0.0228568517563 0.348409978495 0.214053630714
3.22227843109e-05 3.7276896815e-05 0.00010852868549 0.00105027943052 0.00364484216755 0.0228568517563 0.348409978495 0.214053630714
3.22227843109e-05 3.7276896815e-05 0.00010852868549 0.00105027943052 0.00364484216755 0.0228568517563 0.348409978495 0.214053630714
3.22227843109e-05 3.7276896815e-05 0.00010852868549 0.00105027943052 0.00364484216755 0.0228568517563 0.348409978495 0.214053630714
3.22227843109e-05 3.7276896815e-05 0.00010852868549 0.00105027943052 0.00364484216755 0.0228568517563 0.348409978495 0.214053630714
5.90500625804e-05 6.69786201748e-05 9.77943862919e-05 0.00105027943052 0.00364484216755 0.0228568517563 0.348409978495 0.214053630714
3.22227843109e-05 3.7276896815e-05 0.00010852868549 0.00105027943052 0.00364484216755 0.0228568517563 0.348409978495 0.214053630714
3.22227843109e-05 3.7276896815e-05 0.00010852868549 0.00105027943052 0.00364484216755 0.0228568517563 0.348409978495 0.214053630714
3.22227843109e-05 3.7276896815e-05 0.00010852868549 0.00105027943052 0.00364484216755 0.0228568517563 0.348409978495 0.214053630714
3.22227843109e-05 3.7276896815e-05 0.00010852868549 0.00105027943052 0.00364484216755 0.0228568517563 0.348409978495 0.214053630714
3.22227843109e-05 3.7276896815e-05 0.00010852868549 0.00105027943052 0.00364484216755 0.0228568517563 0.348409978495 0.214053630714
3.22227843109e-05 3.7276896815e-05 0.00010852868549 0.00105027943052 0.00364484216755 0.0228568517563 0.348409978495 0.214053630714
3.22227843109e-05 3.7276896815e-05 0.00010852868549 0.00105027943052 0.00364484216755 0.0228568517563 0.348409978495 0.214053630714
3.22227843109e-05 3.7276896815e-05 0.00010852868549 0.00105027943052 0.00364484216755 0.0228568517563 0.348409978495 0.214053630714
3.22227843109e-05 3.7276896815e-05 0.00010852868549 0.00105027943052 0.00364484216755 0.0228568517563 0.348409978495 0.214053630714
3.22227843109e-05 3.7276896815e-05 0.00010852868549 0.00105027943052 0.00364484216755 0.0228568517563 0.348409978495 0.214053630714
3.22227843109e-05 3.7276896815e-05 0.00010852868549 0.00105027943052 0.00364484216755 0.0228568517563 0.348409978495 0.214053630714
3.22227843109e-05 3.7276896815e-05 0.00010852868549 0.00105027943052 0.00364484216755 0.0228568517563 0.348409978495 0.214053630714
3.22227843109e-05 3.7276896815e-05 0.00010852868549 0.00105027943052 0.00364484216755 0.0228568517563 0.348409978495 0.214053630714
3.22227843109e-05 3.7276896815e-05 0.00010852868549 0.00105027943052 0.00364484216755 0.0228568517563 0.348409978495 0.214053630714
3.22227843109e-05 3.7276896815e-05 0.00010852868549 0.00105027943052 0.00364484216755 0.0228568517563 0.348409978495 0.214053630714
3.22227843109e-05 3.7276896815e-05 0.00010852868549 0.00105027943052 0.00364484216755 0.0228568517563 0.348409978495 0.214053630714
3.22227843109e-05 3.7276896815e-05 0.00010852868549 0.00105027943052 0.00364484216755 0.0228568517563 0.348409978495 0.214053630714
3.22227843109e-05 3.7276896815e-05 0.00010852868549 0.00105027943052 0.00364484216755 0.0228568517563 0.348409978495 0.214053630714
3.22227843109e-05 3.7276896815e-05 0.00010852868549 0.00105027943052 0.00364484216755 0.0228568517563 0.348409978495 0.214053630714
3.22227843109e-05 3.7276896815e-05 0.00010852868549 0.00105027943052 0.00364484216755 0.0228568517563 0.348409978495 0.214053630714
3.22227843109e-05 3.7276896815e-05 0.00010852868549 0.00105027943052 0.00364484216755 0.0228568517563 0.348409978495 0.214053630714
3.22227843109e-05 3.7276896815e-05 0.00010852868549 0.00105027943052 0.00364484216755 0.0228568517563 0.348409978495 0.214053630714
1.17146871613e-05 1.45714318007e-05 4.22113002587e-05 0.000414092726468 0.00143673814453 0.00901470307086 0.137455762043 0.0842484815801
3.22227843109e-05 3.7276896815e-05 0.00010852868549 0.00105027943052 0.00364484216755 0.0228568517563 0.348409978495 0.214053630714
3.22227843109e-05 3.7276896815e-05 0.00010852868549 0.00105027943052 0.00364484216755 0.0228568517563 0.348409978495 0.214053630714
3.22227843109e-05 3.7276896815e-05 0.00010852868549 0.00105027943052 0.00364484216755 0.0228568517563 0.348409978495 0.214053630714
3.22227843109e-05 3.7276896815e-05 0.00010852868549 0.00105027943052 0.00364484216755 0.0228568517563 0.348409978495 0.214053630714
3.22227843109e-05 3.7276896815e-05 0.00010852868549 0.00105027943052 0.00364484216755 0.0228568517563 0.348409978495 0.214053630714
3.22227843109e-05 3.7276896815e-05 0.00010852868549 0.00105027943052 0.00364484216755 0.0228568517563 0.348409978495 0.214053630714
3.22227843109e-05 3.7276896815e-05 0.00010852868549 0.00105027943052 0.00364484216755 0.0228568517563 0.348409978495 0.214053630714
3.22227843109e-05 3.7276896815e-05 0.00010852868549 0.00105027943052 0.00364484216755 0.0228568517563 0.348409978495 0.214053630714
3.22227843109e-05 3.7276896815e-05 0.00010852868549 0.00105027943052 0.00364484216755 0.0228568517563 0.348409978495 0.214053630714
3.22227843109e-05 3.7276896815e-05 0.00010852868549 0.00105027943052 0.00364484216755 0.0228568517563 0.348409978495 0.214053630714
3.22227843109e-05 3.7276896815e-05 0.00010852868549 0.00105027943052 0.00364484216755 0.0228568517563 0.348409978495 0.214053630714
3.22227843109e-05 3.7276896815e-05 0.00010852868549 0.00105027943052 0.00364484216755 0.0228568517563 0.348409978495 0.214053630714
3.22227843109e-05 3.7276896815e-05 0.00010852868549 0.00105027943052 0.00364484216755 0.0228568517563 0.348409978495 0.214053630714
3.22227843109e-05 3.7276896815e-05 0.00010852868549 0.00105027943052 0.00364484216755 0.0228568517563 0.348409978495 0.214053630714
3.22227843109e-05 3.7276896815e-05 0.00010852868549 0.00105027943052 0.00364484216755 0.0228568517563 0.348409978495 0.214053630714
3.22227843109e-05 3.7276896815e-05 0.00010852868549 0.00105027943052 0.00364484216755 0.0228568517563 0.348409978495 0.214053630714
3.22227843109e-05 3.7276896815e-05 0.00010852868549 0.00105027943052 0.00364484216755 0.0228568517563 0.348409978495 0.214053630714
3.22227843109e-05 3.7276896815e-05 0.00010852868549 0.00105027943052 0.00364484216755 0.0228568517563 0.348409978495 0.214053630714
3.22227843109e-05 3.7276896815e-05 0.00010852868549 0.00105027943052 0.00364484216755 0.0228568517563 0.348409978495 0.214053630714
3.22227843109e-05 3.7276896815e-05 0.00010852868549 0.00105027943052 0.00364484216755 0.0228568517563 0.348409978495 0.214053630714
3.22227843109e-05 3.7276896815e-05 0.00010852868549 0.00105027943052 0.00364484216755 0.0228568517563 0.348409978495 0.214053630714
3.22227843109e-05 3.7276896815e-05 0.00010852868549 0.00105027943052 0.00364484216755 0.0228568517563 0.348409978495 0.214053630714
3.22227843109e-05 3.7276896815e-05 0.00010852868549 0.00105027943052 0.00364484216755 0.0228568517563 0.348409978495 0.214053630714
3.22227843109e-05 3.7276896815e-05 0.00010852868549 0.00105027943052 0.00364484216755 0.0228568517563 0.348409978495 0.214053630714
3.22227843109e-05 3.7276896815e-05 0.00010852868549 0.00105027943052 0.00364484216755 0.0228568517563 0.348409978495 0.214053630714
3.22227843109e-05 3.7276896815e-05 0.00010852868549 0.00105027943052 0.00364484216755 0.0228568517563 0.348409978495 0.214053630714
3.22227843109e-05 3.7276896815e-05 0.00010852868549 0.00105027943052 0.00364484216755 0.0228568517563 0.348409978495 0.214053630714
3.22227843109e-05 3.7276896815e-05 0.00010852868549 0.00105027943052 0.00364484216755 0.0228568517563 0.348409978495 0.214053630714
3.22227843109e-05 3.7276896815e-05 0.00010852868549 0.00105027943052 0.00364484216755 0.0228568517563 0.348409978495 0.214053630714
3.22227843109e-05 3.7276896815e-05 0.00010852868549 0.00105027943052 0.00364484216755 0.0228568517563 0.348409978495 0.214053630714
3.22227843109e-05 3.7276896815e-05 0.00010852868549 0.00105027943052 0.00364484216755 0.0228568517563 0.348409978495 0.214053630714
3.22227843109e-05 3.7276896815e-05 0.00010852868549 0.00105027943052 0.00364484216755 0.0228568517563 0.348409978495 0.214053630714
3.22227843109e-05 3.7276896815e-05 0.00010852868549 0.00105027943052 0.00364484216755 0.0228568517563 0.348409978495 0.214053630714
3.22227843109e-05 3.7276896815e-05 0.00010852868549 0.00105027943052 0.00364484216755 0.0228568517563 0.348409978495 0.214053630714
3.22227843109e-05 3.7276896815e-05 0.00010852868549 0.00105027943052 0.00364484216755 0.0228568517563 0.348409978495 0.214053630714
3.22227843109e-05 3.7276896815e-05 0.00010852868549 0.00105027943052 0.00364484216755 0.0228568517563 0.348409978495 0.214053630714
3.22227843109e-05 3.7276896815e-05 0.00010852868549 0.00105027943052 0.00364484216755 0.0228568517563 0.348409978495 0.214053630714
3.22227843109e-05 3.7276896815e-05 0.00010852868549 0.00105027943052 0.00364484216755 0.0228568517563 0.348409978495 0.214053630714
3.22227843109e-05 3.7276896815e-05 0.00010852868549 0.00105027943052 0.00364484216755 0.0228568517563 0.348409978495 0.214053630714
3.22227843109e-05 3.7276896815e-05 0.00010852868549 0.00105027943052 0.00364484216755 0.0228568517563 0.348409978495 0.214053630714
3.22227843109e-05 3.7276896815e-05 0.00010852868549 0.00105027943052 0.00364484216755 0.0228568517563 0.348409978495 0.214053630714
3.22227843109e-05 3.7276896815e-05 0.00010852868549 0.00105027943052 0.00364484216755 0.0228568517563 0.348409978495 0.214053630714
3.22227843109e-05 3.7276896815e-05 0.00010852868549 0.00105027943052 0.00364484216755 0.0228568517563 0.348409978495 0.214053630714
3.22227843109e-05 3.7276896815e-05 0.00010852868549 0.00105027943052 0.00364484216755 0.0228568517563 0.348409978495 0.214053630714
3.22227843109e-05 3.7276896815e-05 0.00010852868549 0.00105027943052 0.00364484216755 0.0228568517563 0.348409978495 0.214053630714
3.22227843109e-05 3.7276896815e-05 0.00010852868549 0.00105027943052 0.00364484216755 0.0228568517563 0.348409978495 0.214053630714
3.22227843109e-05 3.7276896815e-05 0.00010852868549 0.00105027943052 0.00364484216755 0.0228568517563 0.348409978495 0.214053630714
3.22227843109e-05 3.7276896815e-05 0.00010852868549 0.00105027943052 0.00364484216755 0.0228568517563 0.348409978495 0.214053630714
3.22227843109e-05 3.7276896815e-05 0.00010852868549 0.00105027943052 0.00364484216755 0.0228568517563 0.348409978495 0.214053630714
3.22227843109e-05 3.7276896815e-05 0.00010852868549 0.00105027943052 0.00364484216755 0.0228568517563 0.348409978495 0.214053630714
3.22227843109e-05 3.7276896815e-05 0.00010852868549 0.00105027943052 0.00364484216755 0.0228568517563 0.348409978495 0.214053630714
3.22227843109e-05 3.7276896815e-05 0.00010852868549 0.00105027943052 0.00364484216755 0.0228568517563 0.348409978495 0.214053630714
3.22227843109e-05 3.7276896815e-05 0.00010852868549 0.00105027943052 0.00364484216755 0.0228568517563 0.348409978495 0.214053630714
3.22227843109e-05 3.7276896815e-05 0.00010852868549 0.00105027943052 0.00364484216755 0.0228568517563 0.348409978495 0.214053630714
3.22227843109e-05 3.7276896815e-05 0.00010852868549 0.00105027943052 0.00364484216755 0.0228568517563 0.348409978495 0.214053630714
3.22227843109e-05 3.7276896815e-05 0.00010852868549 0.00105027943052 0.00364484216755 0.0228568517563 0.348409978495 0.214053630714
3.22227843109e-05 3.7276896815e-05 0.00010852868549 0.00105027943052 0.00364484216755 0.0228568517563 0.348409978495 0.214053630714
3.41455992229e-05 3.94057343368e-05 0.000114746525025 0.00110992754279 0.0036340744653 0.0228568517563 0.348409978495 0.214053630714
0.000134575366786 0.000150596185462 0.00043950798561 0.00422538395729 0.00176090727695 0.0228568517563 0.348409978495 0.214053630714
3.22227843109e-05 3.7276896815e-05 0.00010852868549 0.00105027943052 0.00364484216755 0.0228568517563 0.348409978495 0.214053630714
3.22227843109e-05 3.7276896815e-05 0.00010852868549 0.00105027943052 0.00364484216755 0.0228568517563 0.348409978495 0.214053630714
3.22227843109e-05 3.7276896815e-05 0.00010852868549 0.00105027943052 0.00364484216755 0.0228568517563 0.348409978495 0.214053630714
3.22227843109e-05 3.7276896815e-05 0.00010852868549 0.00105027943052 0.00364484216755 0.0228568517563 0.348409978495 0.214053630714
3.22227843109e-05 3.7276896815e-05 0.00010852868549 0.00105027943052 0.00364484216755 0.0228568517563 0.348409978495 0.214053630714
3.22227843109e-05 3.7276896815e-05 0.00010852868549 0.00105027943052 0.00364484216755 0.0228568517563 0.348409978495 0.214053630714
3.22227843109e-05 3.7276896815e-05 0.00010852868549 0.00105027943052 0.00364484216755 0.0228568517563 0.348409978495 0.214053630714
3.22227843109e-05 3.7276896815e-05 0.00010852868549 0.00105027943052 0.00364484216755 0.0228568517563 0.348409978495 0.214053630714
3.22227843109e-05 3.7276896815e-05 0.00010852868549 0.00105027943052 0.00364484216755 0.0228568517563 0.348409978495 0.214053630714
3.22227843109e-05 3.7276896815e-05 0.00010852868549 0.00105027943052 0.00364484216755 0.0228568517563 0.348409978495 0.214053630714
3.22227843109e-05 3.7276896815e-05 0.00010852868549 0.00105027943052 0.00364484216755 0.0228568517563 0.348409978495 0.214053630714
3.22227843109e-05 3.7276896815e-05 0.00010852868549 0.00105027943052 0.00364484216755 0.0228568517563 0.348409978495 0.214053630714
3.22227843109e-05 3.7276896815e-05 0.00010852868549 0.00105027943052 0.00364484216755 0.0228568517563 0.348409978495 0.214053630714
3.22227843109e-05 3.7276896815e-05 0.00010852868549 0.00105027943052 0.00364484216755 0.0228568517563 0.348409978495 0.214053630714
3.22227843109e-05 3.7276896815e-05 0.00010852868549 0.00105027943052 0.00364484216755 0.0228568517563 0.348409978495 0.214053630714
3.22227843109e-05 3.7276896815e-05 0.00010852868549 0.00105027943052 0.00364484216755 0.0228568517563 0.348409978495 0.214053630714
3.22227843109e-05 3.7276896815e-05 0.00010852868549 0.00105027943052 0.00364484216755 0.0228568517563 0.348409978495 0.214053630714
3.22227843109e-05 3.7276896815e-05 0.00010852868549 0.00105027943052 0.00364484216755 0.0228568517563 0.348409978495 0.214053630714
5.52322853933e-05 6.27517820766e-05 0.000182934903488 0.00176406279855 0.00612227201083 0.0383873484588 0.585094602931 0.359691312147
3.22227843109e-05 3.7276896815e-05 0.00010852868549 0.00105027943052 0.00364484216755 0.0228568517563 0.348409978495 0.214053630714
3.22227843109e-05 3.7276896815e-05 0.00010852868549 0.00105027943052 0.00364484216755 0.0228568517563 0.348409978495 0.214053630714
3.22227843109e-05 3.7276896815e-05 0.00010852868549 0.00105027943052 0.00364484216755 0.0228568517563 0.348409978495 0.214053630714
3.22227843109e-05 3.7276896815e-05 0.00010852868549 0.00105027943052 0.00364484216755 0.0228568517563 0.348409978495 0.214053630714
3.22227843109e-05 3.7276896815e-05 0.00010852868549 0.00105027943052 0.00364484216755 0.0228568517563 0.348409978495 0.214053630714
3.22227843109e-05 3.7276896815e-05 0.00010852868549 0.00105027943052 0.00364484216755 0.0228568517563 0.348409978495 0.214053630714
3.22227843109e-05 3.7276896815e-05 0.00010852868549 0.00105027943052 0.00364484216755 0.0228568517563 0.348409978495 0.214053630714
3.22227843109e-05 3.7276896815e-05 0.00010852868549 0.00105027943052 0.00364484216755 0.0228568517563 0.348409978495 0.214053630714
3.22227843109e-05 3.7276896815e-05 0.00010852868549 0.00105027943052 0.00364484216755 0.0228568517563 0.348409978495 0.214053630714
3.22227843109e-05 3.7276896815e-05 0.00010852868549 0.00105027943052 0.00364484216755 0.0228568517563 0.348409978495 0.214053630714
3.22227843109e-05 3.7276896815e-05 0.00010852868549 0.00105027943052 0.00364484216755 0.0228568517563 0.348409978495 0.214053630714
3.22227843109e-05 3.7276896815e-05 0.00010852868549 0.00105027943052 0.00364484216755 0.0228568517563 0.348409978495 0.214053630714
3.22227843109e-05 3.7276896815e-05 0.00010852868549 0.00105027943052 0.00364484216755 0.0228568517563 0.348409978495 0.214053630714
3.22227843109e-05 3.7276896815e-05 0.00010852868549 0.00105027943052 0.00364484216755 0.0228568517563 0.348409978495 0.214053630714
3.22227843109e-05 3.7276896815e-05 0.00010852868549 0.00105027943052 0.00364484216755 0.0228568517563 0.348409978495 0.214053630714
3.22227843109e-05 3.7276896815e-05 0.00010852868549 0.00105027943052 0.00364484216755 0.0228568517563 0.348409978495 0.214053630714
3.22227843109e-05 3.7276896815e-05 0.00010852868549 0.00105027943052 0.00364484216755 0.0228568517563 0.348409978495 0.214053630714
3.22227843109e-05 3.7276896815e-05 0.00010852868549 0.00105027943052 0.00364484216755 0.0228568517563 0.348409978495 0.214053630714
3.29686577046e-05 3.81026878244e-05 0.000110940629066 0.00107341735172 0.00372515025412 0.0233602865869 0.356082320604 0.21877460538
0.000105269365773 0.000118150153251 0.000344740667874 0.00331627532293 0.0115097576308 0.0721603846087 0.342736092003 0.214053630714
3.22227843109e-05 3.7276896815e-05 0.00010852868549 0.00105027943052 0.00364484216755 0.0228568517563 0.348409978495 0.214053630714
3.22227843109e-05 3.7276896815e-05 0.00010852868549 0.00105027943052 0.00364484216755 0.0228568517563 0.348409978495 0.214053630714
3.22227843109e-05 3.7276896815e-05 0.00010852868549 0.00105027943052 0.00364484216755 0.0228568517563 0.348409978495 0.214053630714
3.22227843109e-05 3.7276896815e-05 0.00010852868549 0.00105027943052 0.00364484216755 0.0228568517563 0.348409978495 0.214053630714
3.22227843109e-05 3.7276896815e-05 0.00010852868549 0.00105027943052 0.00364484216755 0.0228568517563 0.348409978495 0.214053630714
3.22227843109e-05 3.7276896815e-05 0.00010852868549 0.00105027943052 0.00364484216755 0.0228568517563 0.348409978495 0.214053630714
3.22227843109e-05 3.7276896815e-05 0.00010852868549 0.00105027943052 0.00364484216755 0.0228568517563 0.348409978495 0.214053630714
3.22227843109e-05 3.7276896815e-05 0.00010852868549 0.00105027943052 0.00364484216755 0.0228568517563 0.348409978495 0.214053630714
3.22227843109e-05 3.7276896815e-05 0.00010852868549 0.00105027943052 0.00364484216755 0.0228568517563 0.348409978495 0.214053630714
3.22227843109e-05 3.7276896815e-05 0.00010852868549 0.00105027943052 0.00364484216755 0.0228568517563 0.348409978495 0.214053630714
3.22227843109e-05 3.7276896815e-05 0.00010852868549 0.00105027943052 0.00364484216755 0.0228568517563 0.348409978495 0.214053630714
3.22227843109e-05 3.7276896815e-05 0.00010852868549 0.00105027943052 0.00364484216755 0.0228568517563 0.348409978495 0.214053630714
3.22227843109e-05 3.7276896815e-05 0.00010852868549 0.00105027943052 0.00364484216755 0.0228568517563 0.348409978495 0.214053630714
3.22227843109e-05 3.7276896815e-05 0.00010852868549 0.00105027943052 0.00364484216755 0.0228568517563 0.348409978495 0.214053630714
3.22227843109e-05 3.7276896815e-05 0.00010852868549 0.00105027943052 0.00364484216755 0.0228568517563 0.348409978495 0.214053630714
3.22227843109e-05 3.7276896815e-05 0.00010852868549 0.00105027943052 0.00364484216755 0.0228568517563 0.348409978495 0.214053630714
3.22227843109e-05 3.7276896815e-05 0.00010852868549 0.00105027943052 0.00364484216755 0.0228568517563 0.348409978495 0.214053630714
3.22227843109e-05 3.7276896815e-05 0.00010852868549 0.00105027943052 0.00364484216755 0.0228568517563 0.348409978495 0.214053630714
3.22227843109e-05 3.7276896815e-05 0.00010852868549 0.00105027943052 0.00364484216755 0.0228568517563 0.348409978495 0.214053630714
3.22227843109e-05 3.7276896815e-05 0.00010852868549 0.00105027943052 0.00364484216755 0.0228568517563 0.348409978495 0.214053630714
3.22227843109e-05 3.7276896815e-05 0.00010852868549 0.00105027943052 0.00364484216755 0.0228568517563 0.348409978495 0.214053630714
3.22227843109e-05 3.7276896815e-05 0.00010852868549 0.00105027943052 0.00364484216755 0.0228568517563 0.348409978495 0.214053630714
3.22227843109e-05 3.7276896815e-05 0.00010852868549 0.00105027943052 0.00364484216755 0.0228568517563 0.348409978495 0.214053630714
3.22227843109e-05 3.7276896815e-05 0.00010852868549 0.00105027943052 0.00364484216755 0.0228568517563 0.348409978495 0.214053630714
3.22227843109e-05 3.7276896815e-05 0.00010852868549 0.00105027943052 0.00364484216755 0.0228568517563 0.348409978495 0.214053630714
3.22227843109e-05 3.7276896815e-05 0.00010852868549 0.00105027943052 0.00364484216755 0.0228568517563 0.348409978495 0.214053630714
3.22227843109e-05 3.7276896815e-05 0.00010852868549 0.00105027943052 0.00364484216755 0.0228568517563 0.348409978495 0.214053630714
3.22227843109e-05 3.7276896815e-05 0.00010852868549 0.00105027943052 0.00364484216755 0.0228568517563 0.348409978495 0.214053630714
3.22227843109e-05 3.7276896815e-05 0.00010852868549 0.00105027943052 0.00364484216755 0.0228568517563 0.348409978495 0.214053630714
3.22227843109e-05 3.7276896815e-05 0.00010852868549 0.00105027943052 0.00364484216755 0.0228568517563 0.348409978495 0.214053630714
3.22227843109e-05 3.7276896815e-05 0.00010852868549 0.00105027943052 0.00364484216755 0.0228568517563 0.348409978495 0.214053630714
3.22227843109e-05 3.7276896815e-05 0.00010852868549 0.00105027943052 0.00364484216755 0.0228568517563 0.348409978495 0.214053630714
3.22227843109e-05 3.7276896815e-05 0.00010852868549 0.00105027943052 0.00364484216755 0.0228568517563 0.348409978495 0.214053630714
3.22227843109e-05 3.7276896815e-05 0.00010852868549 0.00105027943052 0.00364484216755 0.0228568517563 0.348409978495 0.214053630714
3.22227843109e-05 3.7276896815e-05 0.00010852868549 0.00105027943052 0.00364484216755 0.0228568517563 0.348409978495 0.214053630714
3.22227843109e-05 3.7276896815e-05 0.00010852868549 0.00105027943052 0.00364484216755 0.0228568517563 0.348409978495 0.214053630714
3.22227843109e-05 3.7276896815e-05 0.00010852868549 0.00105027943052 0.00364484216755 0.0228568517563 0.348409978495 0.214053630714
3.22227843109e-05 3.7276896815e-05 0.00010852868549 0.00105027943052 0.00364484216755 0.0228568517563 0.348409978495 0.214053630714
3.22227843109e-05 3.7276896815e-05 0.00010852868549 0.00105027943052 0.00364484216755 0.0228568517563 0.348409978495 0.214053630714
3.22227843109e-05 3.7276896815e-05 0.00010852868549 0.00105027943052 0.00364484216755 0.0228568517563 0.348409978495 0.214053630714
3.22227843109e-05 3.7276896815e-05 0.00010852868549 0.00105027943052 0.00364484216755 0.0228568517563 0.348409978495 0.214053630714
3.22227843109e-05 3.7276896815e-05 0.00010852868549 0.00105027943052 0.00364484216755 0.0228568517563 0.348409978495 0.214053630714
3.22227843109e-05 3.7276896815e-05 0.00010852868549 0.00105027943052 0.00364484216755 0.0228568517563 0.348409978495 0.214053630714
3.22227843109e-05 3.7276896815e-05 0.00010852868549 0.00105027943052 0.00364484216755 0.0228568517563 0.348409978495 0.214053630714
3.22227843109e-05 3.7276896815e-05 0.00010852868549 0.00105027943052 0.00364484216755 0.0228568517563 0.348409978495 0.214053630714
3.22227843109e-05 3.7276896815e-05 0.00010852868549 0.00105027943052 0.00364484216755 0.0228568517563 0.348409978495 0.214053630714
3.22227843109e-05 3.7276896815e-05 0.00010852868549 0.00105027943052 0.00364484216755 0.0228568517563 0.348409978495 0.214053630714
3.22227843109e-05 3.7276896815e-05 0.00010852868549 0.00105027943052 0.00364484216755 0.0228568517563 0.348409978495 0.214053630714
3.22227843109e-05 3.7276896815e-05 0.00010852868549 0.00105027943052 0.00364484216755 0.0228568517563 0.348409978495 0.214053630714
3.22227843109e-05 3.7276896815e-05 0.00010852868549 0.00105027943052 0.00364484216755 0.0228568517563 0.348409978495 0.214053630714
3.22227843109e-05 3.7276896815e-05 0.00010852868549 0.00105027943052 0.00364484216755 0.0228568517563 0.348409978495 0.214053630714
3.22227843109e-05 3.7276896815e-05 0.00010852868549 0.00105027943052 0.00364484216755 0.0228568517563 0.348409978495 0.214053630714
3.22227843109e-05 3.7276896815e-05 0.00010852868549 0.00105027943052 0.00364484216755 0.0228568517563 0.348409978495 0.214053630714
3.22227843109e-05 3.7276896815e-05 0.00010852868549 0.00105027943052 0.00364484216755 0.0228568517563 0.348409978495 0.214053630714
3.22227843109e-05 3.7276896815e-05 0.00010852868549 0.00105027943052 0.00364484216755 0.0228568517563 0.348409978495 0.214053630714
3.22227843109e-05 3.7276896815e-05 0.00010852868549 0.00105027943052 0.00364484216755 0.0228568517563 0.348409978495 0.214053630714
0.000152124641431 0.000170025800924 0.000496257375798 0.00476978430382 0.000357225138804 0.0228568517563 0.348409978495 0.214053630714
3.22227843109e-05 3.7276896815e-05 0.00010852868549 0.00105027943052 0.00364484216755 0.0228568517563 0.348409978495 0.214053630714
3.22227843109e-05 3.7276896815e-05 0.00010852868549 0.00105027943052 0.00364484216755 0.0228568517563 0.348409978495 0.214053630714
3.22227843109e-05 3.7276896815e-05 0.00010852868549 0.00105027943052 0.00364484216755 0.0228568517563 0.348409978495 0.214053630714
3.22227843109e-05 3.7276896815e-05 0.00010852868549 0.00105027943052 0.00364484216755 0.0228568517563 0.348409978495 0.214053630714
3.22227843109e-05 3.7276896815e-05 0.00010852868549 0.00105027943052 0.00364484216755 0.0228568517563 0.348409978495 0.214053630714
3.22227843109e-05 3.7276896815e-05 0.00010852868549 0.00105027943052 0.00364484216755 0.0228568517563 0.348409978495 0.214053630714
3.22227843109e-05 3.7276896815e-05 0.00010852868549 0.00105027943052 0.00364484216755 0.0228568517563 0.348409978495 0.214053630714
3.22227843109e-05 3.7276896815e-05 0.00010852868549 0.00105027943052 0.00364484216755 0.0228568517563 0.348409978495 0.214053630714
3.22227843109e-05 3.7276896815e-05 0.00010852868549 0.00105027943052 0.00364484216755 0.0228568517563 0.348409978495 0.214053630714
3.22227843109e-05 3.7276896815e-05 0.00010852868549 0.00105027943052 0.00364484216755 0.0228568517563 0.348409978495 0.214053630714
3.22227843109e-05 3.7276896815e-05 0.00010852868549 0.00105027943052 0.00364484216755 0.0228568517563 0.348409978495 0.214053630714
3.22227843109e-05 3.7276896815e-05 0.00010852868549 0.00105027943052 0.00364484216755 0.0228568517563 0.348409978495 0.214053630714
3.22227843109e-05 3.7276896815e-05 0.00010852868549 0.00105027943052 0.00364484216755 0.0228568517563 0.348409978495 0.214053630714
3.22227843109e-05 3.7276896815e-05 0.00010852868549 0.00105027943052 0.00364484216755 0.0228568517563 0.348409978495 0.214053630714
3.22227843109e-05 3.7276896815e-05 0.00010852868549 0.00105027943052 0.00364484216755 0.0228568517563 0.348409978495 0.214053630714
3.22227843109e-05 3.7276896815e-05 0.00010852868549 0.00105027943052 0.00364484216755 0.0228568517563 0.348409978495 0.214053630714
3.22227843109e-05 3.7276896815e-05 0.00010852868549 0.00105027943052 0.00364484216755 0.0228568517563 0.348409978495 0.214053630714
3.22227843109e-05 3.7276896815e-05 0.00010852868549 0.00105027943052 0.00364484216755 0.0228568517563 0.348409978495 0.214053630714
3.22227843109e-05 3.7276896815e-05 0.00010852868549 0.00105027943052 0.00364484216755 0.0228568517563 0.348409978495 0.214053630714
3.22227843109e-05 3.7276896815e-05 0.00010852868549 0.00105027943052 0.00364484216755 0.0228568517563 0.348409978495 0.214053630714
3.22227843109e-05 3.7276896815e-05 0.00010852868549 0.00105027943052 0.00364484216755 0.0228568517563 0.348409978495 0.214053630714
3.22227843109e-05 3.7276896815e-05 0.00010852868549 0.00105027943052 0.00364484216755 0.0228568517563 0.348409978495 0.214053630714
3.22227843109e-05 3.7276896815e-05 0.00010852868549 0.00105027943052 0.00364484216755 0.0228568517563 0.348409978495 0.214053630714
3.22227843109e-05 3.7276896815e-05 0.00010852868549 0.00105027943052 0.00364484216755 0.0228568517563 0.348409978495 0.214053630714
3.22227843109e-05 3.7276896815e-05 0.00010852868549 0.00105027943052 0.00364484216755 0.0228568517563 0.348409978495 0.214053630714
3.22227843109e-05 3.7276896815e-05 0.00010852868549 0.00105027943052 0.00364484216755 0.0228568517563 0.348409978495 0.214053630714
3.22227843109e-05 3.7276896815e-05 0.00010852868549 0.00105027943052 0.00364484216755 0.0228568517563 0.348409978495 0.214053630714
3.22227843109e-05 3.7276896815e-05 0.00010852868549 0.00105027943052 0.00364484216755 0.0228568517563 0.348409978495 0.214053630714
3.22227843109e-05 3.7276896815e-05 0.00010852868549 0.00105027943052 0.00364484216755 0.0228568517563 0.348409978495 0.214053630714
3.22227843109e-05 3.7276896815e-05 0.00010852868549 0.00105027943052 0.00364484216755 0.0228568517563 0.348409978495 0.214053630714
3.22227843109e-05 3.7276896815e-05 0.00010852868549 0.00105027943052 0.00364484216755 0.0228568517563 0.348409978495 0.214053630714
3.22227843109e-05 3.7276896815e-05 0.00010852868549 0.00105027943052 0.00364484216755 0.0228568517563 0.348409978495 0.214053630714
3.22227843109e-05 3.7276896815e-05 0.00010852868549 0.00105027943052 0.00364484216755 0.0228568517563 0.348409978495 0.214053630714
3.22227843109e-05 3.7276896815e-05 0.00010852868549 0.00105027943052 0.00364484216755 0.0228568517563 0.348409978495 0.214053630714
3.22227843109e-05 3.7276896815e-05 0.00010852868549 0.00105027943052 0.00364484216755 0.0228568517563 0.348409978495 0.214053630714
9.12809147259e-05 0.000102662890657 0.000299505973981 0.00288233615727 0.00298388818168 0.0228568517563 0.348409978495 0.214053630714
3.22227843109e-05 3.7276896815e-05 0.00010852868549 0.00105027943052 0.00364484216755 0.0228568517563 0.348409978495 0.214053630714
3.22227843109e-05 3.7276896815e-05 0.00010852868549 0.00105027943052 0.00364484216755 0.0228568517563 0.348409978495 0.214053630714
3.22227843109e-05 3.7276896815e-05 0.00010852868549 0.00105027943052 0.00364484216755 0.0228568517563 0.348409978495 0.214053630714
0.000133998235687 0.000149957216869 0.000437641706883 0.00420748063213 0.00178676751004 0.0228568517563 0.348409978495 0.214053630714
3.22227843109e-05 3.7276896815e-05 0.00010852868549 0.00105027943052 0.00364484216755 0.0228568517563 0.348409978495 0.214053630714
3.22227843109e-05 3.7276896815e-05 0.00010852868549 0.00105027943052 0.00364484216755 0.0228568517563 0.348409978495 0.214053630714
3.22227843109e-05 3.7276896815e-05 0.00010852868549 0.00105027943052 0.00364484216755 0.0228568517563 0.348409978495 0.214053630714
3.22227843109e-05 3.7276896815e-05 0.00010852868549 0.00105027943052 0.00364484216755 0.0228568517563 0.348409978495 0.214053630714
3.22227843109e-05 3.7276896815e-05 0.00010852868549 0.00105027943052 0.00364484216755 0.0228568517563 0.348409978495 0.214053630714
3.22227843109e-05 3.7276896815e-05 0.00010852868549 0.00105027943052 0.00364484216755 0.0228568517563 0.348409978495 0.214053630714
3.22227843109e-05 3.7276896815e-05 0.00010852868549 0.00105027943052 0.00364484216755 0.0228568517563 0.348409978495 0.214053630714
3.22227843109e-05 3.7276896815e-05 0.00010852868549 0.00105027943052 0.00364484216755 0.0228568517563 0.348409978495 0.214053630714
3.22227843109e-05 3.7276896815e-05 0.00010852868549 0.00105027943052 0.00364484216755 0.0228568517563 0.348409978495 0.214053630714
3.22227843109e-05 3.7276896815e-05 0.00010852868549 0.00105027943052 0.00364484216755 0.0228568517563 0.348409978495 0.214053630714
3.22227843109e-05 3.7276896815e-05 0.00010852868549 0.00105027943052 0.00364484216755 0.0228568517563 0.348409978495 0.214053630714
3.22227843109e-05 3.7276896815e-05 0.00010852868549 0.00105027943052 0.00364484216755 0.0228568517563 0.348409978495 0.214053630714
3.22227843109e-05 3.7276896815e-05 0.00010852868549 0.00105027943052 0.00364484216755 0.0228568517563 0.348409978495 0.214053630714
3.22227843109e-05 3.7276896815e-05 0.00010852868549 0.00105027943052 0.00364484216755 0.0228568517563 0.348409978495 0.214053630714
3.22227843109e-05 3.7276896815e-05 0.00010852868549 0.00105027943052 0.00364484216755 0.0228568517563 0.348409978495 0.214053630714
3.22227843109e-05 3.7276896815e-05 0.00010852868549 0.00105027943052 0.00364484216755 0.0228568517563 0.348409978495 0.214053630714
3.22227843109e-05 3.7276896815e-05 0.00010852868549 0.00105027943052 0.00364484216755 0.0228568517563 0.348409978495 0.214053630714
3.22227843109e-05 3.7276896815e-05 0.00010852868549 0.00105027943052 0.00364484216755 0.0228568517563 0.348409978495 0.214053630714
3.22227843109e-05 3.7276896815e-05 0.00010852868549 0.00105027943052 0.00364484216755 0.0228568517563 0.348409978495 0.214053630714
3.22227843109e-05 3.7276896815e-05 0.00010852868549 0.00105027943052 0.00364484216755 0.0228568517563 0.348409978495 0.214053630714
3.22227843109e-05 3.7276896815e-05 0.00010852868549 0.00105027943052 0.00364484216755 0.0228568517563 0.348409978495 0.214053630714
3.22227843109e-05 3.7276896815e-05 0.00010852868549 0.00105027943052 0.00364484216755 0.0228568517563 0.348409978495 0.214053630714
3.22227843109e-05 3.7276896815e-05 0.00010852868549 0.00105027943052 0.00364484216755 0.0228568517563 0.348409978495 0.214053630714
3.22227843109e-05 3.7276896815e-05 0.00010852868549 0.00105027943052 0.00364484216755 0.0228568517563 0.348409978495 0.214053630714
3.22227843109e-05 3.7276896815e-05 0.00010852868549 0.00105027943052 0.00364484216755 0.0228568517563 0.348409978495 0.214053630714
3.22227843109e-05 3.7276896815e-05 0.00010852868549 0.00105027943052 0.00364484216755 0.0228568517563 0.348409978495 0.214053630714
3.22227843109e-05 3.7276896815e-05 0.00010852868549 0.00105027943052 0.00364484216755 0.0228568517563 0.348409978495 0.214053630714
3.22227843109e-05 3.7276896815e-05 0.00010852868549 0.00105027943052 0.00364484216755 0.0228568517563 0.348409978495 0.214053630714
3.22227843109e-05 3.7276896815e-05 0.00010852868549 0.00105027943052 0.00364484216755 0.0228568517563 0.348409978495 0.214053630714
3.22227843109e-05 3.7276896815e-05 0.00010852868549 0.00105027943052 0.00364484216755 0.0228568517563 0.348409978495 0.214053630714
3.22227843109e-05 3.7276896815e-05 0.00010852868549 0.00105027943052 0.00364484216755 0.0228568517563 0.348409978495 0.214053630714
3.22227843109e-05 3.7276896815e-05 0.00010852868549 0.00105027943052 0.00364484216755 0.0228568517563 0.348409978495 0.214053630714
3.22227843109e-05 3.7276896815e-05 0.00010852868549 0.00105027943052 0.00364484216755 0.0228568517563 0.348409978495 0.214053630714
3.22227843109e-05 3.7276896815e-05 0.00010852868549 0.00105027943052 0.00364484216755 0.0228568517563 0.348409978495 0.214053630714
3.22227843109e-05 3.7276896815e-05 0.00010852868549 0.00105027943052 0.00364484216755 0.0228568517563 0.348409978495 0.214053630714
3.22227843109e-05 3.7276896815e-05 0.00010852868549 0.00105027943052 0.00364484216755 0.0228568517563 0.348409978495 0.214053630714
3.22227843109e-05 3.7276896815e-05 0.00010852868549 0.00105027943052 0.00364484216755 0.0228568517563 0.348409978495 0.214053630714
3.48907468637e-05 4.02307218315e-05 0.000117156121722 0.00113304295024 0.00393210133173 0.0246576202075 0.375853672843 0.230940388881
3.22227843109e-05 3.7276896815e-05 0.00010852868549 0.00105027943052 0.00364484216755 0.0228568517563 0.348409978495 0.214053630714
3.22227843109e-05 3.7276896815e-05 0.00010852868549 0.00105027943052 0.00364484216755 0.0228568517563 0.348409978495 0.214053630714
3.22227843109e-05 3.7276896815e-05 0.00010852868549 0.00105027943052 0.00364484216755 0.0228568517563 0.348409978495 0.214053630714
3.22227843109e-05 3.7276896815e-05 0.00010852868549 0.00105027943052 0.00364484216755 0.0228568517563 0.348409978495 0.214053630714
3.22227843109e-05 3.7276896815e-05 0.00010852868549 0.00105027943052 0.00364484216755 0.0228568517563 0.348409978495 0.214053630714
3.22227843109e-05 3.7276896815e-05 0.00010852868549 0.00105027943052 0.00364484216755 0.0228568517563 0.348409978495 0.214053630714
0.000324062538349 0.000360386216843 0.00105225589982 0.0101035119112 0.035067188681 0.219837060999 0.285263266177 0.214053630714
3.22227843109e-05 3.7276896815e-05 0.00010852868549 0.00105027943052 0.00364484216755 0.0228568517563 0.348409978495 0.214053630714
3.22227843109e-05 3.7276896815e-05 0.00010852868549 0.00105027943052 0.00364484216755 0.0228568517563 0.348409978495 0.214053630714
3.22227843109e-05 3.7276896815e-05 0.00010852868549 0.00105027943052 0.00364484216755 0.0228568517563 0.348409978495 0.214053630714
3.22227843109e-05 3.7276896815e-05 0.00010852868549 0.00105027943052 0.00364484216755 0.0228568517563 0.348409978495 0.214053630714
3.22227843109e-05 3.7276896815e-05 0.00010852868549 0.00105027943052 0.00364484216755 0.0228568517563 0.348409978495 0.214053630714
3.22227843109e-05 3.7276896815e-05 0.00010852868549 0.00105027943052 0.00364484216755 0.0228568517563 0.348409978495 0.214053630714
3.22227843109e-05 3.7276896815e-05 0.00010852868549 0.00105027943052 0.00364484216755 0.0228568517563 0.348409978495 0.214053630714
0.00010498218191 0.000117832198684 5.36460581452e-05 0.00105027943052 0.00364484216755 0.0228568517563 0.348409978495 0.214053630714
3.22227843109e-05 3.7276896815e-05 0.00010852868549 0.00105027943052 0.00364484216755 0.0228568517563 0.348409978495 0.214053630714
3.22227843109e-05 3.7276896815e-05 0.00010852868549 0.00105027943052 0.00364484216755 0.0228568517563 0.348409978495 0.214053630714
3.22227843109e-05 3.7276896815e-05 0.00010852868549 0.00105027943052 0.00364484216755 0.0228568517563 0.348409978495 0.214053630714
3.22227843109e-05 3.7276896815e-05 0.00010852868549 0.00105027943052 0.00364484216755 0.0228568517563 0.348409978495 0.214053630714
3.22227843109e-05 3.7276896815e-05 0.00010852868549 0.00105027943052 0.00364484216755 0.0228568517563 0.348409978495 0.214053630714
3.22227843109e-05 3.7276896815e-05 0.00010852868549 0.00105027943052 0.00364484216755 0.0228568517563 0.348409978495 0.214053630714
3.22227843109e-05 3.7276896815e-05 0.00010852868549 0.00105027943052 0.00364484216755 0.0228568517563 0.348409978495 0.214053630714
3.22227843109e-05 3.7276896815e-05 0.00010852868549 0.00105027943052 0.00364484216755 0.0228568517563 0.348409978495 0.214053630714
0.000145812831465 0.000163037703525 0.000475846767735 0.00457398410112 0.0158750670521 0.0174624129087 0.348409978495 0.214053630714
3.22227843109e-05 3.7276896815e-05 0.00010852868549 0.00105027943052 0.00364484216755 0.0228568517563 0.348409978495 0.214053630714
3.22227843109e-05 3.7276896815e-05 0.00010852868549 0.00105027943052 0.00364484216755 0.0228568517563 0.348409978495 0.214053630714
3.22227843109e-05 3.7276896815e-05 0.00010852868549 0.00105027943052 0.00364484216755 0.0228568517563 0.348409978495 0.214053630714
9.21807941203e-05 0.000103659188849 0.000302415929402 0.00291025153634 0.0101005129061 0.0210138678206 0.348409978495 0.214053630714
3.22227843109e-05 3.7276896815e-05 0.00010852868549 0.00105027943052 0.00364484216755 0.0228568517563 0.348409978495 0.214053630714
3.22227843109e-05 3.7276896815e-05 0.00010852868549 0.00105027943052 0.00364484216755 0.0228568517563 0.348409978495 0.214053630714
3.22227843109e-05 3.7276896815e-05 0.00010852868549 0.00105027943052 0.00364484216755 0.0228568517563 0.348409978495 0.214053630714
0.000222962546581 0.000248453729431 0.000725327123738 0.00696726430746 0.0241817663563 0.00138847123774 0.348409978495 0.214053630714
3.0682386872e-05 3.55714514047e-05 0.000103547475891 0.00100249438433 0.0034789877854 0.021817144843 0.332564854865 0.204303749102
3.22227843109e-05 3.7276896815e-05 0.00010852868549 0.00105027943052 0.00364484216755 0.0228568517563 0.348409978495 0.214053630714
3.22227843109e-05 3.7276896815e-05 0.00010852868549 0.00105027943052 0.00364484216755 0.0228568517563 0.348409978495 0.214053630714
3.22227843109e-05 3.7276896815e-05 0.00010852868549 0.00105027943052 0.00364484216755 0.0228568517563 0.348409978495 0.214053630714
3.22227843109e-05 3.7276896815e-05 0.00010852868549 0.00105027943052 0.00364484216755 0.0228568517563 0.348409978495 0.214053630714
3.22227843109e-05 3.7276896815e-05 0.00010852868549 0.00105027943052 0.00364484216755 0.0228568517563 0.348409978495 0.214053630714
3.22227843109e-05 3.7276896815e-05 0.00010852868549 0.00105027943052 0.00364484216755 0.0228568517563 0.348409978495 0.214053630714
3.22227843109e-05 3.7276896815e-05 0.00010852868549 0.00105027943052 0.00364484216755 0.0228568517563 0.348409978495 0.214053630714
3.22227843109e-05 3.7276896815e-05 0.00010852868549 0.00105027943052 0.00364484216755 0.0228568517563 0.348409978495 0.214053630714
3.22227843109e-05 3.7276896815e-05 0.00010852868549 0.00105027943052 0.00364484216755 0.0228568517563 0.348409978495 0.214053630714
3.22227843109e-05 3.7276896815e-05 0.00010852868549 0.00105027943052 0.00364484216755 0.0228568517563 0.348409978495 0.214053630714
3.22227843109e-05 3.7276896815e-05 0.00010852868549 0.00105027943052 0.00364484216755 0.0228568517563 0.348409978495 0.214053630714
3.22227843109e-05 3.7276896815e-05 0.00010852868549 0.00105027943052 0.00364484216755 0.0228568517563 0.348409978495 0.214053630714
3.22227843109e-05 3.7276896815e-05 0.00010852868549 0.00105027943052 0.00364484216755 0.0228568517563 0.348409978495 0.214053630714
3.22227843109e-05 3.7276896815e-05 0.00010852868549 0.00105027943052 0.00364484216755 0.0228568517563 0.348409978495 0.214053630714
3.22227843109e-05 3.7276896815e-05 0.00010852868549 0.00105027943052 0.00364484216755 0.0228568517563 0.348409978495 0.214053630714
3.22227843109e-05 3.7276896815e-05 0.00010852868549 0.00105027943052 0.00364484216755 0.0228568517563 0.348409978495 0.214053630714
3.22227843109e-05 3.7276896815e-05 0.00010852868549 0.00105027943052 0.00364484216755 0.0228568517563 0.348409978495 0.214053630714
3.22227843109e-05 3.7276896815e-05 0.00010852868549 0.00105027943052 0.00364484216755 0.0228568517563 0.348409978495 0.214053630714
3.22227843109e-05 3.7276896815e-05 0.00010852868549 0.00105027943052 0.00364484216755 0.0228568517563 0.348409978495 0.214053630714
3.22227843109e-05 3.7276896815e-05 0.00010852868549 0.00105027943052 0.00364484216755 0.0228568517563 0.348409978495 0.214053630714
3.22227843109e-05 3.7276896815e-05 0.00010852868549 0.00105027943052 0.00364484216755 0.0228568517563 0.348409978495 0.214053630714
3.22227843109e-05 3.7276896815e-05 0.00010852868549 0.00105027943052 0.00364484216755 0.0228568517563 0.348409978495 0.214053630714
3.22227843109e-05 3.7276896815e-05 0.00010852868549 0.00105027943052 0.00364484216755 0.0228568517563 0.348409978495 0.214053630714
3.22227843109e-05 3.7276896815e-05 0.00010852868549 0.00105027943052 0.00364484216755 0.0228568517563 0.348409978495 0.214053630714
3.22227843109e-05 3.7276896815e-05 0.00010852868549 0.00105027943052 0.00364484216755 0.0228568517563 0.348409978495 0.214053630714
3.22227843109e-05 3.7276896815e-05 0.00010852868549 0.00105027943052 0.00364484216755 0.0228568517563 0.348409978495 0.214053630714
0.000147413271665 0.000164809625059 0.000481022138641 0.00462363174852 0.00097985393897 0.0228568517563 0.348409978495 0.214053630714
3.22227843109e-05 3.7276896815e-05 0.00010852868549 0.00105027943052 0.00364484216755 0.0228568517563 0.348409978495 0.214053630714
3.22227843109e-05 3.7276896815e-05 0.00010852868549 0.00105027943052 0.00364484216755 0.0228568517563 0.348409978495 0.214053630714
3.22227843109e-05 3.7276896815e-05 0.00010852868549 0.00105027943052 0.00364484216755 0.0228568517563 0.348409978495 0.214053630714
3.22227843109e-05 3.7276896815e-05 0.00010852868549 0.00105027943052 0.00364484216755 0.0228568517563 0.348409978495 0.214053630714
3.22227843109e-05 3.7276896815e-05 0.00010852868549 0.00105027943052 0.00364484216755 0.0228568517563 0.348409978495 0.214053630714
3.22227843109e-05 3.7276896815e-05 0.00010852868549 0.00105027943052 0.00364484216755 0.0228568517563 0.348409978495 0.214053630714
3.22227843109e-05 3.7276896815e-05 0.00010852868549 0.00105027943052 0.00364484216755 0.0228568517563 0.348409978495 0.214053630714
3.22227843109e-05 3.7276896815e-05 0.00010852868549 0.00105027943052 0.00364484216755 0.0228568517563 0.348409978495 0.214053630714
3.22227843109e-05 3.7276896815e-05 0.00010852868549 0.00105027943052 0.00364484216755 0.0228568517563 0.348409978495 0.214053630714
3.22227843109e-05 3.7276896815e-05 0.00010852868549 0.00105027943052 0.00364484216755 0.0228568517563 0.348409978495 0.214053630714
3.22227843109e-05 3.7276896815e-05 0.00010852868549 0.00105027943052 0.00364484216755 0.0228568517563 0.348409978495 0.214053630714
3.22227843109e-05 3.7276896815e-05 0.00010852868549 0.00105027943052 0.00364484216755 0.0228568517563 0.348409978495 0.214053630714
3.22227843109e-05 3.7276896815e-05 0.00010852868549 0.00105027943052 0.00364484216755 0.0228568517563 0.348409978495 0.214053630714
3.22227843109e-05 3.7276896815e-05 0.00010852868549 0.00105027943052 0.00364484216755 0.0228568517563 0.348409978495 0.214053630714
3.80382656735e-05 4.37154858102e-05 0.000127334307241 0.00123068290206 0.00427099425269 0.0267820700303 0.408230268265 0.0635690122554
3.22227843109e-05 3.7276896815e-05 0.00010852868549 0.00105027943052 0.00364484216755 0.0228568517563 0.348409978495 0.214053630714
3.22227843109e-05 3.7276896815e-05 0.00010852868549 0.00105027943052 0.00364484216755 0.0228568517563 0.348409978495 0.214053630714
3.22227843109e-05 3.7276896815e-05 0.00010852868549 0.00105027943052 0.00364484216755 0.0228568517563 0.348409978495 0.214053630714
3.22227843109e-05 3.7276896815e-05 0.00010852868549 0.00105027943052 0.00364484216755 0.0228568517563 0.348409978495 0.214053630714
3.22227843109e-05 3.7276896815e-05 0.00010852868549 0.00105027943052 0.00364484216755 0.0228568517563 0.348409978495 0.214053630714
3.27871292859e-05 3.79017092972e-05 0.000110353617507 0.00106778611419 0.00370560511404 0.0232377621351 0.354215049103 0.205063454046
3.22227843109e-05 3.7276896815e-05 0.00010852868549 0.00105027943052 0.00364484216755 0.0228568517563 0.348409978495 0.214053630714
3.22227843109e-05 3.7276896815e-05 0.00010852868549 0.00105027943052 0.00364484216755 0.0228568517563 0.348409978495 0.214053630714
3.22227843109e-05 3.7276896815e-05 0.00010852868549 0.00105027943052 0.00364484216755 0.0228568517563 0.348409978495 0.214053630714
3.22227843109e-05 3.7276896815e-05 0.00010852868549 0.00105027943052 0.00364484216755 0.0228568517563 0.348409978495 0.214053630714
3.22227843109e-05 3.7276896815e-05 0.00010852868549 0.00105027943052 0.00364484216755 0.0228568517563 0.348409978495 0.214053630714
3.22227843109e-05 3.7276896815e-05 0.00010852868549 0.00105027943052 0.00364484216755 0.0228568517563 0.348409978495 0.214053630714
3.22227843109e-05 3.7276896815e-05 0.00010852868549 0.00105027943052 0.00364484216755 0.0228568517563 0.348409978495 0.214053630714
3.22227843109e-05 3.7276896815e-05 0.00010852868549 0.00105027943052 0.00364484216755 0.0228568517563 0.348409978495 0.214053630714
3.22227843109e-05 3.7276896815e-05 0.00010852868549 0.00105027943052 0.00364484216755 0.0228568517563 0.348409978495 0.214053630714
3.22227843109e-05 3.7276896815e-05 0.00010852868549 0.00105027943052 0.00364484216755 0.0228568517563 0.348409978495 0.214053630714
3.22227843109e-05 3.7276896815e-05 0.00010852868549 0.00105027943052 0.00364484216755 0.0228568517563 0.348409978495 0.214053630714
3.22227843109e-05 3.7276896815e-05 0.00010852868549 0.00105027943052 0.00364484216755 0.0228568517563 0.348409978495 0.214053630714
3.22227843109e-05 3.7276896815e-05 0.00010852868549 0.00105027943052 0.00364484216755 0.0228568517563 0.348409978495 0.214053630714
3.22227843109e-05 3.7276896815e-05 0.00010852868549 0.00105027943052 0.00364484216755 0.0228568517563 0.348409978495 0.214053630714
3.22227843109e-05 3.7276896815e-05 0.00010852868549 0.00105027943052 0.00364484216755 0.0228568517563 0.348409978495 0.214053630714
3.22227843109e-05 3.7276896815e-05 0.00010852868549 0.00105027943052 0.00364484216755 0.0228568517563 0.348409978495 0.214053630714
3.22227843109e-05 3.7276896815e-05 0.00010852868549 0.00105027943052 0.00364484216755 0.0228568517563 0.348409978495 0.214053630714
3.22227843109e-05 3.7276896815e-05 0.00010852868549 0.00105027943052 0.00364484216755 0.0228568517563 0.348409978495 0.214053630714
3.22227843109e-05 3.7276896815e-05 0.00010852868549 0.00105027943052 0.00364484216755 0.0228568517563 0.348409978495 0.214053630714
3.22227843109e-05 3.7276896815e-05 0.00010852868549 0.00105027943052 0.00364484216755 0.0228568517563 0.348409978495 0.214053630714
3.22227843109e-05 3.7276896815e-05 0.00010852868549 0.00105027943052 0.00364484216755 0.0228568517563 0.348409978495 0.214053630714
3.22227843109e-05 3.7276896815e-05 0.00010852868549 0.00105027943052 0.00364484216755 0.0228568517563 0.348409978495 0.214053630714
3.22227843109e-05 3.7276896815e-05 0.00010852868549 0.00105027943052 0.00364484216755 0.0228568517563 0.348409978495 0.214053630714
3.22227843109e-05 3.7276896815e-05 0.00010852868549 0.00105027943052 0.00364484216755 0.0228568517563 0.348409978495 0.214053630714
3.22227843109e-05 3.7276896815e-05 0.00010852868549 0.00105027943052 0.00364484216755 0.0228568517563 0.348409978495 0.214053630714
3.22227843109e-05 3.7276896815e-05 0.00010852868549 0.00105027943052 0.00364484216755 0.0228568517563 0.348409978495 0.214053630714
3.22227843109e-05 3.7276896815e-05 0.00010852868549 0.00105027943052 0.00364484216755 0.0228568517563 0.348409978495 0.214053630714
3.22227843109e-05 3.7276896815e-05 0.00010852868549 0.00105027943052 0.00364484216755 0.0228568517563 0.348409978495 0.214053630714
3.22227843109e-05 3.7276896815e-05 0.00010852868549 0.00105027943052 0.00364484216755 0.0228568517563 0.348409978495 0.214053630714
3.22227843109e-05 3.7276896815e-05 0.00010852868549 0.00105027943052 0.00364484216755 0.0228568517563 0.348409978495 0.214053630714
3.22227843109e-05 3.7276896815e-05 0.00010852868549 0.00105027943052 0.00364484216755 0.0228568517563 0.348409978495 0.214053630714
3.22227843109e-05 3.7276896815e-05 0.00010852868549 0.00105027943052 0.00364484216755 0.0228568517563 0.348409978495 0.214053630714
3.22227843109e-05 3.7276896815e-05 0.00010852868549 0.00105027943052 0.00364484216755 0.0228568517563 0.348409978495 0.214053630714
3.22227843109e-05 3.7276896815e-05 0.00010852868549 0.00105027943052 0.00364484216755 0.0228568517563 0.348409978495 0.214053630714
3.59640009839e-05 3.13495944431e-05 0.00010852868549 0.00105027943052 0.00364484216755 0.0228568517563 0.348409978495 0.214053630714
3.22227843109e-05 3.7276896815e-05 0.00010852868549 0.00105027943052 0.00364484216755 0.0228568517563 0.348409978495 0.214053630714
3.8037789194e-05 2.71892213337e-05 0.00010852868549 0.00105027943052 0.00364484216755 0.0228568517563 0.348409978495 0.214053630714
3.22227843109e-05 3.7276896815e-05 0.00010852868549 0.00105027943052 0.00364484216755 0.0228568517563 0.348409978495 0.214053630714
3.22227843109e-05 3.7276896815e-05 0.00010852868549 0.00105027943052 0.00364484216755 0.0228568517563 0.348409978495 0.214053630714
3.22227843109e-05 3.7276896815e-05 0.00010852868549 0.00105027943052 0.00364484216755 0.0228568517563 0.348409978495 0.214053630714
3.22227843109e-05 3.7276896815e-05 0.00010852868549 0.00105027943052 0.00364484216755 0.0228568517563 0.348409978495 0.214053630714
3.22227843109e-05 3.7276896815e-05 0.00010852868549 0.00105027943052 0.00364484216755 0.0228568517563 0.348409978495 0.214053630714
3.22227843109e-05 3.7276896815e-05 0.00010852868549 0.00105027943052 0.00364484216755 0.0228568517563 0.348409978495 0.214053630714
3.22227843109e-05 3.7276896815e-05 0.00010852868549 0.00105027943052 0.00364484216755 0.0228568517563 0.348409978495 0.214053630714
3.22227843109e-05 3.7276896815e-05 0.00010852868549 0.00105027943052 0.00364484216755 0.0228568517563 0.348409978495 0.214053630714
3.22227843109e-05 3.7276896815e-05 0.00010852868549 0.00105027943052 0.00364484216755 0.0228568517563 0.348409978495 0.214053630714
3.22227843109e-05 3.7276896815e-05 0.00010852868549 0.00105027943052 0.00364484216755 0.0228568517563 0.348409978495 0.214053630714
3.22227843109e-05 3.7276896815e-05 0.00010852868549 0.00105027943052 0.00364484216755 0.0228568517563 0.348409978495 0.214053630714
3.22227843109e-05 3.7276896815e-05 0.00010852868549 0.00105027943052 0.00364484216755 0.0228568517563 0.348409978495 0.214053630714
3.22227843109e-05 3.7276896815e-05 0.00010852868549 0.00105027943052 0.00364484216755 0.0228568517563 0.348409978495 0.214053630714
3.22227843109e-05 3.7276896815e-05 0.00010852868549 0.00105027943052 0.00364484216755 0.0228568517563 0.348409978495 0.214053630714
3.22227843109e-05 3.7276896815e-05 0.00010852868549 0.00105027943052 0.00364484216755 0.0228568517563 0.348409978495 0.214053630714
3.22227843109e-05 3.7276896815e-05 0.00010852868549 0.00105027943052 0.00364484216755 0.0228568517563 0.348409978495 0.214053630714
3.22227843109e-05 3.7276896815e-05 0.00010852868549 0.00105027943052 0.00364484216755 0.0228568517563 0.348409978495 0.214053630714
3.22227843109e-05 3.7276896815e-05 0.00010852868549 0.00105027943052 0.00364484216755 0.0228568517563 0.348409978495 0.214053630714
3.22227843109e-05 3.7276896815e-05 0.00010852868549 0.00105027943052 0.00364484216755 0.0228568517563 0.348409978495 0.214053630714
3.22227843109e-05 3.7276896815e-05 0.00010852868549 0.00105027943052 0.00364484216755 0.0228568517563 0.348409978495 0.214053630714
3.22227843109e-05 3.7276896815e-05 0.00010852868549 0.00105027943052 0.00364484216755 0.0228568517563 0.348409978495 0.214053630714
3.22227843109e-05 3.7276896815e-05 0.00010852868549 0.00105027943052 0.00364484216755 0.0228568517563 0.348409978495 0.214053630714
3.22227843109e-05 3.7276896815e-05 0.00010852868549 0.00105027943052 0.00364484216755 0.0228568517563 0.348409978495 0.214053630714
3.22227843109e-05 3.7276896815e-05 0.00010852868549 0.00105027943052 0.00364484216755 0.0228568517563 0.348409978495 0.214053630714
3.22227843109e-05 3.7276896815e-05 0.00010852868549 0.00105027943052 0.00364484216755 0.0228568517563 0.348409978495 0.214053630714
3.22227843109e-05 3.7276896815e-05 0.00010852868549 0.00105027943052 0.00364484216755 0.0228568517563 0.348409978495 0.214053630714
3.22227843109e-05 3.7276896815e-05 0.00010852868549 0.00105027943052 0.00364484216755 0.0228568517563 0.348409978495 0.214053630714
3.22227843109e-05 3.7276896815e-05 0.00010852868549 0.00105027943052 0.00364484216755 0.0228568517563 0.348409978495 0.214053630714
3.22227843109e-05 3.7276896815e-05 0.00010852868549 0.00105027943052 0.00364484216755 0.0228568517563 0.348409978495 0.214053630714
3.22227843109e-05 3.7276896815e-05 0.00010852868549 0.00105027943052 0.00364484216755 0.0228568517563 0.348409978495 0.214053630714
3.22227843109e-05 3.7276896815e-05 0.00010852868549 0.00105027943052 0.00364484216755 0.0228568517563 0.348409978495 0.214053630714
3.22227843109e-05 3.7276896815e-05 0.00010852868549 0.00105027943052 0.00364484216755 0.0228568517563 0.348409978495 0.214053630714
3.22227843109e-05 3.7276896815e-05 0.00010852868549 0.00105027943052 0.00364484216755 0.0228568517563 0.348409978495 0.214053630714
9.39909014644e-05 0.000105663242598 6.93253110378e-05 0.00105027943052 0.00364484216755 0.0228568517563 0.348409978495 0.214053630714
3.22227843109e-05 3.7276896815e-05 0.00010852868549 0.00105027943052 0.00364484216755 0.0228568517563 0.348409978495 0.214053630714
3.22227843109e-05 3.7276896815e-05 0.00010852868549 0.00105027943052 0.00364484216755 0.0228568517563 0.348409978495 0.214053630714
3.22227843109e-05 3.7276896815e-05 0.00010852868549 0.00105027943052 0.00364484216755 0.0228568517563 0.348409978495 0.214053630714
3.22227843109e-05 3.7276896815e-05 0.00010852868549 0.00105027943052 0.00364484216755 0.0228568517563 0.348409978495 0.214053630714
3.22227843109e-05 3.7276896815e-05 0.00010852868549 0.00105027943052 0.00364484216755 0.0228568517563 0.348409978495 0.214053630714
