0.220904761878 0.0514714805915 0.0976821679163 0.0827589150224 0.0780413239939 0.341721496571 0.106243218358 0.640162326596
0.249408694056 0.380873607754 0.191019633375 0.00624043067096 0.172347354616 0.482416501647 0.596288941299 0.0952830774222
0.00128255362826 0.00112922734504 0.000619682956275 0.000967287908136 0.00239550024246 0.00126677716493 0.030945476455 0.704307993295
0.0111933888942 0.0216220793364 0.0234953190355 0.00243133849416 0.00736429872888 0.0629234219485 0.21233972212 0.672393514597
0.030135061679 0.179385330523 0.15152718231 0.240750121029 0.466724715149 0.443543303318 0.252934920959 0.56782260418
0.000129873763999 0.00011685854569 0.000144429910347 0.196571406486 0.204506554854 0.113475055096 0.040346545012 0.854144794371
0.110871328933 0.00166164590697 0.150184028311 0.0688567980639 0.0465247318174 0.398060890191 0.59224507854 0.228661199509
0.00120970794785 0.0072840413739 0.0207622699965 0.0423205487389 0.103210089731 0.603986567964 0.429967487127 0.325871445277
0.00108983295213 0.0031903652013 0.00773454309047 0.0225572061996 0.0846479066723 0.063539757128 0.208243610418 0.771418181016
0.149551751464 0.00296585544847 0.171700901368 0.104229335407 0.465006594611 0.37716159198 0.0132036605549 0.200115768063
0.00243807041971 0.0186851616934 0.0152376410477 0.125010197643 0.0773619323231 0.222757924583 0.0937639476305 0.913575781098
0.0100338173457 0.00808640648804 0.0174244794205 0.00553388910105 0.00708281487716 0.0459942569589 0.0738592288492 0.583061431819
0.0178930878742 0.0931283758049 0.0804947248341 0.0294838475245 0.337643713151 0.170304817263 0.497892508991 0.586914314193
0.0112350942388 0.00458581022284 0.0168405067333 0.0255172319142 0.0187570956733 0.172052547592 0.0170413589966 0.600275732839
5.76679522446e-05 0.000917258153016 0.00184705486211 0.006408439123 0.0296024541824 0.0698491182682 0.221323529853 0.59446563807
0.0450882565277 0.0563476329955 0.000401383739545 0.0750320466829 0.110870865981 0.52688902605 0.48622104135 0.144971882919
0.000494788868287 0.00430508297503 0.000622848849347 0.00415355276828 0.130980679907 0.327086836002 0.282635756441 0.322327664622
0.0214935465113 0.0107038771487 0.0455825913591 0.0554539422272 0.0915896223529 0.802885884102 0.703248321277 0.361281429899
0.25170900647 0.537929160151 0.0418656469913 0.337090535426 0.126372410366 0.235134968647 0.0329377973684 0.327346505374
0.0363039387572 0.0173511205872 0.0292781479146 0.0500677678541 0.14197984699 0.0166000983956 0.582703197107 0.469752427804
0.0205905517986 0.0624298863308 0.121269326014 0.233123738384 0.032186551012 0.256264666098 0.608604436215 0.290416499077
0.0909353241307 0.0164130172653 0.0878796252954 0.0482531072133 0.130824742227 0.154658511117 0.368968851719 0.519952272561
0.0487070625211 0.0512889260214 0.124218678891 0.250358921077 0.243962453164 0.300007100532 0.0388499169312 0.588220502404
0.000132606058313 8.17298276483e-05 0.000191885846632 0.00112979688505 0.0094329415522 0.0727605327747 0.0325167987415 0.693657583071
0.000749716595991 0.000958416343664 0.00467766148086 0.0103030906294 0.0185899806608 0.377809449578 0.627743524451 0.0755747441872
0.0272930526585 0.0730218339019 0.0861438089785 0.0465007508983 0.171183641099 0.270989814542 0.564455638045 0.554993144377
0.000255439372952 0.000165116615958 0.00023480447037 0.000949331643734 0.00280728912822 0.00149725807573 0.447563665851 0.749528539889
0.000273352728257 0.0010134872584 0.0011441238906 0.00029002316227 0.00304222172086 0.0543017959136 0.0376066370267 0.466044237153
0.0518150453633 0.132351286646 0.0624133864649 0.000423954393361 0.243482954828 0.102995569147 0.424477666792 0.49642881598
0.00126959146508 0.00300652615742 0.000652014011954 0.0013982053535 0.0789463227146 0.579855053192 0.6012238709 0.336657724124
0.00193916010583 0.00180913035656 0.00961155104044 0.0179073148268 0.0131121752157 0.00729831349283 0.0279538726053 0.70908391485
0.0893155810488 0.0881794662561 0.156072854993 0.29257976051 0.350500507099 0.344049829553 0.0407322430513 0.661711829822
0.0222627494727 0.0294772873316 0.0554420444895 0.112774736847 0.176738204095 0.251432793603 0.579291866634 0.349082770845
0.0526253398399 0.0351805163451 0.00552307975262 0.0509106892811 0.0754747927737 0.314941566498 0.733031653865 0.180182929836
0.0457373614385 0.0924059415464 0.0999552728695 0.0331097521195 0.250964817629 0.399551861753 0.214601806434 0.0368753462258
0.0409545722693 0.0777302664477 0.393833204216 0.0900764967911 0.181890587569 0.223737855579 0.228320233701 0.553955859742
7.06772308195e-05 0.000492755361169 0.00023985112154 0.000397313831166 0.000943272865836 0.0011673906515 0.0344790734054 0.67996552937
0.418900339762 0.27400036782 0.354692982657 0.00137295971325 0.271460024088 0.346890057728 0.262786513137 0.252049990964
0.000748849501171 0.000695565055057 0.00157274927311 0.0285105848283 0.0767122109893 0.120905218479 0.479810940676 0.537688091386
0.0118101684991 0.0571893986646 0.0271577096262 0.0971512897912 0.0235341944191 0.131257242135 0.17985745526 0.704298185591
0.00786979761468 0.00527327214705 0.0140135082894 0.00344407946195 0.146839717847 0.0450139925177 0.168964680992 0.637386931317
0.12423353564 0.0145056813957 0.0920009784111 0.231012577591 0.257146853538 0.152748965732 0.236456242541 0.510774184903
0.0192519823588 0.00336782682011 0.0297369129385 0.0243938345014 0.0489223172776 0.106549143069 0.540493333843 0.56996914012
0.00487032589629 0.0158524188085 0.00277638970043 0.0250504672681 0.0274235059035 0.0148057791556 0.0143356528725 0.392629763974
0.000494499040099 0.000606326264665 0.0028493536036 0.150543659178 0.125878677177 0.603029869411 0.202364895277 0.821522565076
0.186628031172 0.11308763975 0.218430895456 0.0214822670209 0.0999463923181 0.0284548701822 0.0861971759984 0.622979521882
0.0835527555712 0.147726153458 0.129378164288 0.270845828517 0.108021830088 0.17595616245 0.645990805548 0.536263097523
0.0128343442098 0.0186316681275 0.0458205911529 0.403919017935 0.353791678182 0.64055918431 0.257563787196 0.239756169216
0.00361099112562 0.000848143818044 0.00810823338799 0.0255764955118 0.101666093613 0.451802122817 0.14928036388 0.331686165262
0.106757334894 0.155680666383 0.0690088347752 0.0552967417583 0.0137620744955 0.519546282879 0.141554699857 0.194988613918
0.236632678409 0.0551255144825 0.104630820459 0.0886454404659 0.083590080516 0.366050983882 0.113817400174 0.685774125808
0.220904761878 0.0514714805915 0.0976821679163 0.0827589150224 0.0780413239939 0.341721496571 0.106243218358 0.640162326596
0.220904761878 0.0514714805915 0.0976821679163 0.0827589150224 0.0780413239939 0.341721496571 0.106243218358 0.640162326596
0.220904761878 0.0514714805915 0.0976821679163 0.0827589150224 0.0780413239939 0.341721496571 0.106243218358 0.640162326596
0.220904761878 0.0514714805915 0.0976821679163 0.0827589150224 0.0780413239939 0.341721496571 0.106243218358 0.640162326596
0.220904761878 0.0514714805915 0.0976821679163 0.0827589150224 0.0780413239939 0.341721496571 0.106243218358 0.640162326596
0.220904761878 0.0514714805915 0.0976821679163 0.0827589150224 0.0780413239939 0.341721496571 0.106243218358 0.640162326596
0.220904761878 0.0514714805915 0.0976821679163 0.0827589150224 0.0780413239939 0.341721496571 0.106243218358 0.640162326596
0.220904761878 0.0514714805915 0.0976821679163 0.0827589150224 0.0780413239939 0.341721496571 0.106243218358 0.640162326596
0.220904761878 0.0514714805915 0.0976821679163 0.0827589150224 0.0780413239939 0.341721496571 0.106243218358 0.640162326596
0.220904761878 0.0514714805915 0.0976821679163 0.0827589150224 0.0780413239939 0.341721496571 0.106243218358 0.640162326596
0.220904761878 0.0514714805915 0.0976821679163 0.0827589150224 0.0780413239939 0.341721496571 0.106243218358 0.640162326596
0.220904761878 0.0514714805915 0.0976821679163 0.0827589150224 0.0780413239939 0.341721496571 0.106243218358 0.640162326596
0.220904761878 0.0514714805915 0.0976821679163 0.0827589150224 0.0780413239939 0.341721496571 0.106243218358 0.640162326596
0.220904761878 0.0514714805915 0.0976821679163 0.0827589150224 0.0780413239939 0.341721496571 0.106243218358 0.640162326596
0.220904761878 0.0514714805915 0.0976821679163 0.0827589150224 0.0780413239939 0.341721496571 0.106243218358 0.640162326596
0.220904761878 0.0514714805915 0.0976821679163 0.0827589150224 0.0780413239939 0.341721496571 0.106243218358 0.640162326596
0.220904761878 0.0514714805915 0.0976821679163 0.0827589150224 0.0780413239939 0.341721496571 0.106243218358 0.640162326596
0.220904761878 0.0514714805915 0.0976821679163 0.0827589150224 0.0780413239939 0.341721496571 0.106243218358 0.640162326596
0.220904761878 0.0514714805915 0.0976821679163 0.0827589150224 0.0780413239939 0.341721496571 0.106243218358 0.640162326596
0.222243275471 0.051782454664 0.0982735282462 0.0832598837473 0.0785135471218 0.343792040943 0.106887813919 0.644044087549
0.220904761878 0.0514714805915 0.0976821679163 0.0827589150224 0.0780413239939 0.341721496571 0.106243218358 0.640162326596
0.220904761878 0.0514714805915 0.0976821679163 0.0827589150224 0.0780413239939 0.341721496571 0.106243218358 0.640162326596
0.220904761878 0.0514714805915 0.0976821679163 0.0827589150224 0.0780413239939 0.341721496571 0.106243218358 0.640162326596
0.220904761878 0.0514714805915 0.0976821679163 0.0827589150224 0.0780413239939 0.341721496571 0.106243218358 0.640162326596
0.220904761878 0.0514714805915 0.0976821679163 0.0827589150224 0.0780413239939 0.341721496571 0.106243218358 0.640162326596
0.220904761878 0.0514714805915 0.0976821679163 0.0827589150224 0.0780413239939 0.341721496571 0.106243218358 0.640162326596
0.220904761878 0.0514714805915 0.0976821679163 0.0827589150224 0.0780413239939 0.341721496571 0.106243218358 0.640162326596
0.220904761878 0.0514714805915 0.0976821679163 0.0827589150224 0.0780413239939 0.341721496571 0.106243218358 0.640162326596
0.00220343422626 0.000513296576496 0.00097422153344 0.226845768104 0.0780413239939 0.341721496571 0.106243218358 0.640162326596
0.220904761878 0.0514714805915 0.0976821679163 0.0827589150224 0.0780413239939 0.341721496571 0.106243218358 0.640162326596
0.220904761878 0.0514714805915 0.0976821679163 0.0827589150224 0.0780413239939 0.341721496571 0.106243218358 0.640162326596
0.220904761878 0.0514714805915 0.0976821679163 0.0827589150224 0.0780413239939 0.341721496571 0.106243218358 0.640162326596
0.220904761878 0.0514714805915 0.0976821679163 0.0827589150224 0.0780413239939 0.341721496571 0.106243218358 0.640162326596
0.220904761878 0.0514714805915 0.0976821679163 0.0827589150224 0.0780413239939 0.341721496571 0.106243218358 0.640162326596
0.220904761878 0.0514714805915 0.0976821679163 0.0827589150224 0.0780413239939 0.341721496571 0.106243218358 0.640162326596
0.220904761878 0.0514714805915 0.0976821679163 0.0827589150224 0.0780413239939 0.341721496571 0.106243218358 0.640162326596
0.220904761878 0.0514714805915 0.0976821679163 0.0827589150224 0.0780413239939 0.341721496571 0.106243218358 0.640162326596
0.220904761878 0.0514714805915 0.0976821679163 0.0827589150224 0.0780413239939 0.341721496571 0.106243218358 0.640162326596
0.220904761878 0.0514714805915 0.0976821679163 0.0827589150224 0.0780413239939 0.341721496571 0.106243218358 0.640162326596
0.220904761878 0.0514714805915 0.0976821679163 0.0827589150224 0.0780413239939 0.341721496571 0.106243218358 0.640162326596
0.220904761878 0.0514714805915 0.0976821679163 0.0827589150224 0.0780413239939 0.341721496571 0.106243218358 0.640162326596
0.220904761878 0.0514714805915 0.0976821679163 0.0827589150224 0.0780413239939 0.341721496571 0.106243218358 0.640162326596
0.220904761878 0.0514714805915 0.0976821679163 0.0827589150224 0.0780413239939 0.341721496571 0.106243218358 0.640162326596
0.220904761878 0.0514714805915 0.0976821679163 0.0827589150224 0.0780413239939 0.341721496571 0.106243218358 0.640162326596
0.131634486279 0.0306711901685 0.0582075789006 0.188736764432 0.0780413239939 0.341721496571 0.106243218358 0.640162326596
0.220904761878 0.0514714805915 0.0976821679163 0.0827589150224 0.0780413239939 0.341721496571 0.106243218358 0.640162326596
0.220904761878 0.0514714805915 0.0976821679163 0.0827589150224 0.0780413239939 0.341721496571 0.106243218358 0.640162326596
0.0120329601652 0.00280361093789 0.00532075786991 0.226563587964 0.0780413239939 0.341721496571 0.106243218358 0.640162326596
0.220904761878 0.0514714805915 0.0976821679163 0.0827589150224 0.0780413239939 0.341721496571 0.106243218358 0.640162326596
0.220904761878 0.0514714805915 0.0976821679163 0.0827589150224 0.0780413239939 0.341721496571 0.106243218358 0.640162326596
0.220904761878 0.0514714805915 0.0976821679163 0.0827589150224 0.0780413239939 0.341721496571 0.106243218358 0.640162326596
0.220904761878 0.0514714805915 0.0976821679163 0.0827589150224 0.0780413239939 0.341721496571 0.106243218358 0.640162326596
0.220904761878 0.0514714805915 0.0976821679163 0.0827589150224 0.0780413239939 0.341721496571 0.106243218358 0.640162326596
0.220904761878 0.0514714805915 0.0976821679163 0.0827589150224 0.0780413239939 0.341721496571 0.106243218358 0.640162326596
0.220904761878 0.0514714805915 0.0976821679163 0.0827589150224 0.0780413239939 0.341721496571 0.106243218358 0.640162326596
0.220904761878 0.0514714805915 0.0976821679163 0.0827589150224 0.0780413239939 0.341721496571 0.106243218358 0.640162326596
0.220904761878 0.0514714805915 0.0976821679163 0.0827589150224 0.0780413239939 0.341721496571 0.106243218358 0.640162326596
0.220904761878 0.0514714805915 0.0976821679163 0.0827589150224 0.0780413239939 0.341721496571 0.106243218358 0.640162326596
0.220904761878 0.0514714805915 0.0976821679163 0.0827589150224 0.0780413239939 0.341721496571 0.106243218358 0.640162326596
0.220904761878 0.0514714805915 0.0976821679163 0.0827589150224 0.0780413239939 0.341721496571 0.106243218358 0.640162326596
0.220904761878 0.0514714805915 0.0976821679163 0.0827589150224 0.0780413239939 0.341721496571 0.106243218358 0.640162326596
0.220904761878 0.0514714805915 0.0976821679163 0.0827589150224 0.0780413239939 0.341721496571 0.106243218358 0.640162326596
0.220904761878 0.0514714805915 0.0976821679163 0.0827589150224 0.0780413239939 0.341721496571 0.106243218358 0.640162326596
0.220904761878 0.0514714805915 0.0976821679163 0.0827589150224 0.0780413239939 0.341721496571 0.106243218358 0.640162326596
0.204119317477 0.047571753029 0.0902662955402 0.076476586119 0.0721194753404 0.315756122025 0.0981597571121 0.591483641913
0.223366260203 0.0520433553633 0.0987696671158 0.0836801859636 0.0789097323876 0.345529184095 0.107428616029 0.647300803296
0.220904761878 0.0514714805915 0.0976821679163 0.0827589150224 0.0780413239939 0.341721496571 0.106243218358 0.640162326596
0.220904761878 0.0514714805915 0.0976821679163 0.0827589150224 0.0780413239939 0.341721496571 0.106243218358 0.640162326596
0.220904761878 0.0514714805915 0.0976821679163 0.0827589150224 0.0780413239939 0.341721496571 0.106243218358 0.640162326596
0.220904761878 0.0514714805915 0.0976821679163 0.0827589150224 0.0780413239939 0.341721496571 0.106243218358 0.640162326596
0.220904761878 0.0514714805915 0.0976821679163 0.0827589150224 0.0780413239939 0.341721496571 0.106243218358 0.640162326596
0.220904761878 0.0514714805915 0.0976821679163 0.0827589150224 0.0780413239939 0.341721496571 0.106243218358 0.640162326596
0.220904761878 0.0514714805915 0.0976821679163 0.0827589150224 0.0780413239939 0.341721496571 0.106243218358 0.640162326596
0.220904761878 0.0514714805915 0.0976821679163 0.0827589150224 0.0780413239939 0.341721496571 0.106243218358 0.640162326596
0.220904761878 0.0514714805915 0.0976821679163 0.0827589150224 0.0780413239939 0.341721496571 0.106243218358 0.640162326596
0.220904761878 0.0514714805915 0.0976821679163 0.0827589150224 0.0780413239939 0.341721496571 0.106243218358 0.640162326596
0.220904761878 0.0514714805915 0.0976821679163 0.0827589150224 0.0780413239939 0.341721496571 0.106243218358 0.640162326596
0.220904761878 0.0514714805915 0.0976821679163 0.0827589150224 0.0780413239939 0.341721496571 0.106243218358 0.640162326596
0.220904761878 0.0514714805915 0.0976821679163 0.0827589150224 0.0780413239939 0.341721496571 0.106243218358 0.640162326596
0.220904761878 0.0514714805915 0.0976821679163 0.0827589150224 0.0780413239939 0.341721496571 0.106243218358 0.640162326596
0.220904761878 0.0514714805915 0.0976821679163 0.0827589150224 0.0780413239939 0.341721496571 0.106243218358 0.640162326596
0.220904761878 0.0514714805915 0.0976821679163 0.0827589150224 0.0780413239939 0.341721496571 0.106243218358 0.640162326596
0.220904761878 0.0514714805915 0.0976821679163 0.0827589150224 0.0780413239939 0.341721496571 0.106243218358 0.640162326596
0.220904761878 0.0514714805915 0.0976821679163 0.0827589150224 0.0780413239939 0.341721496571 0.106243218358 0.640162326596
0.220904761878 0.0514714805915 0.0976821679163 0.0827589150224 0.0780413239939 0.341721496571 0.106243218358 0.640162326596
0.220904761878 0.0514714805915 0.0976821679163 0.0827589150224 0.0780413239939 0.341721496571 0.106243218358 0.640162326596
0.220904761878 0.0514714805915 0.0976821679163 0.0827589150224 0.0780413239939 0.341721496571 0.106243218358 0.640162326596
0.220904761878 0.0514714805915 0.0976821679163 0.0827589150224 0.0780413239939 0.341721496571 0.106243218358 0.640162326596
0.220904761878 0.0514714805915 0.0976821679163 0.0827589150224 0.0780413239939 0.341721496571 0.106243218358 0.640162326596
0.220904761878 0.0514714805915 0.0976821679163 0.0827589150224 0.0780413239939 0.341721496571 0.106243218358 0.640162326596
0.220904761878 0.0514714805915 0.0976821679163 0.0827589150224 0.0780413239939 0.341721496571 0.106243218358 0.640162326596
0.220904761878 0.0514714805915 0.0976821679163 0.0827589150224 0.0780413239939 0.341721496571 0.106243218358 0.640162326596
0.220904761878 0.0514714805915 0.0976821679163 0.0827589150224 0.0780413239939 0.341721496571 0.106243218358 0.640162326596
0.220904761878 0.0514714805915 0.0976821679163 0.0827589150224 0.0780413239939 0.341721496571 0.106243218358 0.640162326596
0.220904761878 0.0514714805915 0.0976821679163 0.0827589150224 0.0780413239939 0.341721496571 0.106243218358 0.640162326596
0.220904761878 0.0514714805915 0.0976821679163 0.0827589150224 0.0780413239939 0.341721496571 0.106243218358 0.640162326596
0.220904761878 0.0514714805915 0.0976821679163 0.0827589150224 0.0780413239939 0.341721496571 0.106243218358 0.640162326596
0.220904761878 0.0514714805915 0.0976821679163 0.0827589150224 0.0780413239939 0.341721496571 0.106243218358 0.640162326596
0.220904761878 0.0514714805915 0.0976821679163 0.0827589150224 0.0780413239939 0.341721496571 0.106243218358 0.640162326596
0.220904761878 0.0514714805915 0.0976821679163 0.0827589150224 0.0780413239939 0.341721496571 0.106243218358 0.640162326596
0.220904761878 0.0514714805915 0.0976821679163 0.0827589150224 0.0780413239939 0.341721496571 0.106243218358 0.640162326596
0.220904761878 0.0514714805915 0.0976821679163 0.0827589150224 0.0780413239939 0.341721496571 0.106243218358 0.640162326596
0.220904761878 0.0514714805915 0.0976821679163 0.0827589150224 0.0780413239939 0.341721496571 0.106243218358 0.640162326596
0.220904761878 0.0514714805915 0.0976821679163 0.0827589150224 0.0780413239939 0.341721496571 0.106243218358 0.640162326596
0.220904761878 0.0514714805915 0.0976821679163 0.0827589150224 0.0780413239939 0.341721496571 0.106243218358 0.640162326596
0.220904761878 0.0514714805915 0.0976821679163 0.0827589150224 0.0780413239939 0.341721496571 0.106243218358 0.640162326596
0.220904761878 0.0514714805915 0.0976821679163 0.0827589150224 0.0780413239939 0.341721496571 0.106243218358 0.640162326596
0.220904761878 0.0514714805915 0.0976821679163 0.0827589150224 0.0780413239939 0.341721496571 0.106243218358 0.640162326596
0.220904761878 0.0514714805915 0.0976821679163 0.0827589150224 0.0780413239939 0.341721496571 0.106243218358 0.640162326596
0.220904761878 0.0514714805915 0.0976821679163 0.0827589150224 0.0780413239939 0.341721496571 0.106243218358 0.640162326596
0.220904761878 0.0514714805915 0.0976821679163 0.0827589150224 0.0780413239939 0.341721496571 0.106243218358 0.640162326596
0.220904761878 0.0514714805915 0.0976821679163 0.0827589150224 0.0780413239939 0.341721496571 0.106243218358 0.640162326596
0.220904761878 0.0514714805915 0.0976821679163 0.0827589150224 0.0780413239939 0.341721496571 0.106243218358 0.640162326596
0.220904761878 0.0514714805915 0.0976821679163 0.0827589150224 0.0780413239939 0.341721496571 0.106243218358 0.640162326596
0.220904761878 0.0514714805915 0.0976821679163 0.0827589150224 0.0780413239939 0.341721496571 0.106243218358 0.640162326596
0.220904761878 0.0514714805915 0.0976821679163 0.0827589150224 0.0780413239939 0.341721496571 0.106243218358 0.640162326596
0.220904761878 0.0514714805915 0.0976821679163 0.0827589150224 0.0780413239939 0.341721496571 0.106243218358 0.640162326596
0.220904761878 0.0514714805915 0.0976821679163 0.0827589150224 0.0780413239939 0.341721496571 0.106243218358 0.640162326596
0.220904761878 0.0514714805915 0.0976821679163 0.0827589150224 0.0780413239939 0.341721496571 0.106243218358 0.640162326596
0.220904761878 0.0514714805915 0.0976821679163 0.0827589150224 0.0780413239939 0.341721496571 0.106243218358 0.640162326596
0.220904761878 0.0514714805915 0.0976821679163 0.0827589150224 0.0780413239939 0.341721496571 0.106243218358 0.640162326596
0.220904761878 0.0514714805915 0.0976821679163 0.0827589150224 0.0780413239939 0.341721496571 0.106243218358 0.640162326596
0.220904761878 0.0514714805915 0.0976821679163 0.0827589150224 0.0780413239939 0.341721496571 0.106243218358 0.640162326596
0.220904761878 0.0514714805915 0.0976821679163 0.0827589150224 0.0780413239939 0.341721496571 0.106243218358 0.640162326596
0.220904761878 0.0514714805915 0.0976821679163 0.0827589150224 0.0780413239939 0.341721496571 0.106243218358 0.640162326596
0.2259875838 0.052652361997 0.0999277777193 0.084661275098 0.0798345266081 0.349584105076 0.108690981667 0.654902781872
0.220904761878 0.0514714805915 0.0976821679163 0.0827589150224 0.0780413239939 0.341721496571 0.106243218358 0.640162326596
0.220904761878 0.0514714805915 0.0976821679163 0.0827589150224 0.0780413239939 0.341721496571 0.106243218358 0.640162326596
0.220904761878 0.0514714805915 0.0976821679163 0.0827589150224 0.0780413239939 0.341721496571 0.106243218358 0.640162326596
0.220904761878 0.0514714805915 0.0976821679163 0.0827589150224 0.0780413239939 0.341721496571 0.106243218358 0.640162326596
0.220904761878 0.0514714805915 0.0976821679163 0.0827589150224 0.0780413239939 0.341721496571 0.106243218358 0.640162326596
0.220904761878 0.0514714805915 0.0976821679163 0.0827589150224 0.0780413239939 0.341721496571 0.106243218358 0.640162326596
0.220904761878 0.0514714805915 0.0976821679163 0.0827589150224 0.0780413239939 0.341721496571 0.106243218358 0.640162326596
0.220904761878 0.0514714805915 0.0976821679163 0.0827589150224 0.0780413239939 0.341721496571 0.106243218358 0.640162326596
0.220904761878 0.0514714805915 0.0976821679163 0.0827589150224 0.0780413239939 0.341721496571 0.106243218358 0.640162326596
0.220904761878 0.0514714805915 0.0976821679163 0.0827589150224 0.0780413239939 0.341721496571 0.106243218358 0.640162326596
0.220904761878 0.0514714805915 0.0976821679163 0.0827589150224 0.0780413239939 0.341721496571 0.106243218358 0.640162326596
0.220904761878 0.0514714805915 0.0976821679163 0.0827589150224 0.0780413239939 0.341721496571 0.106243218358 0.640162326596
0.220904761878 0.0514714805915 0.0976821679163 0.0827589150224 0.0780413239939 0.341721496571 0.106243218358 0.640162326596
0.220904761878 0.0514714805915 0.0976821679163 0.0827589150224 0.0780413239939 0.341721496571 0.106243218358 0.640162326596
0.220904761878 0.0514714805915 0.0976821679163 0.0827589150224 0.0780413239939 0.341721496571 0.106243218358 0.640162326596
0.220904761878 0.0514714805915 0.0976821679163 0.0827589150224 0.0780413239939 0.341721496571 0.106243218358 0.640162326596
0.220904761878 0.0514714805915 0.0976821679163 0.0827589150224 0.0780413239939 0.341721496571 0.106243218358 0.640162326596
0.220904761878 0.0514714805915 0.0976821679163 0.0827589150224 0.0780413239939 0.341721496571 0.106243218358 0.640162326596
0.220904761878 0.0514714805915 0.0976821679163 0.0827589150224 0.0780413239939 0.341721496571 0.106243218358 0.640162326596
0.220904761878 0.0514714805915 0.0976821679163 0.0827589150224 0.0780413239939 0.341721496571 0.106243218358 0.640162326596
0.220904761878 0.0514714805915 0.0976821679163 0.0827589150224 0.0780413239939 0.341721496571 0.106243218358 0.640162326596
0.220904761878 0.0514714805915 0.0976821679163 0.0827589150224 0.0780413239939 0.341721496571 0.106243218358 0.640162326596
0.220904761878 0.0514714805915 0.0976821679163 0.0827589150224 0.0780413239939 0.341721496571 0.106243218358 0.640162326596
0.220904761878 0.0514714805915 0.0976821679163 0.0827589150224 0.0780413239939 0.341721496571 0.106243218358 0.640162326596
0.220904761878 0.0514714805915 0.0976821679163 0.0827589150224 0.0780413239939 0.341721496571 0.106243218358 0.640162326596
0.220904761878 0.0514714805915 0.0976821679163 0.0827589150224 0.0780413239939 0.341721496571 0.106243218358 0.640162326596
0.220904761878 0.0514714805915 0.0976821679163 0.0827589150224 0.0780413239939 0.341721496571 0.106243218358 0.640162326596
0.220904761878 0.0514714805915 0.0976821679163 0.0827589150224 0.0780413239939 0.341721496571 0.106243218358 0.640162326596
0.220904761878 0.0514714805915 0.0976821679163 0.0827589150224 0.0780413239939 0.341721496571 0.106243218358 0.640162326596
0.220904761878 0.0514714805915 0.0976821679163 0.0827589150224 0.0780413239939 0.341721496571 0.106243218358 0.640162326596
0.220904761878 0.0514714805915 0.0976821679163 0.0827589150224 0.0780413239939 0.341721496571 0.106243218358 0.640162326596
0.220904761878 0.0514714805915 0.0976821679163 0.0827589150224 0.0780413239939 0.341721496571 0.106243218358 0.640162326596
0.220904761878 0.0514714805915 0.0976821679163 0.0827589150224 0.0780413239939 0.341721496571 0.106243218358 0.640162326596
0.220904761878 0.0514714805915 0.0976821679163 0.0827589150224 0.0780413239939 0.341721496571 0.106243218358 0.640162326596
0.220904761878 0.0514714805915 0.0976821679163 0.0827589150224 0.0780413239939 0.341721496571 0.106243218358 0.640162326596
0.220904761878 0.0514714805915 0.0976821679163 0.0827589150224 0.0780413239939 0.341721496571 0.106243218358 0.640162326596
0.220904761878 0.0514714805915 0.0976821679163 0.0827589150224 0.0780413239939 0.341721496571 0.106243218358 0.640162326596
0.220904761878 0.0514714805915 0.0976821679163 0.0827589150224 0.0780413239939 0.341721496571 0.106243218358 0.640162326596
0.220904761878 0.0514714805915 0.0976821679163 0.0827589150224 0.0780413239939 0.341721496571 0.106243218358 0.640162326596
0.220904761878 0.0514714805915 0.0976821679163 0.0827589150224 0.0780413239939 0.341721496571 0.106243218358 0.640162326596
0.220904761878 0.0514714805915 0.0976821679163 0.0827589150224 0.0780413239939 0.341721496571 0.106243218358 0.640162326596
0.220904761878 0.0514714805915 0.0976821679163 0.0827589150224 0.0780413239939 0.341721496571 0.106243218358 0.640162326596
0.220904761878 0.0514714805915 0.0976821679163 0.0827589150224 0.0780413239939 0.341721496571 0.106243218358 0.640162326596
0.220904761878 0.0514714805915 0.0976821679163 0.0827589150224 0.0780413239939 0.341721496571 0.106243218358 0.640162326596
0.220904761878 0.0514714805915 0.0976821679163 0.0827589150224 0.0780413239939 0.341721496571 0.106243218358 0.640162326596
0.220904761878 0.0514714805915 0.0976821679163 0.0827589150224 0.0780413239939 0.341721496571 0.106243218358 0.640162326596
0.220904761878 0.0514714805915 0.0976821679163 0.0827589150224 0.0780413239939 0.341721496571 0.106243218358 0.640162326596
0.220904761878 0.0514714805915 0.0976821679163 0.0827589150224 0.0780413239939 0.341721496571 0.106243218358 0.640162326596
0.220904761878 0.0514714805915 0.0976821679163 0.0827589150224 0.0780413239939 0.341721496571 0.106243218358 0.640162326596
0.220904761878 0.0514714805915 0.0976821679163 0.0827589150224 0.0780413239939 0.341721496571 0.106243218358 0.640162326596
0.220904761878 0.0514714805915 0.0976821679163 0.0827589150224 0.0780413239939 0.341721496571 0.106243218358 0.640162326596
0.220904761878 0.0514714805915 0.0976821679163 0.0827589150224 0.0780413239939 0.341721496571 0.106243218358 0.640162326596
0.220904761878 0.0514714805915 0.0976821679163 0.0827589150224 0.0780413239939 0.341721496571 0.106243218358 0.640162326596
0.220904761878 0.0514714805915 0.0976821679163 0.0827589150224 0.0780413239939 0.341721496571 0.106243218358 0.640162326596
0.220904761878 0.0514714805915 0.0976821679163 0.0827589150224 0.0780413239939 0.341721496571 0.106243218358 0.640162326596
0.220904761878 0.0514714805915 0.0976821679163 0.0827589150224 0.0780413239939 0.341721496571 0.106243218358 0.640162326596
0.220904761878 0.0514714805915 0.0976821679163 0.0827589150224 0.0780413239939 0.341721496571 0.106243218358 0.640162326596
0.220904761878 0.0514714805915 0.0976821679163 0.0827589150224 0.0780413239939 0.341721496571 0.106243218358 0.640162326596
0.220904761878 0.0514714805915 0.0976821679163 0.0827589150224 0.0780413239939 0.341721496571 0.106243218358 0.640162326596
0.220904761878 0.0514714805915 0.0976821679163 0.0827589150224 0.0780413239939 0.341721496571 0.106243218358 0.640162326596
0.220904761878 0.0514714805915 0.0976821679163 0.0827589150224 0.0780413239939 0.341721496571 0.106243218358 0.640162326596
0.220904761878 0.0514714805915 0.0976821679163 0.0827589150224 0.0780413239939 0.341721496571 0.106243218358 0.640162326596
0.220904761878 0.0514714805915 0.0976821679163 0.0827589150224 0.0780413239939 0.341721496571 0.106243218358 0.640162326596
0.220904761878 0.0514714805915 0.0976821679163 0.0827589150224 0.0780413239939 0.341721496571 0.106243218358 0.640162326596
0.220904761878 0.0514714805915 0.0976821679163 0.0827589150224 0.0780413239939 0.341721496571 0.106243218358 0.640162326596
0.220904761878 0.0514714805915 0.0976821679163 0.0827589150224 0.0780413239939 0.341721496571 0.106243218358 0.640162326596
0.220904761878 0.0514714805915 0.0976821679163 0.0827589150224 0.0780413239939 0.341721496571 0.106243218358 0.640162326596
0.220904761878 0.0514714805915 0.0976821679163 0.0827589150224 0.0780413239939 0.341721496571 0.106243218358 0.640162326596
0.220904761878 0.0514714805915 0.0976821679163 0.0827589150224 0.0780413239939 0.341721496571 0.106243218358 0.640162326596
0.220904761878 0.0514714805915 0.0976821679163 0.0827589150224 0.0780413239939 0.341721496571 0.106243218358 0.640162326596
0.312629646383 0.0728437035841 0.138242165004 0.117123190259 0.110445915855 0.242460746547 0.106243218358 0.640162326596
0.220904761878 0.0514714805915 0.0976821679163 0.0827589150224 0.0780413239939 0.341721496571 0.106243218358 0.640162326596
0.220904761878 0.0514714805915 0.0976821679163 0.0827589150224 0.0780413239939 0.341721496571 0.106243218358 0.640162326596
0.220904761878 0.0514714805915 0.0976821679163 0.0827589150224 0.0780413239939 0.341721496571 0.106243218358 0.640162326596
0.220904761878 0.0514714805915 0.0976821679163 0.0827589150224 0.0780413239939 0.341721496571 0.106243218358 0.640162326596
0.220904761878 0.0514714805915 0.0976821679163 0.0827589150224 0.0780413239939 0.341721496571 0.106243218358 0.640162326596
0.220904761878 0.0514714805915 0.0976821679163 0.0827589150224 0.0780413239939 0.341721496571 0.106243218358 0.640162326596
0.220904761878 0.0514714805915 0.0976821679163 0.0827589150224 0.0780413239939 0.341721496571 0.106243218358 0.640162326596
0.220904761878 0.0514714805915 0.0976821679163 0.0827589150224 0.0780413239939 0.341721496571 0.106243218358 0.640162326596
0.220904761878 0.0514714805915 0.0976821679163 0.0827589150224 0.0780413239939 0.341721496571 0.106243218358 0.640162326596
0.220904761878 0.0514714805915 0.0976821679163 0.0827589150224 0.0780413239939 0.341721496571 0.106243218358 0.640162326596
0.220904761878 0.0514714805915 0.0976821679163 0.0827589150224 0.0780413239939 0.341721496571 0.106243218358 0.640162326596
0.220904761878 0.0514714805915 0.0976821679163 0.0827589150224 0.0780413239939 0.341721496571 0.106243218358 0.640162326596
0.220904761878 0.0514714805915 0.0976821679163 0.0827589150224 0.0780413239939 0.341721496571 0.106243218358 0.640162326596
0.220904761878 0.0514714805915 0.0976821679163 0.0827589150224 0.0780413239939 0.341721496571 0.106243218358 0.640162326596
0.220904761878 0.0514714805915 0.0976821679163 0.0827589150224 0.0780413239939 0.341721496571 0.106243218358 0.640162326596
0.220904761878 0.0514714805915 0.0976821679163 0.0827589150224 0.0780413239939 0.341721496571 0.106243218358 0.640162326596
0.220904761878 0.0514714805915 0.0976821679163 0.0827589150224 0.0780413239939 0.341721496571 0.106243218358 0.640162326596
0.220904761878 0.0514714805915 0.0976821679163 0.0827589150224 0.0780413239939 0.341721496571 0.106243218358 0.640162326596
0.220904761878 0.0514714805915 0.0976821679163 0.0827589150224 0.0780413239939 0.341721496571 0.106243218358 0.640162326596
0.220904761878 0.0514714805915 0.0976821679163 0.0827589150224 0.0780413239939 0.341721496571 0.106243218358 0.640162326596
0.220904761878 0.0514714805915 0.0976821679163 0.0827589150224 0.0780413239939 0.341721496571 0.106243218358 0.640162326596
0.220904761878 0.0514714805915 0.0976821679163 0.0827589150224 0.0780413239939 0.341721496571 0.106243218358 0.640162326596
0.220904761878 0.0514714805915 0.0976821679163 0.0827589150224 0.0780413239939 0.341721496571 0.106243218358 0.640162326596
0.220904761878 0.0514714805915 0.0976821679163 0.0827589150224 0.0780413239939 0.341721496571 0.106243218358 0.640162326596
0.220904761878 0.0514714805915 0.0976821679163 0.0827589150224 0.0780413239939 0.341721496571 0.106243218358 0.640162326596
0.220904761878 0.0514714805915 0.0976821679163 0.0827589150224 0.0780413239939 0.341721496571 0.106243218358 0.640162326596
0.220904761878 0.0514714805915 0.0976821679163 0.0827589150224 0.0780413239939 0.341721496571 0.106243218358 0.640162326596
0.19861814432 0.0462936767364 0.0878358565653 0.0744176487425 0.070178679894 0.307246367125 0.095510526159 0.575529946647
0.220904761878 0.0514714805915 0.0976821679163 0.0827589150224 0.0780413239939 0.341721496571 0.106243218358 0.640162326596
0.220904761878 0.0514714805915 0.0976821679163 0.0827589150224 0.0780413239939 0.341721496571 0.106243218358 0.640162326596
0.220904761878 0.0514714805915 0.0976821679163 0.0827589150224 0.0780413239939 0.341721496571 0.106243218358 0.640162326596
0.220904761878 0.0514714805915 0.0976821679163 0.0827589150224 0.0780413239939 0.341721496571 0.106243218358 0.640162326596
0.220904761878 0.0514714805915 0.0976821679163 0.0827589150224 0.0780413239939 0.341721496571 0.106243218358 0.640162326596
0.220904761878 0.0514714805915 0.0976821679163 0.0827589150224 0.0780413239939 0.341721496571 0.106243218358 0.640162326596
0.220904761878 0.0514714805915 0.0976821679163 0.0827589150224 0.0780413239939 0.341721496571 0.106243218358 0.640162326596
0.220904761878 0.0514714805915 0.0976821679163 0.0827589150224 0.0780413239939 0.341721496571 0.106243218358 0.640162326596
0.220904761878 0.0514714805915 0.0976821679163 0.0827589150224 0.0780413239939 0.341721496571 0.106243218358 0.640162326596
0.220904761878 0.0514714805915 0.0976821679163 0.0827589150224 0.0780413239939 0.341721496571 0.106243218358 0.640162326596
0.220904761878 0.0514714805915 0.0976821679163 0.0827589150224 0.0780413239939 0.341721496571 0.106243218358 0.640162326596
0.220904761878 0.0514714805915 0.0976821679163 0.0827589150224 0.0780413239939 0.341721496571 0.106243218358 0.640162326596
0.220904761878 0.0514714805915 0.0976821679163 0.0827589150224 0.0780413239939 0.341721496571 0.106243218358 0.640162326596
0.220904761878 0.0514714805915 0.0976821679163 0.0827589150224 0.0780413239939 0.341721496571 0.106243218358 0.640162326596
0.220904761878 0.0514714805915 0.0976821679163 0.0827589150224 0.0780413239939 0.341721496571 0.106243218358 0.640162326596
0.220904761878 0.0514714805915 0.0976821679163 0.0827589150224 0.0780413239939 0.341721496571 0.106243218358 0.640162326596
0.220904761878 0.0514714805915 0.0976821679163 0.0827589150224 0.0780413239939 0.341721496571 0.106243218358 0.640162326596
0.220904761878 0.0514714805915 0.0976821679163 0.0827589150224 0.0780413239939 0.341721496571 0.106243218358 0.640162326596
0.220904761878 0.0514714805915 0.0976821679163 0.0827589150224 0.0780413239939 0.341721496571 0.106243218358 0.640162326596
0.220904761878 0.0514714805915 0.0976821679163 0.0827589150224 0.0780413239939 0.341721496571 0.106243218358 0.640162326596
0.220904761878 0.0514714805915 0.0976821679163 0.0827589150224 0.0780413239939 0.341721496571 0.106243218358 0.640162326596
0.220904761878 0.0514714805915 0.0976821679163 0.0827589150224 0.0780413239939 0.341721496571 0.106243218358 0.640162326596
0.224671496063 0.0523465980845 0.0993463252177 0.0841686997514 0.0793702152443 0.347548251208 0.108057185847 0.651086057066
0.220904761878 0.0514714805915 0.0976821679163 0.0827589150224 0.0780413239939 0.341721496571 0.106243218358 0.640162326596
0.220904761878 0.0514714805915 0.0976821679163 0.0827589150224 0.0780413239939 0.341721496571 0.106243218358 0.640162326596
0.220904761878 0.0514714805915 0.0976821679163 0.0827589150224 0.0780413239939 0.341721496571 0.106243218358 0.640162326596
0.220904761878 0.0514714805915 0.0976821679163 0.0827589150224 0.0780413239939 0.341721496571 0.106243218358 0.640162326596
0.220904761878 0.0514714805915 0.0976821679163 0.0827589150224 0.0780413239939 0.341721496571 0.106243218358 0.640162326596
0.220904761878 0.0514714805915 0.0976821679163 0.0827589150224 0.0780413239939 0.341721496571 0.106243218358 0.640162326596
0.220904761878 0.0514714805915 0.0976821679163 0.0827589150224 0.0780413239939 0.341721496571 0.106243218358 0.640162326596
0.220904761878 0.0514714805915 0.0976821679163 0.0827589150224 0.0780413239939 0.341721496571 0.106243218358 0.640162326596
0.220904761878 0.0514714805915 0.0976821679163 0.0827589150224 0.0780413239939 0.341721496571 0.106243218358 0.640162326596
0.220904761878 0.0514714805915 0.0976821679163 0.0827589150224 0.0780413239939 0.341721496571 0.106243218358 0.640162326596
0.220904761878 0.0514714805915 0.0976821679163 0.0827589150224 0.0780413239939 0.341721496571 0.106243218358 0.640162326596
0.220904761878 0.0514714805915 0.0976821679163 0.0827589150224 0.0780413239939 0.341721496571 0.106243218358 0.640162326596
0.220904761878 0.0514714805915 0.0976821679163 0.0827589150224 0.0780413239939 0.341721496571 0.106243218358 0.640162326596
0.220904761878 0.0514714805915 0.0976821679163 0.0827589150224 0.0780413239939 0.341721496571 0.106243218358 0.640162326596
0.220904761878 0.0514714805915 0.0976821679163 0.0827589150224 0.0780413239939 0.341721496571 0.106243218358 0.640162326596
0.220904761878 0.0514714805915 0.0976821679163 0.0827589150224 0.0780413239939 0.341721496571 0.106243218358 0.640162326596
0.220904761878 0.0514714805915 0.0976821679163 0.0827589150224 0.0780413239939 0.341721496571 0.106243218358 0.640162326596
0.220904761878 0.0514714805915 0.0976821679163 0.0827589150224 0.0780413239939 0.341721496571 0.106243218358 0.640162326596
0.220904761878 0.0514714805915 0.0976821679163 0.0827589150224 0.0780413239939 0.341721496571 0.106243218358 0.640162326596
0.220904761878 0.0514714805915 0.0976821679163 0.0827589150224 0.0780413239939 0.341721496571 0.106243218358 0.640162326596
0.220904761878 0.0514714805915 0.0976821679163 0.0827589150224 0.0780413239939 0.341721496571 0.106243218358 0.640162326596
0.220904761878 0.0514714805915 0.0976821679163 0.0827589150224 0.0780413239939 0.341721496571 0.106243218358 0.640162326596
0.220904761878 0.0514714805915 0.0976821679163 0.0827589150224 0.0780413239939 0.341721496571 0.106243218358 0.640162326596
0.220904761878 0.0514714805915 0.0976821679163 0.0827589150224 0.0780413239939 0.341721496571 0.106243218358 0.640162326596
0.220904761878 0.0514714805915 0.0976821679163 0.0827589150224 0.0780413239939 0.341721496571 0.106243218358 0.640162326596
0.220904761878 0.0514714805915 0.0976821679163 0.0827589150224 0.0780413239939 0.341721496571 0.106243218358 0.640162326596
0.220904761878 0.0514714805915 0.0976821679163 0.0827589150224 0.0780413239939 0.341721496571 0.106243218358 0.640162326596
0.220904761878 0.0514714805915 0.0976821679163 0.0827589150224 0.0780413239939 0.341721496571 0.106243218358 0.640162326596
0.220904761878 0.0514714805915 0.0976821679163 0.0827589150224 0.0780413239939 0.341721496571 0.106243218358 0.640162326596
0.220904761878 0.0514714805915 0.0976821679163 0.0827589150224 0.0780413239939 0.341721496571 0.106243218358 0.640162326596
0.220904761878 0.0514714805915 0.0976821679163 0.0827589150224 0.0780413239939 0.341721496571 0.106243218358 0.640162326596
0.220904761878 0.0514714805915 0.0976821679163 0.0827589150224 0.0780413239939 0.341721496571 0.106243218358 0.640162326596
0.220904761878 0.0514714805915 0.0976821679163 0.0827589150224 0.0780413239939 0.341721496571 0.106243218358 0.640162326596
0.220904761878 0.0514714805915 0.0976821679163 0.0827589150224 0.0780413239939 0.341721496571 0.106243218358 0.640162326596
0.220904761878 0.0514714805915 0.0976821679163 0.0827589150224 0.0780413239939 0.341721496571 0.106243218358 0.640162326596
0.220904761878 0.0514714805915 0.0976821679163 0.0827589150224 0.0780413239939 0.341721496571 0.106243218358 0.640162326596
0.220904761878 0.0514714805915 0.0976821679163 0.0827589150224 0.0780413239939 0.341721496571 0.106243218358 0.640162326596
0.220904761878 0.0514714805915 0.0976821679163 0.0827589150224 0.0780413239939 0.341721496571 0.106243218358 0.640162326596
0.220904761878 0.0514714805915 0.0976821679163 0.0827589150224 0.0780413239939 0.341721496571 0.106243218358 0.640162326596
0.220904761878 0.0514714805915 0.0976821679163 0.0827589150224 0.0780413239939 0.341721496571 0.106243218358 0.640162326596
0.220904761878 0.0514714805915 0.0976821679163 0.0827589150224 0.0780413239939 0.341721496571 0.106243218358 0.640162326596
0.220904761878 0.0514714805915 0.0976821679163 0.0827589150224 0.0780413239939 0.341721496571 0.106243218358 0.640162326596
0.220904761878 0.0514714805915 0.0976821679163 0.0827589150224 0.0780413239939 0.341721496571 0.106243218358 0.640162326596
0.220904761878 0.0514714805915 0.0976821679163 0.0827589150224 0.0780413239939 0.341721496571 0.106243218358 0.640162326596
0.220904761878 0.0514714805915 0.0976821679163 0.0827589150224 0.0780413239939 0.341721496571 0.106243218358 0.640162326596
0.220904761878 0.0514714805915 0.0976821679163 0.0827589150224 0.0780413239939 0.341721496571 0.106243218358 0.640162326596
0.220904761878 0.0514714805915 0.0976821679163 0.0827589150224 0.0780413239939 0.341721496571 0.106243218358 0.640162326596
0.220904761878 0.0514714805915 0.0976821679163 0.0827589150224 0.0780413239939 0.341721496571 0.106243218358 0.640162326596
0.220904761878 0.0514714805915 0.0976821679163 0.0827589150224 0.0780413239939 0.341721496571 0.106243218358 0.640162326596
0.220904761878 0.0514714805915 0.0976821679163 0.0827589150224 0.0780413239939 0.341721496571 0.106243218358 0.640162326596
0.220904761878 0.0514714805915 0.0976821679163 0.0827589150224 0.0780413239939 0.341721496571 0.106243218358 0.640162326596
0.220904761878 0.0514714805915 0.0976821679163 0.0827589150224 0.0780413239939 0.341721496571 0.106243218358 0.640162326596
0.220904761878 0.0514714805915 0.0976821679163 0.0827589150224 0.0780413239939 0.341721496571 0.106243218358 0.640162326596
0.220904761878 0.0514714805915 0.0976821679163 0.0827589150224 0.0780413239939 0.341721496571 0.106243218358 0.640162326596
0.220904761878 0.0514714805915 0.0976821679163 0.0827589150224 0.0780413239939 0.341721496571 0.106243218358 0.640162326596
0.220904761878 0.0514714805915 0.0976821679163 0.0827589150224 0.0780413239939 0.341721496571 0.106243218358 0.640162326596
0.220904761878 0.0514714805915 0.0976821679163 0.0827589150224 0.0780413239939 0.341721496571 0.106243218358 0.640162326596
0.220904761878 0.0514714805915 0.0976821679163 0.0827589150224 0.0780413239939 0.341721496571 0.106243218358 0.640162326596
0.220904761878 0.0514714805915 0.0976821679163 0.0827589150224 0.0780413239939 0.341721496571 0.106243218358 0.640162326596
0.220904761878 0.0514714805915 0.0976821679163 0.0827589150224 0.0780413239939 0.341721496571 0.106243218358 0.640162326596
0.220904761878 0.0514714805915 0.0976821679163 0.0827589150224 0.0780413239939 0.341721496571 0.106243218358 0.640162326596
0.220904761878 0.0514714805915 0.0976821679163 0.0827589150224 0.0780413239939 0.341721496571 0.106243218358 0.640162326596
0.220904761878 0.0514714805915 0.0976821679163 0.0827589150224 0.0780413239939 0.341721496571 0.106243218358 0.640162326596
0.220904761878 0.0514714805915 0.0976821679163 0.0827589150224 0.0780413239939 0.341721496571 0.106243218358 0.640162326596
0.220904761878 0.0514714805915 0.0976821679163 0.0827589150224 0.0780413239939 0.341721496571 0.106243218358 0.640162326596
0.220904761878 0.0514714805915 0.0976821679163 0.0827589150224 0.0780413239939 0.341721496571 0.106243218358 0.640162326596
0.220904761878 0.0514714805915 0.0976821679163 0.0827589150224 0.0780413239939 0.341721496571 0.106243218358 0.640162326596
0.220904761878 0.0514714805915 0.0976821679163 0.0827589150224 0.0780413239939 0.341721496571 0.106243218358 0.640162326596
0.220904761878 0.0514714805915 0.0976821679163 0.0827589150224 0.0780413239939 0.341721496571 0.106243218358 0.640162326596
0.220904761878 0.0514714805915 0.0976821679163 0.0827589150224 0.0780413239939 0.341721496571 0.106243218358 0.640162326596
0.220904761878 0.0514714805915 0.0976821679163 0.0827589150224 0.0780413239939 0.341721496571 0.106243218358 0.640162326596
0.220904761878 0.0514714805915 0.0976821679163 0.0827589150224 0.0780413239939 0.341721496571 0.106243218358 0.640162326596
0.220904761878 0.0514714805915 0.0976821679163 0.0827589150224 0.0780413239939 0.341721496571 0.106243218358 0.640162326596
0.220904761878 0.0514714805915 0.0976821679163 0.0827589150224 0.0780413239939 0.341721496571 0.106243218358 0.640162326596
0.220904761878 0.0514714805915 0.0976821679163 0.0827589150224 0.0780413239939 0.341721496571 0.106243218358 0.640162326596
0.220904761878 0.0514714805915 0.0976821679163 0.0827589150224 0.0780413239939 0.341721496571 0.106243218358 0.640162326596
0.220904761878 0.0514714805915 0.0976821679163 0.0827589150224 0.0780413239939 0.341721496571 0.106243218358 0.640162326596
0.220904761878 0.0514714805915 0.0976821679163 0.0827589150224 0.0780413239939 0.341721496571 0.106243218358 0.640162326596
0.220904761878 0.0514714805915 0.0976821679163 0.0827589150224 0.0780413239939 0.341721496571 0.106243218358 0.640162326596
0.220904761878 0.0514714805915 0.0976821679163 0.0827589150224 0.0780413239939 0.341721496571 0.106243218358 0.640162326596
0.220904761878 0.0514714805915 0.0976821679163 0.0827589150224 0.0780413239939 0.341721496571 0.106243218358 0.640162326596
0.220904761878 0.0514714805915 0.0976821679163 0.0827589150224 0.0780413239939 0.341721496571 0.106243218358 0.640162326596
0.220904761878 0.0514714805915 0.0976821679163 0.0827589150224 0.0780413239939 0.341721496571 0.106243218358 0.640162326596
0.220904761878 0.0514714805915 0.0976821679163 0.0827589150224 0.0780413239939 0.341721496571 0.106243218358 0.640162326596
0.220904761878 0.0514714805915 0.0976821679163 0.0827589150224 0.0780413239939 0.341721496571 0.106243218358 0.640162326596
0.220904761878 0.0514714805915 0.0976821679163 0.0827589150224 0.0780413239939 0.341721496571 0.106243218358 0.640162326596
0.220904761878 0.0514714805915 0.0976821679163 0.0827589150224 0.0780413239939 0.341721496571 0.106243218358 0.640162326596
0.220904761878 0.0514714805915 0.0976821679163 0.0827589150224 0.0780413239939 0.341721496571 0.106243218358 0.640162326596
0.220904761878 0.0514714805915 0.0976821679163 0.0827589150224 0.0780413239939 0.341721496571 0.106243218358 0.640162326596
0.220904761878 0.0514714805915 0.0976821679163 0.0827589150224 0.0780413239939 0.341721496571 0.106243218358 0.640162326596
0.220904761878 0.0514714805915 0.0976821679163 0.0827589150224 0.0780413239939 0.341721496571 0.106243218358 0.640162326596
0.220904761878 0.0514714805915 0.0976821679163 0.0827589150224 0.0780413239939 0.341721496571 0.106243218358 0.640162326596
0.220904761878 0.0514714805915 0.0976821679163 0.0827589150224 0.0780413239939 0.341721496571 0.106243218358 0.640162326596
0.220904761878 0.0514714805915 0.0976821679163 0.0827589150224 0.0780413239939 0.341721496571 0.106243218358 0.640162326596
0.220904761878 0.0514714805915 0.0976821679163 0.0827589150224 0.0780413239939 0.341721496571 0.106243218358 0.640162326596
0.220904761878 0.0514714805915 0.0976821679163 0.0827589150224 0.0780413239939 0.341721496571 0.106243218358 0.640162326596
0.220904761878 0.0514714805915 0.0976821679163 0.0827589150224 0.0780413239939 0.341721496571 0.106243218358 0.640162326596
0.220904761878 0.0514714805915 0.0976821679163 0.0827589150224 0.0780413239939 0.341721496571 0.106243218358 0.640162326596
0.220904761878 0.0514714805915 0.0976821679163 0.0827589150224 0.0780413239939 0.341721496571 0.106243218358 0.640162326596
0.220904761878 0.0514714805915 0.0976821679163 0.0827589150224 0.0780413239939 0.341721496571 0.106243218358 0.640162326596
0.220904761878 0.0514714805915 0.0976821679163 0.0827589150224 0.0780413239939 0.341721496571 0.106243218358 0.640162326596
0.221145667739 0.0515274497481 0.0977886010298 0.0828490794424 0.0781263147773 0.342094153432 0.106359232755 0.640860966465
0.220904761878 0.0514714805915 0.0976821679163 0.0827589150224 0.0780413239939 0.341721496571 0.106243218358 0.640162326596
0.220904761878 0.0514714805915 0.0976821679163 0.0827589150224 0.0780413239939 0.341721496571 0.106243218358 0.640162326596
0.220904761878 0.0514714805915 0.0976821679163 0.0827589150224 0.0780413239939 0.341721496571 0.106243218358 0.640162326596
0.220904761878 0.0514714805915 0.0976821679163 0.0827589150224 0.0780413239939 0.341721496571 0.106243218358 0.640162326596
0.220904761878 0.0514714805915 0.0976821679163 0.0827589150224 0.0780413239939 0.341721496571 0.106243218358 0.640162326596
0.220904761878 0.0514714805915 0.0976821679163 0.0827589150224 0.0780413239939 0.341721496571 0.106243218358 0.640162326596
0.220904761878 0.0514714805915 0.0976821679163 0.0827589150224 0.0780413239939 0.341721496571 0.106243218358 0.640162326596
0.220904761878 0.0514714805915 0.0976821679163 0.0827589150224 0.0780413239939 0.341721496571 0.106243218358 0.640162326596
0.220904761878 0.0514714805915 0.0976821679163 0.0827589150224 0.0780413239939 0.341721496571 0.106243218358 0.640162326596
0.220904761878 0.0514714805915 0.0976821679163 0.0827589150224 0.0780413239939 0.341721496571 0.106243218358 0.640162326596
0.220904761878 0.0514714805915 0.0976821679163 0.0827589150224 0.0780413239939 0.341721496571 0.106243218358 0.640162326596
0.220904761878 0.0514714805915 0.0976821679163 0.0827589150224 0.0780413239939 0.341721496571 0.106243218358 0.640162326596
0.220904761878 0.0514714805915 0.0976821679163 0.0827589150224 0.0780413239939 0.341721496571 0.106243218358 0.640162326596
0.220904761878 0.0514714805915 0.0976821679163 0.0827589150224 0.0780413239939 0.341721496571 0.106243218358 0.640162326596
0.220904761878 0.0514714805915 0.0976821679163 0.0827589150224 0.0780413239939 0.341721496571 0.106243218358 0.640162326596
0.220904761878 0.0514714805915 0.0976821679163 0.0827589150224 0.0780413239939 0.341721496571 0.106243218358 0.640162326596
0.220904761878 0.0514714805915 0.0976821679163 0.0827589150224 0.0780413239939 0.341721496571 0.106243218358 0.640162326596
0.220904761878 0.0514714805915 0.0976821679163 0.0827589150224 0.0780413239939 0.341721496571 0.106243218358 0.640162326596
0.220904761878 0.0514714805915 0.0976821679163 0.0827589150224 0.0780413239939 0.341721496571 0.106243218358 0.640162326596
0.220904761878 0.0514714805915 0.0976821679163 0.0827589150224 0.0780413239939 0.341721496571 0.106243218358 0.640162326596
0.220904761878 0.0514714805915 0.0976821679163 0.0827589150224 0.0780413239939 0.341721496571 0.106243218358 0.640162326596
0.220904761878 0.0514714805915 0.0976821679163 0.0827589150224 0.0780413239939 0.341721496571 0.106243218358 0.640162326596
0.220904761878 0.0514714805915 0.0976821679163 0.0827589150224 0.0780413239939 0.341721496571 0.106243218358 0.640162326596
0.220904761878 0.0514714805915 0.0976821679163 0.0827589150224 0.0780413239939 0.341721496571 0.106243218358 0.640162326596
0.220904761878 0.0514714805915 0.0976821679163 0.0827589150224 0.0780413239939 0.341721496571 0.106243218358 0.640162326596
0.220904761878 0.0514714805915 0.0976821679163 0.0827589150224 0.0780413239939 0.341721496571 0.106243218358 0.640162326596
0.220904761878 0.0514714805915 0.0976821679163 0.0827589150224 0.0780413239939 0.341721496571 0.106243218358 0.640162326596
0.220904761878 0.0514714805915 0.0976821679163 0.0827589150224 0.0780413239939 0.341721496571 0.106243218358 0.640162326596
0.220904761878 0.0514714805915 0.0976821679163 0.0827589150224 0.0780413239939 0.341721496571 0.106243218358 0.640162326596
0.220904761878 0.0514714805915 0.0976821679163 0.0827589150224 0.0780413239939 0.341721496571 0.106243218358 0.640162326596
0.124596002964 0.0290311986247 0.226746943556 0.0827589150224 0.0780413239939 0.341721496571 0.106243218358 0.640162326596
0.220904761878 0.0514714805915 0.0976821679163 0.0827589150224 0.0780413239939 0.341721496571 0.106243218358 0.640162326596
0.220904761878 0.0514714805915 0.0976821679163 0.0827589150224 0.0780413239939 0.341721496571 0.106243218358 0.640162326596
0.220904761878 0.0514714805915 0.0976821679163 0.0827589150224 0.0780413239939 0.341721496571 0.106243218358 0.640162326596
0.220904761878 0.0514714805915 0.0976821679163 0.0827589150224 0.0780413239939 0.341721496571 0.106243218358 0.640162326596
0.220904761878 0.0514714805915 0.0976821679163 0.0827589150224 0.0780413239939 0.341721496571 0.106243218358 0.640162326596
0.220904761878 0.0514714805915 0.0976821679163 0.0827589150224 0.0780413239939 0.341721496571 0.106243218358 0.640162326596
0.220904761878 0.0514714805915 0.0976821679163 0.0827589150224 0.0780413239939 0.341721496571 0.106243218358 0.640162326596
0.220904761878 0.0514714805915 0.0976821679163 0.0827589150224 0.0780413239939 0.341721496571 0.106243218358 0.640162326596
0.220904761878 0.0514714805915 0.0976821679163 0.0827589150224 0.0780413239939 0.341721496571 0.106243218358 0.640162326596
0.226188827998 0.0526991166407 0.100016688161 0.0847365952518 0.0799055248901 0.349895409382 0.108787895974 0.655486400808
0.220904761878 0.0514714805915 0.0976821679163 0.0827589150224 0.0780413239939 0.341721496571 0.106243218358 0.640162326596
0.220904761878 0.0514714805915 0.0976821679163 0.0827589150224 0.0780413239939 0.341721496571 0.106243218358 0.640162326596
0.220904761878 0.0514714805915 0.0976821679163 0.0827589150224 0.0780413239939 0.341721496571 0.106243218358 0.640162326596
0.220904761878 0.0514714805915 0.0976821679163 0.0827589150224 0.0780413239939 0.341721496571 0.106243218358 0.640162326596
0.220904761878 0.0514714805915 0.0976821679163 0.0827589150224 0.0780413239939 0.341721496571 0.106243218358 0.640162326596
0.220904761878 0.0514714805915 0.0976821679163 0.0827589150224 0.0780413239939 0.341721496571 0.106243218358 0.640162326596
0.220904761878 0.0514714805915 0.0976821679163 0.0827589150224 0.0780413239939 0.341721496571 0.106243218358 0.640162326596
0.220904761878 0.0514714805915 0.0976821679163 0.0827589150224 0.0780413239939 0.341721496571 0.106243218358 0.640162326596
0.220904761878 0.0514714805915 0.0976821679163 0.0827589150224 0.0780413239939 0.341721496571 0.106243218358 0.640162326596
0.220904761878 0.0514714805915 0.0976821679163 0.0827589150224 0.0780413239939 0.341721496571 0.106243218358 0.640162326596
0.220904761878 0.0514714805915 0.0976821679163 0.0827589150224 0.0780413239939 0.341721496571 0.106243218358 0.640162326596
0.220904761878 0.0514714805915 0.0976821679163 0.0827589150224 0.0780413239939 0.341721496571 0.106243218358 0.640162326596
0.220904761878 0.0514714805915 0.0976821679163 0.0827589150224 0.0780413239939 0.341721496571 0.106243218358 0.640162326596
0.220904761878 0.0514714805915 0.0976821679163 0.0827589150224 0.0780413239939 0.341721496571 0.106243218358 0.640162326596
0.220904761878 0.0514714805915 0.0976821679163 0.0827589150224 0.0780413239939 0.341721496571 0.106243218358 0.640162326596
0.220904761878 0.0514714805915 0.0976821679163 0.0827589150224 0.0780413239939 0.341721496571 0.106243218358 0.640162326596
0.220904761878 0.0514714805915 0.0976821679163 0.0827589150224 0.0780413239939 0.341721496571 0.106243218358 0.640162326596
0.220904761878 0.0514714805915 0.0976821679163 0.0827589150224 0.0780413239939 0.341721496571 0.106243218358 0.640162326596
0.220904761878 0.0514714805915 0.0976821679163 0.0827589150224 0.0780413239939 0.341721496571 0.106243218358 0.640162326596
0.220904761878 0.0514714805915 0.0976821679163 0.0827589150224 0.0780413239939 0.341721496571 0.106243218358 0.640162326596
0.220904761878 0.0514714805915 0.0976821679163 0.0827589150224 0.0780413239939 0.341721496571 0.106243218358 0.640162326596
0.220904761878 0.0514714805915 0.0976821679163 0.0827589150224 0.0780413239939 0.341721496571 0.106243218358 0.640162326596
0.220904761878 0.0514714805915 0.0976821679163 0.0827589150224 0.0780413239939 0.341721496571 0.106243218358 0.640162326596
0.220904761878 0.0514714805915 0.0976821679163 0.0827589150224 0.0780413239939 0.341721496571 0.106243218358 0.640162326596
0.228432092473 0.0532202895799 0.101007770825 0.0855761872839 0.0806969411172 0.353365511373 0.109868197547 0.661991987758
0.220904761878 0.0514714805915 0.0976821679163 0.0827589150224 0.0780413239939 0.341721496571 0.106243218358 0.640162326596
0.220904761878 0.0514714805915 0.0976821679163 0.0827589150224 0.0780413239939 0.341721496571 0.106243218358 0.640162326596
0.220904761878 0.0514714805915 0.0976821679163 0.0827589150224 0.0780413239939 0.341721496571 0.106243218358 0.640162326596
0.220904761878 0.0514714805915 0.0976821679163 0.0827589150224 0.0780413239939 0.341721496571 0.106243218358 0.640162326596
0.220904761878 0.0514714805915 0.0976821679163 0.0827589150224 0.0780413239939 0.341721496571 0.106243218358 0.640162326596
0.220904761878 0.0514714805915 0.0976821679163 0.0827589150224 0.0780413239939 0.341721496571 0.106243218358 0.640162326596
0.220904761878 0.0514714805915 0.0976821679163 0.0827589150224 0.0780413239939 0.341721496571 0.106243218358 0.640162326596
0.220904761878 0.0514714805915 0.0976821679163 0.0827589150224 0.0780413239939 0.341721496571 0.106243218358 0.640162326596
0.220904761878 0.0514714805915 0.0976821679163 0.0827589150224 0.0780413239939 0.341721496571 0.106243218358 0.640162326596
0.220904761878 0.0514714805915 0.0976821679163 0.0827589150224 0.0780413239939 0.341721496571 0.106243218358 0.640162326596
0.220904761878 0.0514714805915 0.0976821679163 0.0827589150224 0.0780413239939 0.341721496571 0.106243218358 0.640162326596
0.220904761878 0.0514714805915 0.0976821679163 0.0827589150224 0.0780413239939 0.341721496571 0.106243218358 0.640162326596
0.220904761878 0.0514714805915 0.0976821679163 0.0827589150224 0.0780413239939 0.341721496571 0.106243218358 0.640162326596
0.220904761878 0.0514714805915 0.0976821679163 0.0827589150224 0.0780413239939 0.341721496571 0.106243218358 0.640162326596
0.220904761878 0.0514714805915 0.0976821679163 0.0827589150224 0.0780413239939 0.341721496571 0.106243218358 0.640162326596
0.220904761878 0.0514714805915 0.0976821679163 0.0827589150224 0.0780413239939 0.341721496571 0.106243218358 0.640162326596
0.220904761878 0.0514714805915 0.0976821679163 0.0827589150224 0.0780413239939 0.341721496571 0.106243218358 0.640162326596
0.220904761878 0.0514714805915 0.0976821679163 0.0827589150224 0.0780413239939 0.341721496571 0.106243218358 0.640162326596
0.220904761878 0.0514714805915 0.0976821679163 0.0827589150224 0.0780413239939 0.341721496571 0.106243218358 0.640162326596
0.220904761878 0.0514714805915 0.0976821679163 0.0827589150224 0.0780413239939 0.341721496571 0.106243218358 0.640162326596
0.220904761878 0.0514714805915 0.0976821679163 0.0827589150224 0.0780413239939 0.341721496571 0.106243218358 0.640162326596
0.220904761878 0.0514714805915 0.0976821679163 0.0827589150224 0.0780413239939 0.341721496571 0.106243218358 0.640162326596
0.220904761878 0.0514714805915 0.0976821679163 0.0827589150224 0.0780413239939 0.341721496571 0.106243218358 0.640162326596
0.220904761878 0.0514714805915 0.0976821679163 0.0827589150224 0.0780413239939 0.341721496571 0.106243218358 0.640162326596
0.218300193594 0.0508663666638 0.0965314598701 0.081784096942 0.0771224409999 0.337692494392 0.104988921682 0.632608939411
0.220904761878 0.0514714805915 0.0976821679163 0.0827589150224 0.0780413239939 0.341721496571 0.106243218358 0.640162326596
0.220904761878 0.0514714805915 0.0976821679163 0.0827589150224 0.0780413239939 0.341721496571 0.106243218358 0.640162326596
0.220904761878 0.0514714805915 0.0976821679163 0.0827589150224 0.0780413239939 0.341721496571 0.106243218358 0.640162326596
0.220904761878 0.0514714805915 0.0976821679163 0.0827589150224 0.0780413239939 0.341721496571 0.106243218358 0.640162326596
0.220904761878 0.0514714805915 0.0976821679163 0.0827589150224 0.0780413239939 0.341721496571 0.106243218358 0.640162326596
0.220904761878 0.0514714805915 0.0976821679163 0.0827589150224 0.0780413239939 0.341721496571 0.106243218358 0.640162326596
0.227952131731 0.0531087813061 0.100795722368 0.0853965512135 0.0805276125674 0.352623060918 0.109637060135 0.660600075934
0.220904761878 0.0514714805915 0.0976821679163 0.0827589150224 0.0780413239939 0.341721496571 0.106243218358 0.640162326596
