0.00205535841073 0.000497070937752 8.94459764725e-05 0.000172581754137 0.000737931048575 0.0521612117445 0.031189294938 0.555528954586
0.115810400057 0.0103137184902 0.0033142583272 0.00199512669629 0.0543705302326 0.12526234804 0.343521027236 0.362190275409
0.0206308808711 0.0486158062318 0.0278506008216 0.234808482188 0.275620004847 0.000765910461603 0.245393738964 0.204656748235
0.000129013079201 0.000645324442625 0.000457111152449 0.000223274256152 0.000592929032996 7.73928091539e-06 0.140493359391 0.791636561923
0.00570218224322 0.0120034109967 0.0181421549113 0.038027783073 0.0232052962568 0.0396160657738 0.140889688383 0.660532944027
0.0223117465149 0.00493484779623 0.0277032958174 0.00476759455277 0.0160224566868 0.142311078406 0.0955544273811 0.404734595252
2.73456080871e-05 0.000336799063517 0.000140313886582 0.00074159552685 0.000712628603972 0.0146291992539 0.106760798293 0.635406705298
0.00322034929237 0.000569711361738 0.00168741262584 0.0348503123793 0.0118438799695 0.00270218096172 0.145463169844 0.526533980601
0.000870980240902 0.00547716576382 0.00958375644418 0.000330441732583 0.0202407238625 0.0126132779401 0.621498908001 0.0650777532032
0.0152604688479 0.00232642716342 7.3701337799e-06 0.134472745521 0.0381113852216 0.0523260882889 0.0452161355719 0.636762276905
0.00710156449079 0.0440443407225 0.103839606621 0.0800030492476 0.034194100504 0.0194772658044 0.317509103335 0.390502638986
0.00125341507874 0.00154678304294 0.000671651374099 0.0969027584778 0.0192709835107 0.0370190550561 0.0584374330228 0.580458691549
0.0764002431075 0.0702746854674 0.00629614022525 0.172437075642 0.268211721058 0.0782741926044 0.284424566277 0.290843557917
0.0546472700748 0.00358335461626 0.0832506540217 0.0652076806819 0.0105800857491 0.0871208317919 0.193071942969 0.576799935339
0.000671442723874 0.00358580939386 0.0354874163705 0.00563245456801 0.0102938721134 0.0736824624999 0.138682370714 0.226327165954
0.108586399671 0.0926384113905 0.0179406019572 0.0054001402301 0.0513076651852 0.374758119404 0.142442339229 0.233757106682
0.000619766993979 5.47498619726e-05 0.00155661404257 0.00997184642751 0.143675918946 0.0538850761251 0.0642836504409 0.851718824461
0.0208344219804 0.0124703980196 0.00293904022888 0.00523875204123 0.0180272118471 0.0292299326201 0.441861589626 0.175582890508
0.00171996571321 0.000511300729809 0.00186873907615 0.0177671190034 0.000259127665547 0.0103789045662 0.0221690397086 0.723194879203
0.0140096973162 0.00028512071645 0.00348551902683 0.00788217925792 0.0115768554102 0.0129912012041 0.339501064611 0.340171865742
0.000104909470458 0.000132352921611 5.27779267774e-05 0.000270540308616 0.000147561925992 0.0032398902032 0.385680327462 0.444256315751
0.00165796831261 0.000770015233762 0.0364345984496 0.0128748244837 0.0609098048204 0.207095192458 0.111140076615 0.181318602376
2.62368621756e-05 0.00011494567621 2.84752489546e-06 0.000376662384992 0.000314303735661 0.0139649065857 0.0372516498143 0.682352950931
0.000911126823438 0.00170748328196 0.00129514021832 0.00720370626069 0.0368149993949 0.109162310604 0.0223114158474 0.623611172287
0.00948820606336 0.119422609699 0.157113009724 0.143205012814 0.327220726752 0.0387677224413 0.0587176928143 0.380028092767
0.00530022353555 0.0386269401701 0.00109845827505 0.0630884944416 0.0187322049795 0.0210733350493 0.0433853867167 0.609595514151
0.406386476584 0.143692583321 0.0368303426553 0.120355705706 0.0600075094895 0.0788206037984 0.0544055090543 0.597644196778
0.0919351842833 0.020360608458 0.0329602265418 0.0525208587546 0.00424684793277 0.00157965401083 0.0130997820318 0.605540474856
0.000616386643485 0.00596841588917 0.0010003257378 0.00430143234204 0.00795542045587 0.512587163684 0.100824022735 0.194411663447
0.868780072742 0.126731481372 0.115174426604 0.627737788224 0.190493568836 0.0690293158327 0.0456400858791 0.112326161148
0.00029684154583 0.0070175040825 0.117746721124 0.014241704196 0.281036742416 0.0558932197391 0.210505601477 0.141243024763
0.455527136582 0.00445026064811 0.414526566306 0.510613707649 0.0886606822601 0.237788759649 0.129660405202 0.144314471741
0.00104117575379 0.00152105215932 0.0019479832817 0.000861758012583 0.0576602344362 0.294601880916 0.0597044521199 0.425562153047
0.000236914796108 0.015819833959 0.00361565293787 0.00628122394185 0.00759252435468 0.0035696723097 0.0238620382367 0.616142561558
0.028002177329 0.044070106547 0.040225624227 0.00276147833339 0.013478927372 0.0271603059084 0.037037018566 0.692331493279
0.00217847990034 0.00786690167256 0.135365011063 0.0837441437493 0.0132719215413 0.268168462066 0.356436686739 0.0702161964585
0.0518455712594 0.0278986556647 0.0966665539767 0.110053271011 0.298018940013 0.0523160153696 0.112123179618 0.494948196447
0.00673985193169 0.0055139106147 0.0269973575616 0.212060376914 0.0484935582166 0.0386486516366 0.296620601573 0.390555704828
0.082239302622 0.0239628722512 0.00424233813263 0.00162817153184 0.0765053682495 0.0221847133501 0.572152040276 0.118883450947
0.0186945350608 0.0483203185096 0.0374198328767 0.0619128632196 0.0109394865131 0.231130536388 0.00309107800107 0.636891768737
0.00637735254676 0.00165489607321 0.00690396489793 0.00333604446891 0.00538935640806 0.00142030760042 0.901303907871 0.0314491494121
0.00505882660811 0.0855495702683 0.0157643244576 0.116086307638 0.346198084121 0.25815615234 0.223318754301 0.163585326714
5.5176154991e-05 0.000966213494913 0.00108049436091 0.0514484656334 0.0565899711788 0.0657894131031 0.15976089376 0.343904378872
0.0975581835738 0.0140311075076 0.197545702386 0.0342458176904 0.0444858000628 0.0224388114536 0.0566622880532 0.299542953414
0.00195935744257 0.000858243849139 0.0426302637362 0.0160213459825 0.00147188541085 0.0756398702878 0.0923850129035 0.780303029345
0.00229741672136 0.0427258858063 0.0128610172288 0.00042010326783 0.0073806946475 0.135567487438 0.104782833097 0.430194897825
2.87718230787e-05 1.26315524054e-05 0.000297548956308 0.00333433953979 0.0292410130942 0.013587842829 1.02505974135 0.0521736170175
0.0110319142907 0.00170975735261 0.00165537950742 0.0382821227787 0.0102374320668 0.0450361062509 0.768633499718 0.150959213985
0.322086783857 0.163281218938 0.0109458510528 0.0886915073502 0.0732735967955 0.19429377498 0.363307549185 0.0206060956137
0.000191227724842 0.000609680316237 0.000229438140752 0.000683165460512 0.00273590214795 0.000129302904506 0.0592813374045 0.706600511805
0.00205535841073 0.000497070937752 8.94459764725e-05 0.000172581754137 0.000737931048575 0.0521612117445 0.031189294938 0.555528954586
0.00197086776603 0.000476632050675 8.57589610147e-05 0.000165467090875 0.000707337575323 0.0500161544598 0.0299041776357 0.532614222078
0.00205535841073 0.000497070937752 8.94459764725e-05 0.000172581754137 0.000737931048575 0.0521612117445 0.031189294938 0.555528954586
0.00205535841073 0.000497070937752 8.94459764725e-05 0.000172581754137 0.000737931048575 0.0521612117445 0.031189294938 0.555528954586
0.00205535841073 0.000497070937752 8.94459764725e-05 0.000172581754137 0.000737931048575 0.0521612117445 0.031189294938 0.555528954586
0.00205535841073 0.000497070937752 8.94459764725e-05 0.000172581754137 0.000737931048575 0.0521612117445 0.031189294938 0.555528954586
0.00205535841073 0.000497070937752 8.94459764725e-05 0.000172581754137 0.000737931048575 0.0521612117445 0.031189294938 0.555528954586
0.00205535841073 0.000497070937752 8.94459764725e-05 0.000172581754137 0.000737931048575 0.0521612117445 0.031189294938 0.555528954586
0.00205535841073 0.000497070937752 8.94459764725e-05 0.000172581754137 0.000737931048575 0.0521612117445 0.031189294938 0.555528954586
0.00205535841073 0.000497070937752 8.94459764725e-05 0.000172581754137 0.000737931048575 0.0521612117445 0.031189294938 0.555528954586
0.00205535841073 0.000497070937752 8.94459764725e-05 0.000172581754137 0.000737931048575 0.0521612117445 0.031189294938 0.555528954586
0.00205535841073 0.000497070937752 8.94459764725e-05 0.000172581754137 0.000737931048575 0.0521612117445 0.031189294938 0.555528954586
0.00205535841073 0.000497070937752 8.94459764725e-05 0.000172581754137 0.000737931048575 0.0521612117445 0.031189294938 0.555528954586
0.00205535841073 0.000497070937752 8.94459764725e-05 0.000172581754137 0.000737931048575 0.0521612117445 0.031189294938 0.555528954586
0.002246334192 0.000543269335713 9.77798063315e-05 0.000188663160305 0.000807082047208 0.0570097247636 0.0340940695637 0.607323552188
0.00205535841073 0.000497070937752 8.94459764725e-05 0.000172581754137 0.000737931048575 0.0521612117445 0.031189294938 0.555528954586
0.00205535841073 0.000497070937752 8.94459764725e-05 0.000172581754137 0.000737931048575 0.0521612117445 0.031189294938 0.555528954586
0.00205535841073 0.000497070937752 8.94459764725e-05 0.000172581754137 0.000737931048575 0.0521612117445 0.031189294938 0.555528954586
0.00184049017731 0.000445092785913 8.00695241943e-05 0.000154488447691 0.000660128759634 0.0467061146627 0.0279211119876 0.497254478038
0.00205535841073 0.000497070937752 8.94459764725e-05 0.000172581754137 0.000737931048575 0.0521612117445 0.031189294938 0.555528954586
0.00205535841073 0.000497070937752 8.94459764725e-05 0.000172581754137 0.000737931048575 0.0521612117445 0.031189294938 0.555528954586
0.00205535841073 0.000497070937752 8.94459764725e-05 0.000172581754137 0.000737931048575 0.0521612117445 0.031189294938 0.555528954586
0.00205535841073 0.000497070937752 8.94459764725e-05 0.000172581754137 0.000737931048575 0.0521612117445 0.031189294938 0.555528954586
0.00205535841073 0.000497070937752 8.94459764725e-05 0.000172581754137 0.000737931048575 0.0521612117445 0.031189294938 0.555528954586
0.00205535841073 0.000497070937752 8.94459764725e-05 0.000172581754137 0.000737931048575 0.0521612117445 0.031189294938 0.555528954586
0.00205535841073 0.000497070937752 8.94459764725e-05 0.000172581754137 0.000737931048575 0.0521612117445 0.031189294938 0.555528954586
0.0335514519408 0.00811619967442 0.00146387724179 0.00282475822064 0.0121424468784 0.0350186021414 0.031189294938 0.555528954586
0.00205535841073 0.000497070937752 8.94459764725e-05 0.000172581754137 0.000737931048575 0.0521612117445 0.031189294938 0.555528954586
0.00205535841073 0.000497070937752 8.94459764725e-05 0.000172581754137 0.000737931048575 0.0521612117445 0.031189294938 0.555528954586
0.00205535841073 0.000497070937752 8.94459764725e-05 0.000172581754137 0.000737931048575 0.0521612117445 0.031189294938 0.555528954586
0.00205535841073 0.000497070937752 8.94459764725e-05 0.000172581754137 0.000737931048575 0.0521612117445 0.031189294938 0.555528954586
0.00205535841073 0.000497070937752 8.94459764725e-05 0.000172581754137 0.000737931048575 0.0521612117445 0.031189294938 0.555528954586
0.00205535841073 0.000497070937752 8.94459764725e-05 0.000172581754137 0.000737931048575 0.0521612117445 0.031189294938 0.555528954586
0.00205535841073 0.000497070937752 8.94459764725e-05 0.000172581754137 0.000737931048575 0.0521612117445 0.031189294938 0.555528954586
0.00205535841073 0.000497070937752 8.94459764725e-05 0.000172581754137 0.000737931048575 0.0521612117445 0.031189294938 0.555528954586
0.00205535841073 0.000497070937752 8.94459764725e-05 0.000172581754137 0.000737931048575 0.0521612117445 0.031189294938 0.555528954586
0.00205535841073 0.000497070937752 8.94459764725e-05 0.000172581754137 0.000737931048575 0.0521612117445 0.031189294938 0.555528954586
0.00205535841073 0.000497070937752 8.94459764725e-05 0.000172581754137 0.000737931048575 0.0521612117445 0.031189294938 0.555528954586
0.00205535841073 0.000497070937752 8.94459764725e-05 0.000172581754137 0.000737931048575 0.0521612117445 0.031189294938 0.555528954586
0.00205535841073 0.000497070937752 8.94459764725e-05 0.000172581754137 0.000737931048575 0.0521612117445 0.031189294938 0.555528954586
0.00205535841073 0.000497070937752 8.94459764725e-05 0.000172581754137 0.000737931048575 0.0521612117445 0.031189294938 0.555528954586
0.00205535841073 0.000497070937752 8.94459764725e-05 0.000172581754137 0.000737931048575 0.0521612117445 0.031189294938 0.555528954586
0.00205535841073 0.000497070937752 8.94459764725e-05 0.000172581754137 0.000737931048575 0.0521612117445 0.031189294938 0.555528954586
0.00205535841073 0.000497070937752 8.94459764725e-05 0.000172581754137 0.000737931048575 0.0521612117445 0.031189294938 0.555528954586
0.00205535841073 0.000497070937752 8.94459764725e-05 0.000172581754137 0.000737931048575 0.0521612117445 0.031189294938 0.555528954586
0.00205535841073 0.000497070937752 8.94459764725e-05 0.000172581754137 0.000737931048575 0.0521612117445 0.031189294938 0.555528954586
0.00205535841073 0.000497070937752 8.94459764725e-05 0.000172581754137 0.000737931048575 0.0521612117445 0.031189294938 0.555528954586
0.00205535841073 0.000497070937752 8.94459764725e-05 0.000172581754137 0.000737931048575 0.0521612117445 0.031189294938 0.555528954586
0.00205535841073 0.000497070937752 8.94459764725e-05 0.000172581754137 0.000737931048575 0.0521612117445 0.031189294938 0.555528954586
0.00205535841073 0.000497070937752 8.94459764725e-05 0.000172581754137 0.000737931048575 0.0521612117445 0.031189294938 0.555528954586
0.00205535841073 0.000497070937752 8.94459764725e-05 0.000172581754137 0.000737931048575 0.0521612117445 0.031189294938 0.555528954586
0.00205535841073 0.000497070937752 8.94459764725e-05 0.000172581754137 0.000737931048575 0.0521612117445 0.031189294938 0.555528954586
0.00205535841073 0.000497070937752 8.94459764725e-05 0.000172581754137 0.000737931048575 0.0521612117445 0.031189294938 0.555528954586
0.00205535841073 0.000497070937752 8.94459764725e-05 0.000172581754137 0.000737931048575 0.0521612117445 0.031189294938 0.555528954586
0.00205535841073 0.000497070937752 8.94459764725e-05 0.000172581754137 0.000737931048575 0.0521612117445 0.031189294938 0.555528954586
0.00205535841073 0.000497070937752 8.94459764725e-05 0.000172581754137 0.000737931048575 0.0521612117445 0.031189294938 0.555528954586
0.00205535841073 0.000497070937752 8.94459764725e-05 0.000172581754137 0.000737931048575 0.0521612117445 0.031189294938 0.555528954586
0.00224565903413 0.000543106010229 9.77503436909e-05 0.000188606307609 0.000806837577252 0.0569925837853 0.0340838002959 0.607140442425
0.00205535841073 0.000497070937752 8.94459764725e-05 0.000172581754137 0.000737931048575 0.0521612117445 0.031189294938 0.555528954586
0.00205535841073 0.000497070937752 8.94459764725e-05 0.000172581754137 0.000737931048575 0.0521612117445 0.031189294938 0.555528954586
0.00205535841073 0.000497070937752 8.94459764725e-05 0.000172581754137 0.000737931048575 0.0521612117445 0.031189294938 0.555528954586
0.00205535841073 0.000497070937752 8.94459764725e-05 0.000172581754137 0.000737931048575 0.0521612117445 0.031189294938 0.555528954586
0.00215362553337 0.000520842452694 9.37341719459e-05 0.000102348163598 0.000737931048575 0.0521612117445 0.031189294938 0.555528954586
0.0439835127872 0.0106397892904 0.00191911308161 0.0037032057731 0.015919823363 0.029340667947 0.031189294938 0.555528954586
0.00205535841073 0.000497070937752 8.94459764725e-05 0.000172581754137 0.000737931048575 0.0521612117445 0.031189294938 0.555528954586
0.00205535841073 0.000497070937752 8.94459764725e-05 0.000172581754137 0.000737931048575 0.0521612117445 0.031189294938 0.555528954586
0.00205535841073 0.000497070937752 8.94459764725e-05 0.000172581754137 0.000737931048575 0.0521612117445 0.031189294938 0.555528954586
0.00205535841073 0.000497070937752 8.94459764725e-05 0.000172581754137 0.000737931048575 0.0521612117445 0.031189294938 0.555528954586
0.00205535841073 0.000497070937752 8.94459764725e-05 0.000172581754137 0.000737931048575 0.0521612117445 0.031189294938 0.555528954586
0.00205535841073 0.000497070937752 8.94459764725e-05 0.000172581754137 0.000737931048575 0.0521612117445 0.031189294938 0.555528954586
0.00205535841073 0.000497070937752 8.94459764725e-05 0.000172581754137 0.000737931048575 0.0521612117445 0.031189294938 0.555528954586
0.00205535841073 0.000497070937752 8.94459764725e-05 0.000172581754137 0.000737931048575 0.0521612117445 0.031189294938 0.555528954586
0.00111323111317 0.000269163652692 4.83332838002e-05 9.32484919132e-05 0.00112429324738 0.0521612117445 0.031189294938 0.555528954586
0.00205535841073 0.000497070937752 8.94459764725e-05 0.000172581754137 0.000737931048575 0.0521612117445 0.031189294938 0.555528954586
0.00205535841073 0.000497070937752 8.94459764725e-05 0.000172581754137 0.000737931048575 0.0521612117445 0.031189294938 0.555528954586
0.00223463344587 0.000540438842114 9.72692074123e-05 0.000187677881178 0.000802845288628 0.0567126650025 0.0339160991936 0.6041501894
0.00205535841073 0.000497070937752 8.94459764725e-05 0.000172581754137 0.000737931048575 0.0521612117445 0.031189294938 0.555528954586
0.00205535841073 0.000497070937752 8.94459764725e-05 0.000172581754137 0.000737931048575 0.0521612117445 0.031189294938 0.555528954586
0.00205535841073 0.000497070937752 8.94459764725e-05 0.000172581754137 0.000737931048575 0.0521612117445 0.031189294938 0.555528954586
0.00205535841073 0.000497070937752 8.94459764725e-05 0.000172581754137 0.000737931048575 0.0521612117445 0.031189294938 0.555528954586
0.00205535841073 0.000497070937752 8.94459764725e-05 0.000172581754137 0.000737931048575 0.0521612117445 0.031189294938 0.555528954586
0.00205535841073 0.000497070937752 8.94459764725e-05 0.000172581754137 0.000737931048575 0.0521612117445 0.031189294938 0.555528954586
0.00208123683395 0.000503331112139 9.05752629962e-05 0.000174760886129 0.000747301445161 0.0528182158476 0.0315829102259 0.562547449331
0.00205535841073 0.000497070937752 8.94459764725e-05 0.000172581754137 0.000737931048575 0.0521612117445 0.031189294938 0.555528954586
0.00205535841073 0.000497070937752 8.94459764725e-05 0.000172581754137 0.000737931048575 0.0521612117445 0.031189294938 0.555528954586
0.00205535841073 0.000497070937752 8.94459764725e-05 0.000172581754137 0.000737931048575 0.0521612117445 0.031189294938 0.555528954586
0.00205535841073 0.000497070937752 8.94459764725e-05 0.000172581754137 0.000737931048575 0.0521612117445 0.031189294938 0.555528954586
0.00205535841073 0.000497070937752 8.94459764725e-05 0.000172581754137 0.000737931048575 0.0521612117445 0.031189294938 0.555528954586
0.00205535841073 0.000497070937752 8.94459764725e-05 0.000172581754137 0.000737931048575 0.0521612117445 0.031189294938 0.555528954586
0.00205535841073 0.000497070937752 8.94459764725e-05 0.000172581754137 0.000737931048575 0.0521612117445 0.031189294938 0.555528954586
0.00205535841073 0.000497070937752 8.94459764725e-05 0.000172581754137 0.000737931048575 0.0521612117445 0.031189294938 0.555528954586
0.00205535841073 0.000497070937752 8.94459764725e-05 0.000172581754137 0.000737931048575 0.0521612117445 0.031189294938 0.555528954586
0.00205535841073 0.000497070937752 8.94459764725e-05 0.000172581754137 0.000737931048575 0.0521612117445 0.031189294938 0.555528954586
0.00205535841073 0.000497070937752 8.94459764725e-05 0.000172581754137 0.000737931048575 0.0521612117445 0.031189294938 0.555528954586
0.00205535841073 0.000497070937752 8.94459764725e-05 0.000172581754137 0.000737931048575 0.0521612117445 0.031189294938 0.555528954586
0.00205535841073 0.000497070937752 8.94459764725e-05 0.000172581754137 0.000737931048575 0.0521612117445 0.031189294938 0.555528954586
0.00205535841073 0.000497070937752 8.94459764725e-05 0.000172581754137 0.000737931048575 0.0521612117445 0.031189294938 0.555528954586
0.00203959471249 0.00049325758718 8.87580778384e-05 0.000171254347947 0.00073222312337 0.0517610013322 0.0309495263644 0.551253677367
0.00205535841073 0.000497070937752 8.94459764725e-05 0.000172581754137 0.000737931048575 0.0521612117445 0.031189294938 0.555528954586
0.00205535841073 0.000497070937752 8.94459764725e-05 0.000172581754137 0.000737931048575 0.0521612117445 0.031189294938 0.555528954586
0.00205535841073 0.000497070937752 8.94459764725e-05 0.000172581754137 0.000737931048575 0.0521612117445 0.031189294938 0.555528954586
0.00205535841073 0.000497070937752 8.94459764725e-05 0.000172581754137 0.000737931048575 0.0521612117445 0.031189294938 0.555528954586
0.00205535841073 0.000497070937752 8.94459764725e-05 0.000172581754137 0.000737931048575 0.0521612117445 0.031189294938 0.555528954586
0.00205535841073 0.000497070937752 8.94459764725e-05 0.000172581754137 0.000737931048575 0.0521612117445 0.031189294938 0.555528954586
0.00205535841073 0.000497070937752 8.94459764725e-05 0.000172581754137 0.000737931048575 0.0521612117445 0.031189294938 0.555528954586
0.00205535841073 0.000497070937752 8.94459764725e-05 0.000172581754137 0.000737931048575 0.0521612117445 0.031189294938 0.555528954586
0.00205535841073 0.000497070937752 8.94459764725e-05 0.000172581754137 0.000737931048575 0.0521612117445 0.031189294938 0.555528954586
0.00205535841073 0.000497070937752 8.94459764725e-05 0.000172581754137 0.000737931048575 0.0521612117445 0.031189294938 0.555528954586
0.00205535841073 0.000497070937752 8.94459764725e-05 0.000172581754137 0.000737931048575 0.0521612117445 0.031189294938 0.555528954586
0.00205535841073 0.000497070937752 8.94459764725e-05 0.000172581754137 0.000737931048575 0.0521612117445 0.031189294938 0.555528954586
0.00205535841073 0.000497070937752 8.94459764725e-05 0.000172581754137 0.000737931048575 0.0521612117445 0.031189294938 0.555528954586
0.00205535841073 0.000497070937752 8.94459764725e-05 0.000172581754137 0.000737931048575 0.0521612117445 0.031189294938 0.555528954586
0.00205535841073 0.000497070937752 8.94459764725e-05 0.000172581754137 0.000737931048575 0.0521612117445 0.031189294938 0.555528954586
0.00205535841073 0.000497070937752 8.94459764725e-05 0.000172581754137 0.000737931048575 0.0521612117445 0.031189294938 0.555528954586
0.00205535841073 0.000497070937752 8.94459764725e-05 0.000172581754137 0.000737931048575 0.0521612117445 0.031189294938 0.555528954586
0.00216699441127 0.000524076479216 9.43175650502e-05 0.000181982233379 0.00077835366588 0.0549954381497 0.0328872977922 0.585805787007
0.00205535841073 0.000497070937752 8.94459764725e-05 0.000172581754137 0.000737931048575 0.0521612117445 0.031189294938 0.555528954586
0.00205535841073 0.000497070937752 8.94459764725e-05 0.000172581754137 0.000737931048575 0.0521612117445 0.031189294938 0.555528954586
0.00205535841073 0.000497070937752 8.94459764725e-05 0.000172581754137 0.000737931048575 0.0521612117445 0.031189294938 0.555528954586
0.00205535841073 0.000497070937752 8.94459764725e-05 0.000172581754137 0.000737931048575 0.0521612117445 0.031189294938 0.555528954586
0.00205535841073 0.000497070937752 8.94459764725e-05 0.000172581754137 0.000737931048575 0.0521612117445 0.031189294938 0.555528954586
0.00205535841073 0.000497070937752 8.94459764725e-05 0.000172581754137 0.000737931048575 0.0521612117445 0.031189294938 0.555528954586
0.00205535841073 0.000497070937752 8.94459764725e-05 0.000172581754137 0.000737931048575 0.0521612117445 0.031189294938 0.555528954586
0.00205535841073 0.000497070937752 8.94459764725e-05 0.000172581754137 0.000737931048575 0.0521612117445 0.031189294938 0.555528954586
0.00205535841073 0.000497070937752 8.94459764725e-05 0.000172581754137 0.000737931048575 0.0521612117445 0.031189294938 0.555528954586
0.00205535841073 0.000497070937752 8.94459764725e-05 0.000172581754137 0.000737931048575 0.0521612117445 0.031189294938 0.555528954586
0.00205535841073 0.000497070937752 8.94459764725e-05 0.000172581754137 0.000737931048575 0.0521612117445 0.031189294938 0.555528954586
0.00205535841073 0.000497070937752 8.94459764725e-05 0.000172581754137 0.000737931048575 0.0521612117445 0.031189294938 0.555528954586
0.00205535841073 0.000497070937752 8.94459764725e-05 0.000172581754137 0.000737931048575 0.0521612117445 0.031189294938 0.555528954586
0.00205535841073 0.000497070937752 8.94459764725e-05 0.000172581754137 0.000737931048575 0.0521612117445 0.031189294938 0.555528954586
0.00205535841073 0.000497070937752 8.94459764725e-05 0.000172581754137 0.000737931048575 0.0521612117445 0.031189294938 0.555528954586
0.00205535841073 0.000497070937752 8.94459764725e-05 0.000172581754137 0.000737931048575 0.0521612117445 0.031189294938 0.555528954586
0.00205535841073 0.000497070937752 8.94459764725e-05 0.000172581754137 0.000737931048575 0.0521612117445 0.031189294938 0.555528954586
0.00205535841073 0.000497070937752 8.94459764725e-05 0.000172581754137 0.000737931048575 0.0521612117445 0.031189294938 0.555528954586
0.00205535841073 0.000497070937752 8.94459764725e-05 0.000172581754137 0.000737931048575 0.0521612117445 0.031189294938 0.555528954586
0.00205535841073 0.000497070937752 8.94459764725e-05 0.000172581754137 0.000737931048575 0.0521612117445 0.031189294938 0.555528954586
0.00205535841073 0.000497070937752 8.94459764725e-05 0.000172581754137 0.000737931048575 0.0521612117445 0.031189294938 0.555528954586
0.00205535841073 0.000497070937752 8.94459764725e-05 0.000172581754137 0.000737931048575 0.0521612117445 0.031189294938 0.555528954586
0.00205535841073 0.000497070937752 8.94459764725e-05 0.000172581754137 0.000737931048575 0.0521612117445 0.031189294938 0.555528954586
0.00205535841073 0.000497070937752 8.94459764725e-05 0.000172581754137 0.000737931048575 0.0521612117445 0.031189294938 0.555528954586
0.00205535841073 0.000497070937752 8.94459764725e-05 0.000172581754137 0.000737931048575 0.0521612117445 0.031189294938 0.555528954586
0.00205535841073 0.000497070937752 8.94459764725e-05 0.000172581754137 0.000737931048575 0.0521612117445 0.031189294938 0.555528954586
0.00205535841073 0.000497070937752 8.94459764725e-05 0.000172581754137 0.000737931048575 0.0521612117445 0.031189294938 0.555528954586
0.00205535841073 0.000497070937752 8.94459764725e-05 0.000172581754137 0.000737931048575 0.0521612117445 0.031189294938 0.555528954586
0.00205535841073 0.000497070937752 8.94459764725e-05 0.000172581754137 0.000737931048575 0.0521612117445 0.031189294938 0.555528954586
0.00205535841073 0.000497070937752 8.94459764725e-05 0.000172581754137 0.000737931048575 0.0521612117445 0.031189294938 0.555528954586
0.00205535841073 0.000497070937752 8.94459764725e-05 0.000172581754137 0.000737931048575 0.0521612117445 0.031189294938 0.555528954586
0.00205535841073 0.000497070937752 8.94459764725e-05 0.000172581754137 0.000737931048575 0.0521612117445 0.031189294938 0.555528954586
0.00205535841073 0.000497070937752 8.94459764725e-05 0.000172581754137 0.000737931048575 0.0521612117445 0.031189294938 0.555528954586
0.00205535841073 0.000497070937752 8.94459764725e-05 0.000172581754137 0.000737931048575 0.0521612117445 0.031189294938 0.555528954586
0.00205535841073 0.000497070937752 8.94459764725e-05 0.000172581754137 0.000737931048575 0.0521612117445 0.031189294938 0.555528954586
0.00205535841073 0.000497070937752 8.94459764725e-05 0.000172581754137 0.000737931048575 0.0521612117445 0.031189294938 0.555528954586
0.00205535841073 0.000497070937752 8.94459764725e-05 0.000172581754137 0.000737931048575 0.0521612117445 0.031189294938 0.555528954586
0.00205535841073 0.000497070937752 8.94459764725e-05 0.000172581754137 0.000737931048575 0.0521612117445 0.031189294938 0.555528954586
0.00205535841073 0.000497070937752 8.94459764725e-05 0.000172581754137 0.000737931048575 0.0521612117445 0.031189294938 0.555528954586
0.00205535841073 0.000497070937752 8.94459764725e-05 0.000172581754137 0.000737931048575 0.0521612117445 0.031189294938 0.555528954586
0.00200098773644 0.000483918285455 8.70733408126e-05 0.000168003388801 0.000718243806568 0.0507808434047 0.0303623075891 0.54078306808
0.00182274271594 0.000440799548949 7.92950578062e-05 0.000152993995709 0.000653702527632 0.0462555402654 0.027651170034 0.492441183837
0.00205535841073 0.000497070937752 8.94459764725e-05 0.000172581754137 0.000737931048575 0.0521612117445 0.031189294938 0.555528954586
0.00205535841073 0.000497070937752 8.94459764725e-05 0.000172581754137 0.000737931048575 0.0521612117445 0.031189294938 0.555528954586
0.00205535841073 0.000497070937752 8.94459764725e-05 0.000172581754137 0.000737931048575 0.0521612117445 0.031189294938 0.555528954586
0.00205535841073 0.000497070937752 8.94459764725e-05 0.000172581754137 0.000737931048575 0.0521612117445 0.031189294938 0.555528954586
0.00205535841073 0.000497070937752 8.94459764725e-05 0.000172581754137 0.000737931048575 0.0521612117445 0.031189294938 0.555528954586
0.002003032111 0.000484412834182 8.7162553537e-05 0.000168175538471 0.00071898406034 0.0508327461989 0.0303934028794 0.541337523504
0.00205535841073 0.000497070937752 8.94459764725e-05 0.000172581754137 0.000737931048575 0.0521612117445 0.031189294938 0.555528954586
0.00205535841073 0.000497070937752 8.94459764725e-05 0.000172581754137 0.000737931048575 0.0521612117445 0.031189294938 0.555528954586
0.00205535841073 0.000497070937752 8.94459764725e-05 0.000172581754137 0.000737931048575 0.0521612117445 0.031189294938 0.555528954586
0.00205535841073 0.000497070937752 8.94459764725e-05 0.000172581754137 0.000737931048575 0.0521612117445 0.031189294938 0.555528954586
0.00205535841073 0.000497070937752 8.94459764725e-05 0.000172581754137 0.000737931048575 0.0521612117445 0.031189294938 0.555528954586
0.00205535841073 0.000497070937752 8.94459764725e-05 0.000172581754137 0.000737931048575 0.0521612117445 0.031189294938 0.555528954586
0.00205535841073 0.000497070937752 8.94459764725e-05 0.000172581754137 0.000737931048575 0.0521612117445 0.031189294938 0.555528954586
0.00205535841073 0.000497070937752 8.94459764725e-05 0.000172581754137 0.000737931048575 0.0521612117445 0.031189294938 0.555528954586
0.00205535841073 0.000497070937752 8.94459764725e-05 0.000172581754137 0.000737931048575 0.0521612117445 0.031189294938 0.555528954586
0.00205535841073 0.000497070937752 8.94459764725e-05 0.000172581754137 0.000737931048575 0.0521612117445 0.031189294938 0.555528954586
0.00205535841073 0.000497070937752 8.94459764725e-05 0.000172581754137 0.000737931048575 0.0521612117445 0.031189294938 0.555528954586
0.00205535841073 0.000497070937752 8.94459764725e-05 0.000172581754137 0.000737931048575 0.0521612117445 0.031189294938 0.555528954586
0.00205535841073 0.000497070937752 8.94459764725e-05 0.000172581754137 0.000737931048575 0.0521612117445 0.031189294938 0.555528954586
0.00205535841073 0.000497070937752 8.94459764725e-05 0.000172581754137 0.000737931048575 0.0521612117445 0.031189294938 0.555528954586
0.00205535841073 0.000497070937752 8.94459764725e-05 0.000172581754137 0.000737931048575 0.0521612117445 0.031189294938 0.555528954586
0.00205535841073 0.000497070937752 8.94459764725e-05 0.000172581754137 0.000737931048575 0.0521612117445 0.031189294938 0.555528954586
0.00205535841073 0.000497070937752 8.94459764725e-05 0.000172581754137 0.000737931048575 0.0521612117445 0.031189294938 0.555528954586
0.00205535841073 0.000497070937752 8.94459764725e-05 0.000172581754137 0.000737931048575 0.0521612117445 0.031189294938 0.555528954586
0.00205535841073 0.000497070937752 8.94459764725e-05 0.000172581754137 0.000737931048575 0.0521612117445 0.031189294938 0.555528954586
0.00205535841073 0.000497070937752 8.94459764725e-05 0.000172581754137 0.000737931048575 0.0521612117445 0.031189294938 0.555528954586
0.00205535841073 0.000497070937752 8.94459764725e-05 0.000172581754137 0.000737931048575 0.0521612117445 0.031189294938 0.555528954586
0.00205535841073 0.000497070937752 8.94459764725e-05 0.000172581754137 0.000737931048575 0.0521612117445 0.031189294938 0.555528954586
0.00205535841073 0.000497070937752 8.94459764725e-05 0.000172581754137 0.000737931048575 0.0521612117445 0.031189294938 0.555528954586
0.00205535841073 0.000497070937752 8.94459764725e-05 0.000172581754137 0.000737931048575 0.0521612117445 0.031189294938 0.555528954586
0.00205535841073 0.000497070937752 8.94459764725e-05 0.000172581754137 0.000737931048575 0.0521612117445 0.031189294938 0.555528954586
0.00205535841073 0.000497070937752 8.94459764725e-05 0.000172581754137 0.000737931048575 0.0521612117445 0.031189294938 0.555528954586
0.00205535841073 0.000497070937752 8.94459764725e-05 0.000172581754137 0.000737931048575 0.0521612117445 0.031189294938 0.555528954586
0.00205535841073 0.000497070937752 8.94459764725e-05 0.000172581754137 0.000737931048575 0.0521612117445 0.031189294938 0.555528954586
0.00205535841073 0.000497070937752 8.94459764725e-05 0.000172581754137 0.000737931048575 0.0521612117445 0.031189294938 0.555528954586
0.00205535841073 0.000497070937752 8.94459764725e-05 0.000172581754137 0.000737931048575 0.0521612117445 0.031189294938 0.555528954586
0.00205535841073 0.000497070937752 8.94459764725e-05 0.000172581754137 0.000737931048575 0.0521612117445 0.031189294938 0.555528954586
0.00205535841073 0.000497070937752 8.94459764725e-05 0.000172581754137 0.000737931048575 0.0521612117445 0.031189294938 0.555528954586
0.00205535841073 0.000497070937752 8.94459764725e-05 0.000172581754137 0.000737931048575 0.0521612117445 0.031189294938 0.555528954586
0.00205535841073 0.000497070937752 8.94459764725e-05 0.000172581754137 0.000737931048575 0.0521612117445 0.031189294938 0.555528954586
0.00205535841073 0.000497070937752 8.94459764725e-05 0.000172581754137 0.000737931048575 0.0521612117445 0.031189294938 0.555528954586
0.00205535841073 0.000497070937752 8.94459764725e-05 0.000172581754137 0.000737931048575 0.0521612117445 0.031189294938 0.555528954586
0.00205535841073 0.000497070937752 8.94459764725e-05 0.000172581754137 0.000737931048575 0.0521612117445 0.031189294938 0.555528954586
0.00205535841073 0.000497070937752 8.94459764725e-05 0.000172581754137 0.000737931048575 0.0521612117445 0.031189294938 0.555528954586
0.00205535841073 0.000497070937752 8.94459764725e-05 0.000172581754137 0.000737931048575 0.0521612117445 0.031189294938 0.555528954586
0.00205535841073 0.000497070937752 8.94459764725e-05 0.000172581754137 0.000737931048575 0.0521612117445 0.031189294938 0.555528954586
0.00227021530317 0.000549046346127 9.88219338514e-05 0.000190674105598 0.000815729231027 0.0576160209004 0.0344573053902 0.613800355345
0.00205535841073 0.000497070937752 8.94459764725e-05 0.000172581754137 0.000737931048575 0.0521612117445 0.031189294938 0.555528954586
0.00104565810893 0.00121632901577 8.94459764725e-05 0.000172581754137 0.000737931048575 0.0521612117445 0.031189294938 0.555528954586
0.00205535841073 0.000497070937752 8.94459764725e-05 0.000172581754137 0.000737931048575 0.0521612117445 0.031189294938 0.555528954586
0.0352368060257 0.00852389879836 0.00153742297677 0.00296667602506 0.0127527018397 0.0341013021247 0.031189294938 0.555528954586
0.00205535841073 0.000497070937752 8.94459764725e-05 0.000172581754137 0.000737931048575 0.0521612117445 0.031189294938 0.555528954586
0.00205535841073 0.000497070937752 8.94459764725e-05 0.000172581754137 0.000737931048575 0.0521612117445 0.031189294938 0.555528954586
0.00206880259371 0.000500323181106 9.00326557508e-05 0.000173713842015 0.000742799093479 0.0525025340617 0.0313937832837 0.559175155392
0.00205535841073 0.000497070937752 8.94459764725e-05 0.000172581754137 0.000737931048575 0.0521612117445 0.031189294938 0.555528954586
0.00205535841073 0.000497070937752 8.94459764725e-05 0.000172581754137 0.000737931048575 0.0521612117445 0.031189294938 0.555528954586
0.00205535841073 0.000497070937752 8.94459764725e-05 0.000172581754137 0.000737931048575 0.0521612117445 0.031189294938 0.555528954586
0.00205535841073 0.000497070937752 8.94459764725e-05 0.000172581754137 0.000737931048575 0.0521612117445 0.031189294938 0.555528954586
0.00205535841073 0.000497070937752 8.94459764725e-05 0.000172581754137 0.000737931048575 0.0521612117445 0.031189294938 0.555528954586
0.00205535841073 0.000497070937752 8.94459764725e-05 0.000172581754137 0.000737931048575 0.0521612117445 0.031189294938 0.555528954586
0.00205535841073 0.000497070937752 8.94459764725e-05 0.000172581754137 0.000737931048575 0.0521612117445 0.031189294938 0.555528954586
0.00205535841073 0.000497070937752 8.94459764725e-05 0.000172581754137 0.000737931048575 0.0521612117445 0.031189294938 0.555528954586
0.00205535841073 0.000497070937752 8.94459764725e-05 0.000172581754137 0.000737931048575 0.0521612117445 0.031189294938 0.555528954586
0.00205535841073 0.000497070937752 8.94459764725e-05 0.000172581754137 0.000737931048575 0.0521612117445 0.031189294938 0.555528954586
0.00205535841073 0.000497070937752 8.94459764725e-05 0.000172581754137 0.000737931048575 0.0521612117445 0.031189294938 0.555528954586
0.00205535841073 0.000497070937752 8.94459764725e-05 0.000172581754137 0.000737931048575 0.0521612117445 0.031189294938 0.555528954586
0.00205535841073 0.000497070937752 8.94459764725e-05 0.000172581754137 0.000737931048575 0.0521612117445 0.031189294938 0.555528954586
0.00205535841073 0.000497070937752 8.94459764725e-05 0.000172581754137 0.000737931048575 0.0521612117445 0.031189294938 0.555528954586
0.00205535841073 0.000497070937752 8.94459764725e-05 0.000172581754137 0.000737931048575 0.0521612117445 0.031189294938 0.555528954586
0.00205535841073 0.000497070937752 8.94459764725e-05 0.000172581754137 0.000737931048575 0.0521612117445 0.031189294938 0.555528954586
0.00203745266568 0.000492739410843 8.86646028777e-05 0.000171073973637 0.000731447503158 0.0517066188248 0.0309169454624 0.550672732225
0.00205535841073 0.000497070937752 8.94459764725e-05 0.000172581754137 0.000737931048575 0.0521612117445 0.031189294938 0.555528954586
0.00205535841073 0.000497070937752 8.94459764725e-05 0.000172581754137 0.000737931048575 0.0521612117445 0.031189294938 0.555528954586
0.00205535841073 0.000497070937752 8.94459764725e-05 0.000172581754137 0.000737931048575 0.0521612117445 0.031189294938 0.555528954586
0.00205535841073 0.000497070937752 8.94459764725e-05 0.000172581754137 0.000737931048575 0.0521612117445 0.031189294938 0.555528954586
0.00205535841073 0.000497070937752 8.94459764725e-05 0.000172581754137 0.000737931048575 0.0521612117445 0.031189294938 0.555528954586
0.00205535841073 0.000497070937752 8.94459764725e-05 0.000172581754137 0.000737931048575 0.0521612117445 0.031189294938 0.555528954586
0.00186582900513 0.000451222428341 8.11752637728e-05 0.000156622142233 0.000669303772488 0.0473494194616 0.0283065199362 0.504126628956
0.00205535841073 0.000497070937752 8.94459764725e-05 0.000172581754137 0.000737931048575 0.0521612117445 0.031189294938 0.555528954586
0.00205535841073 0.000497070937752 8.94459764725e-05 0.000172581754137 0.000737931048575 0.0521612117445 0.031189294938 0.555528954586
0.00205535841073 0.000497070937752 8.94459764725e-05 0.000172581754137 0.000737931048575 0.0521612117445 0.031189294938 0.555528954586
0.00205535841073 0.000497070937752 8.94459764725e-05 0.000172581754137 0.000737931048575 0.0521612117445 0.031189294938 0.555528954586
0.00205535841073 0.000497070937752 8.94459764725e-05 0.000172581754137 0.000737931048575 0.0521612117445 0.031189294938 0.555528954586
0.00205535841073 0.000497070937752 8.94459764725e-05 0.000172581754137 0.000737931048575 0.0521612117445 0.031189294938 0.555528954586
0.00205535841073 0.000497070937752 8.94459764725e-05 0.000172581754137 0.000737931048575 0.0521612117445 0.031189294938 0.555528954586
0.00205535841073 0.000497070937752 8.94459764725e-05 0.000172581754137 0.000737931048575 0.0521612117445 0.031189294938 0.555528954586
0.00205535841073 0.000497070937752 8.94459764725e-05 0.000172581754137 0.000737931048575 0.0521612117445 0.031189294938 0.555528954586
0.00205535841073 0.000497070937752 8.94459764725e-05 0.000172581754137 0.000737931048575 0.0521612117445 0.031189294938 0.555528954586
0.00205535841073 0.000497070937752 8.94459764725e-05 0.000172581754137 0.000737931048575 0.0521612117445 0.031189294938 0.555528954586
0.00205535841073 0.000497070937752 8.94459764725e-05 0.000172581754137 0.000737931048575 0.0521612117445 0.031189294938 0.555528954586
0.00205535841073 0.000497070937752 8.94459764725e-05 0.000172581754137 0.000737931048575 0.0521612117445 0.031189294938 0.555528954586
0.00205535841073 0.000497070937752 8.94459764725e-05 0.000172581754137 0.000737931048575 0.0521612117445 0.031189294938 0.555528954586
0.00205535841073 0.000497070937752 8.94459764725e-05 0.000172581754137 0.000737931048575 0.0521612117445 0.031189294938 0.555528954586
0.00205535841073 0.000497070937752 8.94459764725e-05 0.000172581754137 0.000737931048575 0.0521612117445 0.031189294938 0.555528954586
0.00205535841073 0.000497070937752 8.94459764725e-05 0.000172581754137 0.000737931048575 0.0521612117445 0.031189294938 0.555528954586
0.00205535841073 0.000497070937752 8.94459764725e-05 0.000172581754137 0.000737931048575 0.0521612117445 0.031189294938 0.555528954586
0.00205535841073 0.000497070937752 8.94459764725e-05 0.000172581754137 0.000737931048575 0.0521612117445 0.031189294938 0.555528954586
0.000225093831298 5.43169359096e-05 9.57661555076e-06 1.84615410889e-05 7.52050076814e-05 0.00569426403728 0.0733280862081 0.555528954586
0.00205535841073 0.000497070937752 8.94459764725e-05 0.000172581754137 0.000737931048575 0.0521612117445 0.031189294938 0.555528954586
0.00205535841073 0.000497070937752 8.94459764725e-05 0.000172581754137 0.000737931048575 0.0521612117445 0.031189294938 0.555528954586
0.00205535841073 0.000497070937752 8.94459764725e-05 0.000172581754137 0.000737931048575 0.0521612117445 0.031189294938 0.555528954586
0.00205535841073 0.000497070937752 8.94459764725e-05 0.000172581754137 0.000737931048575 0.0521612117445 0.031189294938 0.555528954586
0.00205535841073 0.000497070937752 8.94459764725e-05 0.000172581754137 0.000737931048575 0.0521612117445 0.031189294938 0.555528954586
0.00205535841073 0.000497070937752 8.94459764725e-05 0.000172581754137 0.000737931048575 0.0521612117445 0.031189294938 0.555528954586
0.00205535841073 0.000497070937752 8.94459764725e-05 0.000172581754137 0.000737931048575 0.0521612117445 0.031189294938 0.555528954586
0.00205535841073 0.000497070937752 8.94459764725e-05 0.000172581754137 0.000737931048575 0.0521612117445 0.031189294938 0.555528954586
0.00205535841073 0.000497070937752 8.94459764725e-05 0.000172581754137 0.000737931048575 0.0521612117445 0.031189294938 0.555528954586
0.00205535841073 0.000497070937752 8.94459764725e-05 0.000172581754137 0.000737931048575 0.0521612117445 0.031189294938 0.555528954586
0.00185846394422 0.000449440767793 8.08538661372e-05 0.000156001956075 0.000666636935291 0.0471624345283 0.0357224618472 0.555528954586
0.00205535841073 0.000497070937752 8.94459764725e-05 0.000172581754137 0.000737931048575 0.0521612117445 0.031189294938 0.555528954586
0.00205535841073 0.000497070937752 8.94459764725e-05 0.000172581754137 0.000737931048575 0.0521612117445 0.031189294938 0.555528954586
0.00205535841073 0.000497070937752 8.94459764725e-05 0.000172581754137 0.000737931048575 0.0521612117445 0.031189294938 0.555528954586
0.00205535841073 0.000497070937752 8.94459764725e-05 0.000172581754137 0.000737931048575 0.0521612117445 0.031189294938 0.555528954586
0.00205535841073 0.000497070937752 8.94459764725e-05 0.000172581754137 0.000737931048575 0.0521612117445 0.031189294938 0.555528954586
0.00205535841073 0.000497070937752 8.94459764725e-05 0.000172581754137 0.000737931048575 0.0521612117445 0.031189294938 0.555528954586
0.00205535841073 0.000497070937752 8.94459764725e-05 0.000172581754137 0.000737931048575 0.0521612117445 0.031189294938 0.555528954586
0.00205535841073 0.000497070937752 8.94459764725e-05 0.000172581754137 0.000737931048575 0.0521612117445 0.031189294938 0.555528954586
0.00205535841073 0.000497070937752 8.94459764725e-05 0.000172581754137 0.000737931048575 0.0521612117445 0.031189294938 0.555528954586
0.00205535841073 0.000497070937752 8.94459764725e-05 0.000172581754137 0.000737931048575 0.0521612117445 0.031189294938 0.555528954586
0.00205535841073 0.000497070937752 8.94459764725e-05 0.000172581754137 0.000737931048575 0.0521612117445 0.031189294938 0.555528954586
0.00205535841073 0.000497070937752 8.94459764725e-05 0.000172581754137 0.000737931048575 0.0521612117445 0.031189294938 0.555528954586
0.00205535841073 0.000497070937752 8.94459764725e-05 0.000172581754137 0.000737931048575 0.0521612117445 0.031189294938 0.555528954586
0.00205535841073 0.000497070937752 8.94459764725e-05 0.000172581754137 0.000737931048575 0.0521612117445 0.031189294938 0.555528954586
0.00205535841073 0.000497070937752 8.94459764725e-05 0.000172581754137 0.000737931048575 0.0521612117445 0.031189294938 0.555528954586
0.00205535841073 0.000497070937752 8.94459764725e-05 0.000172581754137 0.000737931048575 0.0521612117445 0.031189294938 0.555528954586
0.00205535841073 0.000497070937752 8.94459764725e-05 0.000172581754137 0.000737931048575 0.0521612117445 0.031189294938 0.555528954586
0.00229395645942 0.000554789500454 9.98579539977e-05 0.000192673265774 0.000824325738147 0.0582187638472 0.0348184124782 0.620239201289
0.00205535841073 0.000497070937752 8.94459764725e-05 0.000172581754137 0.000737931048575 0.0521612117445 0.031189294938 0.555528954586
0.00205535841073 0.000497070937752 8.94459764725e-05 0.000172581754137 0.000737931048575 0.0521612117445 0.031189294938 0.555528954586
0.00205535841073 0.000497070937752 8.94459764725e-05 0.000172581754137 0.000737931048575 0.0521612117445 0.031189294938 0.555528954586
0.00205535841073 0.000497070937752 8.94459764725e-05 0.000172581754137 0.000737931048575 0.0521612117445 0.031189294938 0.555528954586
0.00205535841073 0.000497070937752 8.94459764725e-05 0.000172581754137 0.000737931048575 0.0521612117445 0.031189294938 0.555528954586
0.00205535841073 0.000497070937752 8.94459764725e-05 0.000172581754137 0.000737931048575 0.0521612117445 0.031189294938 0.555528954586
0.00205535841073 0.000497070937752 8.94459764725e-05 0.000172581754137 0.000737931048575 0.0521612117445 0.031189294938 0.555528954586
0.00205535841073 0.000497070937752 8.94459764725e-05 0.000172581754137 0.000737931048575 0.0521612117445 0.031189294938 0.555528954586
0.00205535841073 0.000497070937752 8.94459764725e-05 0.000172581754137 0.000737931048575 0.0521612117445 0.031189294938 0.555528954586
0.00241692664031 0.00058453686065 0.000105224145242 0.000203028156914 0.000868852383118 0.0613407436032 0.0366888101736 0.653589980084
0.00205535841073 0.000497070937752 8.94459764725e-05 0.000172581754137 0.000737931048575 0.0521612117445 0.031189294938 0.555528954586
0.00205535841073 0.000497070937752 8.94459764725e-05 0.000172581754137 0.000737931048575 0.0521612117445 0.031189294938 0.555528954586
0.0590774897396 0.0142911295253 0.00257778631744 0.00497421706283 0.0213852471599 0.0211253585148 0.031189294938 0.555528954586
0.00205535841073 0.000497070937752 8.94459764725e-05 0.000172581754137 0.000737931048575 0.0521612117445 0.031189294938 0.555528954586
0.00205535841073 0.000497070937752 8.94459764725e-05 0.000172581754137 0.000737931048575 0.0521612117445 0.031189294938 0.555528954586
0.00205535841073 0.000497070937752 8.94459764725e-05 0.000172581754137 0.000737931048575 0.0521612117445 0.031189294938 0.555528954586
0.00205535841073 0.000497070937752 8.94459764725e-05 0.000172581754137 0.000737931048575 0.0521612117445 0.031189294938 0.555528954586
0.00205535841073 0.000497070937752 8.94459764725e-05 0.000172581754137 0.000737931048575 0.0521612117445 0.031189294938 0.555528954586
0.00205535841073 0.000497070937752 8.94459764725e-05 0.000172581754137 0.000737931048575 0.0521612117445 0.031189294938 0.555528954586
0.00205535841073 0.000497070937752 8.94459764725e-05 0.000172581754137 0.000737931048575 0.0521612117445 0.031189294938 0.555528954586
0.00205535841073 0.000497070937752 8.94459764725e-05 0.000172581754137 0.000737931048575 0.0521612117445 0.031189294938 0.555528954586
0.00205535841073 0.000497070937752 8.94459764725e-05 0.000172581754137 0.000737931048575 0.0521612117445 0.031189294938 0.555528954586
0.00205535841073 0.000497070937752 8.94459764725e-05 0.000172581754137 0.000737931048575 0.0521612117445 0.031189294938 0.555528954586
0.00205535841073 0.000497070937752 8.94459764725e-05 0.000172581754137 0.000737931048575 0.0521612117445 0.031189294938 0.555528954586
0.00205535841073 0.000497070937752 8.94459764725e-05 0.000172581754137 0.000737931048575 0.0521612117445 0.031189294938 0.555528954586
0.00205535841073 0.000497070937752 8.94459764725e-05 0.000172581754137 0.000737931048575 0.0521612117445 0.031189294938 0.555528954586
0.00205535841073 0.000497070937752 8.94459764725e-05 0.000172581754137 0.000737931048575 0.0521612117445 0.031189294938 0.555528954586
0.00205535841073 0.000497070937752 8.94459764725e-05 0.000172581754137 0.000737931048575 0.0521612117445 0.031189294938 0.555528954586
0.00205535841073 0.000497070937752 8.94459764725e-05 0.000172581754137 0.000737931048575 0.0521612117445 0.031189294938 0.555528954586
0.00205535841073 0.000497070937752 8.94459764725e-05 0.000172581754137 0.000737931048575 0.0521612117445 0.031189294938 0.555528954586
0.00205535841073 0.000497070937752 8.94459764725e-05 0.000172581754137 0.000737931048575 0.0521612117445 0.031189294938 0.555528954586
0.00205535841073 0.000497070937752 8.94459764725e-05 0.000172581754137 0.000737931048575 0.0521612117445 0.031189294938 0.555528954586
0.00205535841073 0.000497070937752 8.94459764725e-05 0.000172581754137 0.000737931048575 0.0521612117445 0.031189294938 0.555528954586
0.00205535841073 0.000497070937752 8.94459764725e-05 0.000172581754137 0.000737931048575 0.0521612117445 0.031189294938 0.555528954586
0.00205535841073 0.000497070937752 8.94459764725e-05 0.000172581754137 0.000737931048575 0.0521612117445 0.031189294938 0.555528954586
0.00205535841073 0.000497070937752 8.94459764725e-05 0.000172581754137 0.000737931048575 0.0521612117445 0.031189294938 0.555528954586
0.00205535841073 0.000497070937752 8.94459764725e-05 0.000172581754137 0.000737931048575 0.0521612117445 0.031189294938 0.555528954586
0.00205535841073 0.000497070937752 8.94459764725e-05 0.000172581754137 0.000737931048575 0.0521612117445 0.031189294938 0.555528954586
0.00205535841073 0.000497070937752 8.94459764725e-05 0.000172581754137 0.000737931048575 0.0521612117445 0.031189294938 0.555528954586
0.00205535841073 0.000497070937752 8.94459764725e-05 0.000172581754137 0.000737931048575 0.0521612117445 0.031189294938 0.555528954586
0.00205535841073 0.000497070937752 8.94459764725e-05 0.000172581754137 0.000737931048575 0.0521612117445 0.031189294938 0.555528954586
0.00205535841073 0.000497070937752 8.94459764725e-05 0.000172581754137 0.000737931048575 0.0521612117445 0.031189294938 0.555528954586
0.00205535841073 0.000497070937752 8.94459764725e-05 0.000172581754137 0.000737931048575 0.0521612117445 0.031189294938 0.555528954586
0.00205535841073 0.000497070937752 8.94459764725e-05 0.000172581754137 0.000737931048575 0.0521612117445 0.031189294938 0.555528954586
0.00205535841073 0.000497070937752 8.94459764725e-05 0.000172581754137 0.000737931048575 0.0521612117445 0.031189294938 0.555528954586
0.00205535841073 0.000497070937752 8.94459764725e-05 0.000172581754137 0.000737931048575 0.0521612117445 0.031189294938 0.555528954586
0.00205535841073 0.000497070937752 8.94459764725e-05 0.000172581754137 0.000737931048575 0.0521612117445 0.031189294938 0.555528954586
0.00205535841073 0.000497070937752 8.94459764725e-05 0.000172581754137 0.000737931048575 0.0521612117445 0.031189294938 0.555528954586
0.00205535841073 0.000497070937752 8.94459764725e-05 0.000172581754137 0.000737931048575 0.0521612117445 0.031189294938 0.555528954586
0.00205535841073 0.000497070937752 8.94459764725e-05 0.000172581754137 0.000737931048575 0.0521612117445 0.031189294938 0.555528954586
0.00205535841073 0.000497070937752 8.94459764725e-05 0.000172581754137 0.000737931048575 0.0521612117445 0.031189294938 0.555528954586
0.00205535841073 0.000497070937752 8.94459764725e-05 0.000172581754137 0.000737931048575 0.0521612117445 0.031189294938 0.555528954586
0.00205535841073 0.000497070937752 8.94459764725e-05 0.000172581754137 0.000737931048575 0.0521612117445 0.031189294938 0.555528954586
0.00187207979995 0.000452734540005 8.14480368969e-05 0.000157148499919 0.000671567141702 0.0475081152913 0.0284015956052 0.50582190885
0.00205535841073 0.000497070937752 8.94459764725e-05 0.000172581754137 0.000737931048575 0.0521612117445 0.031189294938 0.555528954586
0.00205535841073 0.000497070937752 8.94459764725e-05 0.000172581754137 0.000737931048575 0.0521612117445 0.031189294938 0.555528954586
0.00205535841073 0.000497070937752 8.94459764725e-05 0.000172581754137 0.000737931048575 0.0521612117445 0.031189294938 0.555528954586
0.00205535841073 0.000497070937752 8.94459764725e-05 0.000172581754137 0.000737931048575 0.0521612117445 0.031189294938 0.555528954586
0.00205535841073 0.000497070937752 8.94459764725e-05 0.000172581754137 0.000737931048575 0.0521612117445 0.031189294938 0.555528954586
0.00205535841073 0.000497070937752 8.94459764725e-05 0.000172581754137 0.000737931048575 0.0521612117445 0.031189294938 0.555528954586
0.00205535841073 0.000497070937752 8.94459764725e-05 0.000172581754137 0.000737931048575 0.0521612117445 0.031189294938 0.555528954586
0.00205535841073 0.000497070937752 8.94459764725e-05 0.000172581754137 0.000737931048575 0.0521612117445 0.031189294938 0.555528954586
0.00205535841073 0.000497070937752 8.94459764725e-05 0.000172581754137 0.000737931048575 0.0521612117445 0.031189294938 0.555528954586
0.00205535841073 0.000497070937752 8.94459764725e-05 0.000172581754137 0.000737931048575 0.0521612117445 0.031189294938 0.555528954586
0.00205535841073 0.000497070937752 8.94459764725e-05 0.000172581754137 0.000737931048575 0.0521612117445 0.031189294938 0.555528954586
0.00205535841073 0.000497070937752 8.94459764725e-05 0.000172581754137 0.000737931048575 0.0521612117445 0.031189294938 0.555528954586
0.00205535841073 0.000497070937752 8.94459764725e-05 0.000172581754137 0.000737931048575 0.0521612117445 0.031189294938 0.555528954586
0.00205535841073 0.000497070937752 8.94459764725e-05 0.000172581754137 0.000737931048575 0.0521612117445 0.031189294938 0.555528954586
0.00205535841073 0.000497070937752 8.94459764725e-05 0.000172581754137 0.000737931048575 0.0521612117445 0.031189294938 0.555528954586
0.00210112680255 0.000508142636819 9.14432244367e-05 0.000176435751191 0.000754503464089 0.0533231844414 0.0318854400844 0.567941813544
0.00205535841073 0.000497070937752 8.94459764725e-05 0.000172581754137 0.000737931048575 0.0521612117445 0.031189294938 0.555528954586
0.00205535841073 0.000497070937752 8.94459764725e-05 0.000172581754137 0.000737931048575 0.0521612117445 0.031189294938 0.555528954586
0.00205535841073 0.000497070937752 8.94459764725e-05 0.000172581754137 0.000737931048575 0.0521612117445 0.031189294938 0.555528954586
0.00205535841073 0.000497070937752 8.94459764725e-05 0.000172581754137 0.000737931048575 0.0521612117445 0.031189294938 0.555528954586
0.00205535841073 0.000497070937752 8.94459764725e-05 0.000172581754137 0.000737931048575 0.0521612117445 0.031189294938 0.555528954586
0.00205535841073 0.000497070937752 8.94459764725e-05 0.000172581754137 0.000737931048575 0.0521612117445 0.031189294938 0.555528954586
0.00205535841073 0.000497070937752 8.94459764725e-05 0.000172581754137 0.000737931048575 0.0521612117445 0.031189294938 0.555528954586
0.00205535841073 0.000497070937752 8.94459764725e-05 0.000172581754137 0.000737931048575 0.0521612117445 0.031189294938 0.555528954586
0.00205535841073 0.000497070937752 8.94459764725e-05 0.000172581754137 0.000737931048575 0.0521612117445 0.031189294938 0.555528954586
0.00205535841073 0.000497070937752 8.94459764725e-05 0.000172581754137 0.000737931048575 0.0521612117445 0.031189294938 0.555528954586
0.00205535841073 0.000497070937752 8.94459764725e-05 0.000172581754137 0.000737931048575 0.0521612117445 0.031189294938 0.555528954586
0.00205535841073 0.000497070937752 8.94459764725e-05 0.000172581754137 0.000737931048575 0.0521612117445 0.031189294938 0.555528954586
0.00205535841073 0.000497070937752 8.94459764725e-05 0.000172581754137 0.000737931048575 0.0521612117445 0.031189294938 0.555528954586
0.00205535841073 0.000497070937752 8.94459764725e-05 0.000172581754137 0.000737931048575 0.0521612117445 0.031189294938 0.555528954586
0.00205535841073 0.000497070937752 8.94459764725e-05 0.000172581754137 0.000737931048575 0.0521612117445 0.031189294938 0.555528954586
0.00205535841073 0.000497070937752 8.94459764725e-05 0.000172581754137 0.000737931048575 0.0521612117445 0.031189294938 0.555528954586
0.00205535841073 0.000497070937752 8.94459764725e-05 0.000172581754137 0.000737931048575 0.0521612117445 0.031189294938 0.555528954586
0.00205535841073 0.000497070937752 8.94459764725e-05 0.000172581754137 0.000737931048575 0.0521612117445 0.031189294938 0.555528954586
0.00205535841073 0.000497070937752 8.94459764725e-05 0.000172581754137 0.000737931048575 0.0521612117445 0.031189294938 0.555528954586
0.00205535841073 0.000497070937752 8.94459764725e-05 0.000172581754137 0.000737931048575 0.0521612117445 0.031189294938 0.555528954586
0.00205535841073 0.000497070937752 8.94459764725e-05 0.000172581754137 0.000737931048575 0.0521612117445 0.031189294938 0.555528954586
0.00205535841073 0.000497070937752 8.94459764725e-05 0.000172581754137 0.000737931048575 0.0521612117445 0.031189294938 0.555528954586
0.00205535841073 0.000497070937752 8.94459764725e-05 0.000172581754137 0.000737931048575 0.0521612117445 0.031189294938 0.555528954586
0.00205535841073 0.000497070937752 8.94459764725e-05 0.000172581754137 0.000737931048575 0.0521612117445 0.031189294938 0.555528954586
0.00205535841073 0.000497070937752 8.94459764725e-05 0.000172581754137 0.000737931048575 0.0521612117445 0.031189294938 0.555528954586
0.00205535841073 0.000497070937752 8.94459764725e-05 0.000172581754137 0.000737931048575 0.0521612117445 0.031189294938 0.555528954586
0.00205535841073 0.000497070937752 8.94459764725e-05 0.000172581754137 0.000737931048575 0.0521612117445 0.031189294938 0.555528954586
0.00205535841073 0.000497070937752 8.94459764725e-05 0.000172581754137 0.000737931048575 0.0521612117445 0.031189294938 0.555528954586
0.00205535841073 0.000497070937752 8.94459764725e-05 0.000172581754137 0.000737931048575 0.0521612117445 0.031189294938 0.555528954586
0.00205535841073 0.000497070937752 8.94459764725e-05 0.000172581754137 0.000737931048575 0.0521612117445 0.031189294938 0.555528954586
0.00205535841073 0.000497070937752 8.94459764725e-05 0.000172581754137 0.000737931048575 0.0521612117445 0.031189294938 0.555528954586
0.00205535841073 0.000497070937752 8.94459764725e-05 0.000172581754137 0.000737931048575 0.0521612117445 0.031189294938 0.555528954586
0.00205535841073 0.000497070937752 8.94459764725e-05 0.000172581754137 0.000737931048575 0.0521612117445 0.031189294938 0.555528954586
0.00205535841073 0.000497070937752 8.94459764725e-05 0.000172581754137 0.000737931048575 0.0521612117445 0.031189294938 0.555528954586
0.00205535841073 0.000497070937752 8.94459764725e-05 0.000172581754137 0.000737931048575 0.0521612117445 0.031189294938 0.555528954586
0.00205535841073 0.000497070937752 8.94459764725e-05 0.000172581754137 0.000737931048575 0.0521612117445 0.031189294938 0.555528954586
0.00205535841073 0.000497070937752 8.94459764725e-05 0.000172581754137 0.000737931048575 0.0521612117445 0.031189294938 0.555528954586
0.00205535841073 0.000497070937752 8.94459764725e-05 0.000172581754137 0.000737931048575 0.0521612117445 0.031189294938 0.555528954586
0.00205535841073 0.000497070937752 8.94459764725e-05 0.000172581754137 0.000737931048575 0.0521612117445 0.031189294938 0.555528954586
0.00205535841073 0.000497070937752 8.94459764725e-05 0.000172581754137 0.000737931048575 0.0521612117445 0.031189294938 0.555528954586
0.00205535841073 0.000497070937752 8.94459764725e-05 0.000172581754137 0.000737931048575 0.0521612117445 0.031189294938 0.555528954586
0.00205535841073 0.000497070937752 8.94459764725e-05 0.000172581754137 0.000737931048575 0.0521612117445 0.031189294938 0.555528954586
0.00205535841073 0.000497070937752 8.94459764725e-05 0.000172581754137 0.000737931048575 0.0521612117445 0.031189294938 0.555528954586
0.00205535841073 0.000497070937752 8.94459764725e-05 0.000172581754137 0.000737931048575 0.0521612117445 0.031189294938 0.555528954586
0.00205535841073 0.000497070937752 8.94459764725e-05 0.000172581754137 0.000737931048575 0.0521612117445 0.031189294938 0.555528954586
0.00205535841073 0.000497070937752 8.94459764725e-05 0.000172581754137 0.000737931048575 0.0521612117445 0.031189294938 0.555528954586
0.00205535841073 0.000497070937752 8.94459764725e-05 0.000172581754137 0.000737931048575 0.0521612117445 0.031189294938 0.555528954586
0.00205535841073 0.000497070937752 8.94459764725e-05 0.000172581754137 0.000737931048575 0.0521612117445 0.031189294938 0.555528954586
0.00205535841073 0.000497070937752 8.94459764725e-05 0.000172581754137 0.000737931048575 0.0521612117445 0.031189294938 0.555528954586
0.00205535841073 0.000497070937752 8.94459764725e-05 0.000172581754137 0.000737931048575 0.0521612117445 0.031189294938 0.555528954586
0.00205535841073 0.000497070937752 8.94459764725e-05 0.000172581754137 0.000737931048575 0.0521612117445 0.031189294938 0.555528954586
0.00205535841073 0.000497070937752 8.94459764725e-05 0.000172581754137 0.000737931048575 0.0521612117445 0.031189294938 0.555528954586
0.00205535841073 0.000497070937752 8.94459764725e-05 0.000172581754137 0.000737931048575 0.0521612117445 0.031189294938 0.555528954586
0.00205535841073 0.000497070937752 8.94459764725e-05 0.000172581754137 0.000737931048575 0.0521612117445 0.031189294938 0.555528954586
0.00205535841073 0.000497070937752 8.94459764725e-05 0.000172581754137 0.000737931048575 0.0521612117445 0.031189294938 0.555528954586
0.00205535841073 0.000497070937752 8.94459764725e-05 0.000172581754137 0.000737931048575 0.0521612117445 0.031189294938 0.555528954586
0.00205535841073 0.000497070937752 8.94459764725e-05 0.000172581754137 0.000737931048575 0.0521612117445 0.031189294938 0.555528954586
0.00205535841073 0.000497070937752 8.94459764725e-05 0.000172581754137 0.000737931048575 0.0521612117445 0.031189294938 0.555528954586
0.00205535841073 0.000497070937752 8.94459764725e-05 0.000172581754137 0.000737931048575 0.0521612117445 0.031189294938 0.555528954586
0.00205535841073 0.000497070937752 8.94459764725e-05 0.000172581754137 0.000737931048575 0.0521612117445 0.031189294938 0.555528954586
0.00205535841073 0.000497070937752 8.94459764725e-05 0.000172581754137 0.000737931048575 0.0521612117445 0.031189294938 0.555528954586
0.00205535841073 0.000497070937752 8.94459764725e-05 0.000172581754137 0.000737931048575 0.0521612117445 0.031189294938 0.555528954586
0.00205535841073 0.000497070937752 8.94459764725e-05 0.000172581754137 0.000737931048575 0.0521612117445 0.031189294938 0.555528954586
0.00205535841073 0.000497070937752 8.94459764725e-05 0.000172581754137 0.000737931048575 0.0521612117445 0.031189294938 0.555528954586
0.00205535841073 0.000497070937752 8.94459764725e-05 0.000172581754137 0.000737931048575 0.0521612117445 0.031189294938 0.555528954586
0.00205535841073 0.000497070937752 8.94459764725e-05 0.000172581754137 0.000737931048575 0.0521612117445 0.031189294938 0.555528954586
0.00205535841073 0.000497070937752 8.94459764725e-05 0.000172581754137 0.000737931048575 0.0521612117445 0.031189294938 0.555528954586
0.00205535841073 0.000497070937752 8.94459764725e-05 0.000172581754137 0.000737931048575 0.0521612117445 0.031189294938 0.555528954586
0.00205535841073 0.000497070937752 8.94459764725e-05 0.000172581754137 0.000737931048575 0.0521612117445 0.031189294938 0.555528954586
0.00205535841073 0.000497070937752 8.94459764725e-05 0.000172581754137 0.000737931048575 0.0521612117445 0.031189294938 0.555528954586
0.00205535841073 0.000497070937752 8.94459764725e-05 0.000172581754137 0.000737931048575 0.0521612117445 0.031189294938 0.555528954586
0.00205535841073 0.000497070937752 8.94459764725e-05 0.000172581754137 0.000737931048575 0.0521612117445 0.031189294938 0.555528954586
0.00205535841073 0.000497070937752 8.94459764725e-05 0.000172581754137 0.000737931048575 0.0521612117445 0.031189294938 0.555528954586
0.00205535841073 0.000497070937752 8.94459764725e-05 0.000172581754137 0.000737931048575 0.0521612117445 0.031189294938 0.555528954586
0.00205535841073 0.000497070937752 8.94459764725e-05 0.000172581754137 0.000737931048575 0.0521612117445 0.031189294938 0.555528954586
0.00205535841073 0.000497070937752 8.94459764725e-05 0.000172581754137 0.000737931048575 0.0521612117445 0.031189294938 0.555528954586
0.00227099462987 0.000549234870793 9.88559422273e-05 0.000190739729988 0.000816011419792 0.0576358065279 0.034469159084 0.614011716769
0.00205535841073 0.000497070937752 8.94459764725e-05 0.000172581754137 0.000737931048575 0.0521612117445 0.031189294938 0.555528954586
0.00205535841073 0.000497070937752 8.94459764725e-05 0.000172581754137 0.000737931048575 0.0521612117445 0.031189294938 0.555528954586
0.00205535841073 0.000497070937752 8.94459764725e-05 0.000172581754137 0.000737931048575 0.0521612117445 0.031189294938 0.555528954586
0.00205535841073 0.000497070937752 8.94459764725e-05 0.000172581754137 0.000737931048575 0.0521612117445 0.031189294938 0.555528954586
0.00205535841073 0.000497070937752 8.94459764725e-05 0.000172581754137 0.000737931048575 0.0521612117445 0.031189294938 0.555528954586
0.00205535841073 0.000497070937752 8.94459764725e-05 0.000172581754137 0.000737931048575 0.0521612117445 0.031189294938 0.555528954586
0.00205535841073 0.000497070937752 8.94459764725e-05 0.000172581754137 0.000737931048575 0.0521612117445 0.031189294938 0.555528954586
0.00205535841073 0.000497070937752 8.94459764725e-05 0.000172581754137 0.000737931048575 0.0521612117445 0.031189294938 0.555528954586
0.00205535841073 0.000497070937752 8.94459764725e-05 0.000172581754137 0.000737931048575 0.0521612117445 0.031189294938 0.555528954586
0.00205535841073 0.000497070937752 8.94459764725e-05 0.000172581754137 0.000737931048575 0.0521612117445 0.031189294938 0.555528954586
0.00205535841073 0.000497070937752 8.94459764725e-05 0.000172581754137 0.000737931048575 0.0521612117445 0.031189294938 0.555528954586
0.00205535841073 0.000497070937752 8.94459764725e-05 0.000172581754137 0.000737931048575 0.0521612117445 0.031189294938 0.555528954586
0.00205535841073 0.000497070937752 8.94459764725e-05 0.000172581754137 0.000737931048575 0.0521612117445 0.031189294938 0.555528954586
0.00205535841073 0.000497070937752 8.94459764725e-05 0.000172581754137 0.000737931048575 0.0521612117445 0.031189294938 0.555528954586
0.00205535841073 0.000497070937752 8.94459764725e-05 0.000172581754137 0.000737931048575 0.0521612117445 0.031189294938 0.555528954586
0.00205535841073 0.000497070937752 8.94459764725e-05 0.000172581754137 0.000737931048575 0.0521612117445 0.031189294938 0.555528954586
0.00205535841073 0.000497070937752 8.94459764725e-05 0.000172581754137 0.000737931048575 0.0521612117445 0.031189294938 0.555528954586
0.00205535841073 0.000497070937752 8.94459764725e-05 0.000172581754137 0.000737931048575 0.0521612117445 0.031189294938 0.555528954586
