0.761273371523 0.694416992668 0.562182205106 0.303127505501 0.805896526866 0.0768089691434 0.928889699808 0.705207543968
0.837803191696 0.296403709968 0.146216472318 0.0442056447356 0.344584125227 0.405186525088 0.336985556549 0.690237443801
0.434202066721 0.707042193181 0.11026378696 0.311157341217 0.275388676136 0.570590409463 0.529801384847 0.433512169881
0.656276420892 0.712160486471 0.755235034715 0.489267979121 0.838977100066 0.722202037143 0.873552110561 0.456954134475
0.285971183806 0.18612551812 0.402511644339 0.0107285823391 0.0870545351704 0.726154414156 0.341162745846 0.412719900343
0.175331786037 0.866137789365 0.285925509991 0.826145004683 0.26488095031 0.266873539673 0.434509701425 0.402223032422
0.296735500402 0.206254624844 0.25652553976 0.174882158205 0.400905070233 0.833705125148 0.38274581926 0.324226690335
0.435848496802 0.876091057588 0.248534853401 0.50083873604 0.253709165845 0.764160796281 0.32568218785 0.456753562552
0.0272892983693 0.206380630498 0.0233618433315 0.152804603207 0.487625660227 0.44316200487 0.118663851721 0.742119802128
0.157015122078 0.625726739266 0.0584072763471 0.156537821405 0.860947513859 0.759063663234 0.196781624241 0.633676000523
0.429763516924 0.271808999543 0.0446415276578 0.332093676387 0.972781084087 0.545083148026 0.426534985677 0.563727930444
0.290818094038 0.03639687155 0.589383723274 0.0744344412129 0.640296008521 0.772575892657 0.481359365817 0.254784307228
0.1644817382 0.568710910303 0.153952617962 0.188414486972 0.797425519412 0.144726839032 0.0549029322804 0.496156713928
0.910517826774 0.422973470496 0.90664580255 0.220190999737 0.227400766314 0.317030114958 1.00007939408 0.214955977339
0.859670865688 0.942795221869 0.879631202273 0.368136363114 0.527405481808 0.749534958971 0.55840792547 0.642348829678
0.318027497036 0.678239809845 0.449707098388 0.281411886683 0.197945681271 0.0310492269193 0.10586265337 0.533070703977
0.873019157166 0.461771902985 0.163664857959 0.193158788088 0.0434410960796 0.643453769913 0.324106248886 0.402960066468
0.00642411930434 0.427898152143 0.281356951817 0.589697738841 0.297932941778 0.28914159949 0.577653381866 0.496257410858
0.887808641333 0.648347318148 0.539391206661 0.0975289601054 0.963547277443 0.256223778926 0.0783720639695 0.350506946501
0.0494897542017 0.74018776396 0.672632829962 0.910790356014 0.423345945807 0.837358512824 0.634284701868 0.55966160711
0.287191258567 0.277811835325 0.74087523718 0.696686020593 0.148300179815 0.16384471437 0.647902614553 0.48918014583
0.130116148402 0.526696851096 0.107058605216 0.903431410352 0.755243862766 0.526759885254 0.708920941791 0.267918346976
0.14270255803 0.00800285675784 0.545850133463 0.831639707511 0.416680851473 0.595244062167 0.343889523737 0.476779047504
0.986014332192 0.374133681612 0.540199689834 0.390287368823 0.905032696789 0.381932299552 0.143988116115 0.290383101363
0.472284817124 0.783290050588 0.914417779257 0.21151461411 0.264871207446 0.869282286489 0.169820981933 0.64362698889
0.0478474571949 0.273299683598 0.895040683675 0.0211326193101 0.446916022433 0.894958914967 0.672170684378 0.863530638088
0.912041326345 0.284320974261 0.982013032452 0.877311121212 0.641638252991 0.717522388593 0.197696158879 0.4835026273
0.0172648756813 0.446817974672 0.480863182621 0.456329572218 0.238235583306 0.512396721007 0.363709862713 0.439763826561
0.39846805316 0.928046646317 0.10007998991 0.661394572154 0.565906710942 0.692672667047 0.632931520488 0.213262710193
0.841534807131 0.293868426811 0.568390982039 0.632691864989 0.265856045569 0.673260664696 0.452496874194 0.37851996028
0.964747228415 0.144667032544 0.344492964845 0.111543618805 0.969765035256 0.0761494330358 0.387425537418 0.988162914385
0.263141630217 0.472947792408 0.551532612191 0.0250103081037 0.0709772776242 0.693111692556 0.519005435052 0.286100396775
0.0551717329925 0.833933373919 0.930902141486 0.531290839423 0.312445327936 0.68753241372 0.842183130723 0.489226218554
0.594161110353 0.308514643095 0.593901314971 0.617534773697 0.603835017955 0.1269451617 0.377601125518 0.639983740993
0.441852330377 0.660347771847 0.0494811657024 0.615463367025 0.110974957919 0.167855113303 0.0204452326193 0.454069217336
0.690591483505 0.440648410698 0.491022566794 0.449834127761 0.622228170745 0.242574217883 0.795087000943 0.543449746632
0.280361701733 0.356650183239 0.29396708058 0.825561246063 0.134073377584 0.594178260999 0.825732202698 0.75091694543
0.924661655758 0.885147134886 0.279886873025 0.387523438869 0.675477772646 0.112180526949 0.121731732591 0.269348770008
0.879679643184 0.492231978142 0.196969488572 0.27491759414 0.738240728815 0.215923193507 0.259566357173 0.512129403509
0.784378397132 0.475666131347 0.14629395472 0.510917309951 0.183915044034 0.419682141583 0.265672495402 0.476399510184
0.753637715393 0.900853927625 0.555127188122 0.700718023653 0.804780925975 0.744219057029 0.430491504052 0.373995567773
0.972776499767 0.0688657193191 0.547645756843 0.0758632069919 0.978447340938 0.424346747161 0.161144180186 0.428803545468
0.401821855442 0.213215173651 0.00117491329985 0.0570578791127 0.146672747622 0.356820852489 0.882797552568 0.49203734868
0.816897081851 0.272706272578 0.0256143184968 0.0306188612473 0.067291630501 0.686110607184 0.646272911925 0.344013493426
0.0226357935729 0.930123429597 0.520920772732 0.264145713944 0.876776704304 0.209159718967 0.392679318893 0.639247633548
0.730666364229 0.498221788047 0.844272192801 0.377887358164 0.604960264417 0.507587221483 0.98426138075 0.643951753026
0.776325004836 0.498263708671 0.19651743914 0.160896734854 0.490182560898 0.106829460271 0.0931224105018 0.347229365138
0.165820834765 0.887964812274 0.00417292193054 0.213214101861 0.169047368752 0.753535627554 0.0717283683548 0.527126775723
0.711423065174 0.76066175548 0.284468082583 0.816850466228 0.556977013567 0.257022222626 0.452190003677 0.578337000099
0.301532990694 0.252224853587 0.610971839711 0.23755959329 0.431936777256 0.761713641048 0.198901066987 0.728894208511
0.761273371523 0.694416992668 0.562182205106 0.303127505501 0.805896526866 0.0768089691434 0.928889699808 0.705207543968
0.761273371523 0.694416992668 0.562182205106 0.303127505501 0.805896526866 0.0768089691434 0.928889699808 0.705207543968
0.761273371523 0.694416992668 0.562182205106 0.303127505501 0.805896526866 0.0768089691434 0.928889699808 0.705207543968
0.761273371523 0.694416992668 0.562182205106 0.303127505501 0.805896526866 0.0768089691434 0.928889699808 0.705207543968
0.761273371523 0.694416992668 0.562182205106 0.303127505501 0.805896526866 0.0768089691434 0.928889699808 0.705207543968
0.761273371523 0.694416992668 0.562182205106 0.303127505501 0.805896526866 0.0768089691434 0.928889699808 0.705207543968
0.761273371523 0.694416992668 0.562182205106 0.303127505501 0.805896526866 0.0768089691434 0.928889699808 0.705207543968
0.761273371523 0.694416992668 0.562182205106 0.303127505501 0.805896526866 0.0768089691434 0.928889699808 0.705207543968
0.761273371523 0.694416992668 0.562182205106 0.303127505501 0.805896526866 0.0768089691434 0.928889699808 0.705207543968
0.761273371523 0.694416992668 0.562182205106 0.303127505501 0.805896526866 0.0768089691434 0.928889699808 0.705207543968
0.761273371523 0.694416992668 0.562182205106 0.303127505501 0.805896526866 0.0768089691434 0.928889699808 0.705207543968
0.761273371523 0.694416992668 0.562182205106 0.303127505501 0.805896526866 0.0768089691434 0.928889699808 0.705207543968
0.761273371523 0.694416992668 0.562182205106 0.303127505501 0.805896526866 0.0768089691434 0.928889699808 0.705207543968
0.761273371523 0.694416992668 0.562182205106 0.303127505501 0.805896526866 0.0768089691434 0.928889699808 0.705207543968
0.761273371523 0.694416992668 0.562182205106 0.303127505501 0.805896526866 0.0768089691434 0.928889699808 0.705207543968
0.761273371523 0.694416992668 0.562182205106 0.303127505501 0.805896526866 0.0768089691434 0.928889699808 0.705207543968
0.761273371523 0.694416992668 0.562182205106 0.303127505501 0.805896526866 0.0768089691434 0.928889699808 0.705207543968
0.761273371523 0.694416992668 0.562182205106 0.303127505501 0.805896526866 0.0768089691434 0.928889699808 0.705207543968
0.761273371523 0.694416992668 0.562182205106 0.303127505501 0.805896526866 0.0768089691434 0.928889699808 0.705207543968
0.761273371523 0.694416992668 0.562182205106 0.303127505501 0.805896526866 0.0768089691434 0.928889699808 0.705207543968
0.761273371523 0.694416992668 0.562182205106 0.303127505501 0.805896526866 0.0768089691434 0.928889699808 0.705207543968
0.761273371523 0.694416992668 0.562182205106 0.303127505501 0.805896526866 0.0768089691434 0.928889699808 0.705207543968
0.761273371523 0.694416992668 0.562182205106 0.303127505501 0.805896526866 0.0768089691434 0.928889699808 0.684027157697
0.761273371523 0.694416992668 0.562182205106 0.303127505501 0.805896526866 0.0768089691434 0.928889699808 0.705207543968
0.761273371523 0.694416992668 0.562182205106 0.303127505501 0.805896526866 0.0768089691434 0.928889699808 0.705207543968
0.761273371523 0.694416992668 0.562182205106 0.303127505501 0.805896526866 0.0768089691434 0.928889699808 0.705207543968
0.761273371523 0.694416992668 0.562182205106 0.303127505501 0.805896526866 0.0768089691434 0.928889699808 0.705207543968
0.761273371523 0.694416992668 0.562182205106 0.303127505501 0.805896526866 0.0768089691434 0.928889699808 0.705207543968
0.761273371523 0.694416992668 0.562182205106 0.303127505501 0.805896526866 0.0768089691434 0.928889699808 0.705207543968
0.761273371523 0.694416992668 0.562182205106 0.303127505501 0.805896526866 0.0768089691434 0.928889699808 0.705207543968
0.761273371523 0.694416992668 0.562182205106 0.303127505501 0.805896526866 0.0768089691434 0.928889699808 0.705207543968
0.761273371523 0.694416992668 0.562182205106 0.303127505501 0.805896526866 0.0768089691434 0.928889699808 0.705207543968
0.761273371523 0.694416992668 0.562182205106 0.303127505501 0.805896526866 0.0768089691434 0.928889699808 0.705207543968
0.761273371523 0.694416992668 0.562182205106 0.303127505501 0.805896526866 0.0768089691434 0.928889699808 0.705207543968
0.761273371523 0.694416992668 0.562182205106 0.303127505501 0.805896526866 0.0768089691434 0.928889699808 0.705207543968
0.761273371523 0.694416992668 0.562182205106 0.303127505501 0.805896526866 0.0768089691434 0.928889699808 0.705207543968
0.761273371523 0.694416992668 0.562182205106 0.303127505501 0.805896526866 0.0768089691434 0.928889699808 0.705207543968
0.761273371523 0.694416992668 0.562182205106 0.303127505501 0.805896526866 0.0768089691434 0.928889699808 0.705207543968
0.761273371523 0.694416992668 0.562182205106 0.303127505501 0.805896526866 0.0768089691434 0.928889699808 0.705207543968
0.761273371523 0.694416992668 0.562182205106 0.303127505501 0.805896526866 0.0768089691434 0.928889699808 0.705207543968
0.761273371523 0.694416992668 0.562182205106 0.303127505501 0.805896526866 0.0768089691434 0.928889699808 0.705207543968
0.761273371523 0.694416992668 0.562182205106 0.303127505501 0.805896526866 0.0768089691434 0.928889699808 0.705207543968
0.761273371523 0.694416992668 0.562182205106 0.303127505501 0.805896526866 0.0768089691434 0.928889699808 0.705207543968
0.761273371523 0.694416992668 0.562182205106 0.303127505501 0.805896526866 0.0768089691434 0.928889699808 0.705207543968
0.761273371523 0.694416992668 0.562182205106 0.303127505501 0.805896526866 0.0768089691434 0.928889699808 0.705207543968
0.761273371523 0.694416992668 0.562182205106 0.303127505501 0.805896526866 0.0768089691434 0.928889699808 0.705207543968
0.761273371523 0.694416992668 0.562182205106 0.303127505501 0.805896526866 0.0768089691434 0.928889699808 0.705207543968
0.761273371523 0.694416992668 0.562182205106 0.303127505501 0.805896526866 0.0768089691434 0.928889699808 0.705207543968
0.761273371523 0.694416992668 0.562182205106 0.303127505501 0.805896526866 0.0768089691434 0.928889699808 0.705207543968
0.761273371523 0.694416992668 0.562182205106 0.303127505501 0.805896526866 0.0768089691434 0.928889699808 0.705207543968
0.761273371523 0.694416992668 0.562182205106 0.303127505501 0.805896526866 0.0768089691434 0.928889699808 0.705207543968
0.761273371523 0.694416992668 0.562182205106 0.303127505501 0.805896526866 0.0768089691434 0.928889699808 0.705207543968
0.761273371523 0.694416992668 0.562182205106 0.303127505501 0.805896526866 0.0768089691434 0.928889699808 0.705207543968
0.761273371523 0.694416992668 0.562182205106 0.303127505501 0.805896526866 0.0768089691434 0.928889699808 0.705207543968
0.761273371523 0.694416992668 0.562182205106 0.303127505501 0.805896526866 0.0768089691434 0.928889699808 0.705207543968
0.761273371523 0.694416992668 0.562182205106 0.303127505501 0.805896526866 0.0768089691434 0.928889699808 0.705207543968
0.761273371523 0.694416992668 0.562182205106 0.303127505501 0.805896526866 0.0768089691434 0.928889699808 0.705207543968
0.761273371523 0.694416992668 0.562182205106 0.303127505501 0.805896526866 0.0768089691434 0.928889699808 0.705207543968
0.761273371523 0.694416992668 0.562182205106 0.303127505501 0.805896526866 0.0768089691434 0.928889699808 0.705207543968
0.761273371523 0.694416992668 0.562182205106 0.303127505501 0.805896526866 0.0768089691434 0.928889699808 0.705207543968
0.761273371523 0.694416992668 0.562182205106 0.303127505501 0.805896526866 0.0768089691434 0.928889699808 0.705207543968
0.761273371523 0.694416992668 0.562182205106 0.303127505501 0.805896526866 0.0768089691434 0.928889699808 0.705207543968
0.761273371523 0.694416992668 0.562182205106 0.303127505501 0.805896526866 0.0768089691434 0.928889699808 0.705207543968
0.761273371523 0.694416992668 0.562182205106 0.303127505501 0.805896526866 0.0768089691434 0.928889699808 0.705207543968
0.761273371523 0.694416992668 0.562182205106 0.303127505501 0.805896526866 0.0768089691434 0.928889699808 0.705207543968
0.761273371523 0.694416992668 0.562182205106 0.303127505501 0.805896526866 0.0768089691434 0.928889699808 0.705207543968
0.761273371523 0.694416992668 0.562182205106 0.303127505501 0.805896526866 0.0768089691434 0.928889699808 0.705207543968
0.761273371523 0.694416992668 0.562182205106 0.303127505501 0.805896526866 0.0768089691434 0.928889699808 0.705207543968
0.761273371523 0.694416992668 0.562182205106 0.303127505501 0.805896526866 0.0768089691434 0.928889699808 0.705207543968
0.761273371523 0.694416992668 0.562182205106 0.303127505501 0.805896526866 0.0768089691434 0.928889699808 0.705207543968
0.761273371523 0.694416992668 0.562182205106 0.303127505501 0.805896526866 0.0768089691434 0.928889699808 0.705207543968
0.761273371523 0.694416992668 0.562182205106 0.303127505501 0.805896526866 0.0768089691434 0.928889699808 0.705207543968
0.761273371523 0.694416992668 0.562182205106 0.303127505501 0.805896526866 0.0768089691434 0.928889699808 0.705207543968
0.761273371523 0.694416992668 0.562182205106 0.303127505501 0.805896526866 0.0768089691434 0.928889699808 0.705207543968
0.761273371523 0.694416992668 0.562182205106 0.303127505501 0.805896526866 0.0768089691434 0.928889699808 0.705207543968
0.761273371523 0.694416992668 0.562182205106 0.303127505501 0.805896526866 0.0768089691434 0.928889699808 0.705207543968
0.761273371523 0.694416992668 0.562182205106 0.303127505501 0.805896526866 0.0768089691434 0.928889699808 0.71550329012
0.761273371523 0.694416992668 0.562182205106 0.303127505501 0.805896526866 0.0768089691434 0.928889699808 0.705207543968
0.761273371523 0.694416992668 0.562182205106 0.303127505501 0.805896526866 0.0768089691434 0.928889699808 0.705207543968
0.761273371523 0.694416992668 0.562182205106 0.303127505501 0.805896526866 0.0768089691434 0.928889699808 0.705207543968
0.761273371523 0.694416992668 0.562182205106 0.303127505501 0.805896526866 0.0768089691434 0.928889699808 0.705207543968
0.761273371523 0.694416992668 0.562182205106 0.303127505501 0.805896526866 0.0768089691434 0.928889699808 0.713286362637
0.761273371523 0.694416992668 0.562182205106 0.303127505501 0.805896526866 0.0768089691434 0.928889699808 0.705207543968
0.761273371523 0.694416992668 0.562182205106 0.303127505501 0.805896526866 0.0768089691434 0.928889699808 0.705207543968
0.761273371523 0.694416992668 0.562182205106 0.303127505501 0.805896526866 0.0768089691434 0.928889699808 0.705207543968
0.761273371523 0.694416992668 0.562182205106 0.303127505501 0.805896526866 0.0768089691434 0.928889699808 0.705207543968
0.761273371523 0.694416992668 0.562182205106 0.303127505501 0.805896526866 0.0768089691434 0.928889699808 0.705207543968
0.761273371523 0.694416992668 0.562182205106 0.303127505501 0.805896526866 0.0768089691434 0.928889699808 0.705207543968
0.761273371523 0.694416992668 0.562182205106 0.303127505501 0.805896526866 0.0768089691434 0.928889699808 0.705207543968
0.761273371523 0.694416992668 0.562182205106 0.303127505501 0.805896526866 0.0768089691434 0.928889699808 0.705207543968
0.761273371523 0.694416992668 0.562182205106 0.303127505501 0.805896526866 0.0768089691434 0.928889699808 0.705207543968
0.761273371523 0.694416992668 0.562182205106 0.303127505501 0.805896526866 0.0768089691434 0.928889699808 0.705207543968
0.761273371523 0.694416992668 0.562182205106 0.303127505501 0.805896526866 0.0768089691434 0.928889699808 0.705207543968
0.761273371523 0.694416992668 0.562182205106 0.303127505501 0.805896526866 0.0768089691434 0.928889699808 0.705207543968
0.761273371523 0.694416992668 0.562182205106 0.303127505501 0.805896526866 0.0768089691434 0.928889699808 0.705207543968
0.761273371523 0.694416992668 0.562182205106 0.303127505501 0.805896526866 0.0768089691434 0.928889699808 0.705207543968
0.761273371523 0.694416992668 0.562182205106 0.303127505501 0.805896526866 0.0768089691434 0.928889699808 0.705207543968
0.761273371523 0.694416992668 0.562182205106 0.303127505501 0.805896526866 0.0768089691434 0.928889699808 0.705207543968
0.761273371523 0.694416992668 0.562182205106 0.303127505501 0.805896526866 0.0768089691434 0.928889699808 0.705207543968
0.761273371523 0.694416992668 0.562182205106 0.303127505501 0.805896526866 0.0768089691434 0.928889699808 0.705207543968
0.761273371523 0.694416992668 0.562182205106 0.303127505501 0.805896526866 0.0768089691434 0.928889699808 0.705207543968
0.761273371523 0.694416992668 0.562182205106 0.303127505501 0.805896526866 0.0768089691434 0.928889699808 0.705207543968
0.761273371523 0.694416992668 0.562182205106 0.303127505501 0.805896526866 0.0768089691434 0.928889699808 0.705207543968
0.761273371523 0.694416992668 0.562182205106 0.303127505501 0.805896526866 0.0768089691434 0.928889699808 0.705207543968
0.761273371523 0.694416992668 0.562182205106 0.303127505501 0.805896526866 0.0768089691434 0.928889699808 0.705207543968
0.761273371523 0.694416992668 0.562182205106 0.303127505501 0.805896526866 0.0768089691434 0.928889699808 0.705207543968
0.761273371523 0.694416992668 0.562182205106 0.303127505501 0.805896526866 0.0768089691434 0.928889699808 0.705207543968
0.761273371523 0.694416992668 0.562182205106 0.303127505501 0.805896526866 0.0768089691434 0.928889699808 0.705207543968
0.761273371523 0.694416992668 0.562182205106 0.303127505501 0.805896526866 0.0768089691434 0.928889699808 0.718680468005
0.761273371523 0.694416992668 0.562182205106 0.303127505501 0.805896526866 0.0768089691434 0.928889699808 0.705207543968
0.761273371523 0.694416992668 0.562182205106 0.303127505501 0.805896526866 0.0768089691434 0.928889699808 0.705207543968
0.761273371523 0.694416992668 0.562182205106 0.303127505501 0.805896526866 0.0768089691434 0.928889699808 0.705207543968
0.761273371523 0.694416992668 0.562182205106 0.303127505501 0.805896526866 0.0768089691434 0.928889699808 0.705207543968
0.761273371523 0.694416992668 0.562182205106 0.303127505501 0.805896526866 0.0768089691434 0.928889699808 0.705207543968
0.761273371523 0.694416992668 0.562182205106 0.303127505501 0.805896526866 0.0768089691434 0.928889699808 0.705207543968
0.761273371523 0.694416992668 0.562182205106 0.303127505501 0.805896526866 0.0768089691434 0.928889699808 0.705207543968
0.761273371523 0.694416992668 0.562182205106 0.303127505501 0.811887206419 0.0768089691434 0.928889699808 0.705205842997
0.761273371523 0.694416992668 0.562182205106 0.303127505501 0.805896526866 0.0768089691434 0.928889699808 0.705207543968
0.761273371523 0.694416992668 0.562182205106 0.303127505501 0.805896526866 0.0768089691434 0.928889699808 0.705207543968
0.761273371523 0.694416992668 0.562182205106 0.303127505501 0.805896526866 0.0768089691434 0.928889699808 0.705207543968
0.761273371523 0.694416992668 0.562182205106 0.303127505501 0.805896526866 0.0768089691434 0.928889699808 0.705207543968
0.761273371523 0.694416992668 0.562182205106 0.303127505501 0.805896526866 0.0768089691434 0.928889699808 0.705207543968
0.761273371523 0.694416992668 0.562182205106 0.303127505501 0.805896526866 0.0768089691434 0.928889699808 0.705207543968
0.761273371523 0.694416992668 0.562182205106 0.303127505501 0.805896526866 0.0768089691434 0.928889699808 0.705207543968
0.761273371523 0.694416992668 0.562182205106 0.303127505501 0.805896526866 0.0768089691434 0.928889699808 0.705207543968
0.761273371523 0.694416992668 0.562182205106 0.303127505501 0.805896526866 0.0768089691434 0.928889699808 0.705207543968
0.761273371523 0.694416992668 0.562182205106 0.303127505501 0.805896526866 0.0768089691434 0.928889699808 0.705207543968
0.761273371523 0.694416992668 0.562182205106 0.303127505501 0.805896526866 0.0768089691434 0.928889699808 0.705207543968
0.761273371523 0.694416992668 0.562182205106 0.303127505501 0.805896526866 0.0768089691434 0.928889699808 0.705207543968
0.761273371523 0.694416992668 0.562182205106 0.303127505501 0.805896526866 0.0768089691434 0.928889699808 0.705207543968
0.761273371523 0.694416992668 0.562182205106 0.303127505501 0.805896526866 0.0768089691434 0.928889699808 0.705207543968
0.761273371523 0.694416992668 0.562182205106 0.303127505501 0.805896526866 0.0768089691434 0.928889699808 0.705207543968
0.761273371523 0.694416992668 0.562182205106 0.303127505501 0.805896526866 0.0768089691434 0.928889699808 0.705207543968
0.761273371523 0.694416992668 0.562182205106 0.303127505501 0.805896526866 0.0768089691434 0.928889699808 0.705207543968
0.761273371523 0.694416992668 0.562182205106 0.303127505501 0.805896526866 0.0768089691434 0.928889699808 0.705207543968
0.761273371523 0.694416992668 0.562182205106 0.303127505501 0.805896526866 0.0768089691434 0.928889699808 0.705207543968
0.761273371523 0.694416992668 0.562182205106 0.303127505501 0.805896526866 0.0768089691434 0.928889699808 0.705207543968
0.761273371523 0.694416992668 0.562182205106 0.303127505501 0.805896526866 0.0768089691434 0.928889699808 0.705207543968
0.761273371523 0.694416992668 0.562182205106 0.303127505501 0.805896526866 0.0768089691434 0.928889699808 0.599324337786
0.761273371523 0.694416992668 0.562182205106 0.303127505501 0.805896526866 0.0768089691434 0.928889699808 0.705207543968
0.761273371523 0.694416992668 0.562182205106 0.303127505501 0.805896526866 0.0768089691434 0.928889699808 0.705207543968
0.761273371523 0.694416992668 0.562182205106 0.303127505501 0.805896526866 0.0768089691434 0.928889699808 0.705207543968
0.761273371523 0.694416992668 0.562182205106 0.303127505501 0.805896526866 0.0768089691434 0.928889699808 0.705207543968
0.761273371523 0.694416992668 0.562182205106 0.303127505501 0.805896526866 0.0768089691434 0.928889699808 0.705207543968
0.761273371523 0.694416992668 0.562182205106 0.303127505501 0.805896526866 0.0768089691434 0.928889699808 0.705207543968
0.761273371523 0.694416992668 0.562182205106 0.303127505501 0.805896526866 0.0768089691434 0.928889699808 0.705207543968
0.761273371523 0.694416992668 0.562182205106 0.303127505501 0.805896526866 0.0768089691434 0.928889699808 0.705207543968
0.761273371523 0.694416992668 0.562182205106 0.303127505501 0.805896526866 0.0768089691434 0.928889699808 0.705207543968
0.761273371523 0.694416992668 0.562182205106 0.303127505501 0.805896526866 0.0768089691434 0.928889699808 0.705207543968
0.761273371523 0.694416992668 0.562182205106 0.303127505501 0.805896526866 0.0768089691434 0.928889699808 0.705207543968
0.761273371523 0.694416992668 0.562182205106 0.303127505501 0.805896526866 0.0768089691434 0.928889699808 0.705207543968
0.761273371523 0.694416992668 0.562182205106 0.303127505501 0.805896526866 0.0768089691434 0.928889699808 0.705207543968
0.761273371523 0.694416992668 0.562182205106 0.303127505501 0.805896526866 0.0768089691434 0.928889699808 0.705207543968
0.761273371523 0.694416992668 0.562182205106 0.303127505501 0.805896526866 0.0768089691434 0.928889699808 0.705207543968
0.761273371523 0.694416992668 0.562182205106 0.303127505501 0.805896526866 0.0768089691434 0.928889699808 0.705207543968
0.761273371523 0.694416992668 0.562182205106 0.303127505501 0.805896526866 0.0768089691434 0.928889699808 0.705207543968
0.761273371523 0.694416992668 0.562182205106 0.303127505501 0.805896526866 0.0768089691434 0.928889699808 0.705207543968
0.761273371523 0.694416992668 0.562182205106 0.303127505501 0.805896526866 0.0768089691434 0.928889699808 0.705207543968
0.761273371523 0.694416992668 0.562182205106 0.303127505501 0.805896526866 0.0768089691434 0.928889699808 0.705207543968
0.761273371523 0.694416992668 0.562182205106 0.303127505501 0.805896526866 0.0768089691434 0.928889699808 0.705207543968
0.761273371523 0.694416992668 0.562182205106 0.303127505501 0.805896526866 0.0768089691434 0.928889699808 0.705207543968
0.761273371523 0.694416992668 0.562182205106 0.303127505501 0.805896526866 0.0768089691434 0.928889699808 0.705207543968
0.761273371523 0.694416992668 0.562182205106 0.303127505501 0.805896526866 0.0768089691434 0.928889699808 0.705207543968
0.761273371523 0.694416992668 0.562182205106 0.303127505501 0.805896526866 0.0768089691434 0.928889699808 0.705207543968
0.761273371523 0.694416992668 0.562182205106 0.303127505501 0.805896526866 0.0768089691434 0.928889699808 0.705207543968
0.761273371523 0.694416992668 0.562182205106 0.303127505501 0.805896526866 0.0768089691434 0.928889699808 0.705207543968
0.761273371523 0.694416992668 0.562182205106 0.303127505501 0.805896526866 0.0768089691434 0.928889699808 0.659354028982
0.761273371523 0.694416992668 0.562182205106 0.303127505501 0.805896526866 0.0768089691434 0.928889699808 0.705207543968
0.761273371523 0.694416992668 0.562182205106 0.303127505501 0.805896526866 0.0768089691434 0.928889699808 0.705207543968
0.761273371523 0.694416992668 0.562182205106 0.303127505501 0.805896526866 0.0768089691434 0.928889699808 0.705207543968
0.761273371523 0.694416992668 0.562182205106 0.303127505501 0.805896526866 0.0768089691434 0.928889699808 0.705207543968
0.761273371523 0.694416992668 0.562182205106 0.303127505501 0.805896526866 0.0768089691434 0.928889699808 0.705207543968
0.761273371523 0.694416992668 0.562182205106 0.303127505501 0.805896526866 0.0768089691434 0.928889699808 0.705207543968
0.761273371523 0.694416992668 0.562182205106 0.303127505501 0.805896526866 0.0768089691434 0.928889699808 0.705207543968
0.761273371523 0.694416992668 0.562182205106 0.303127505501 0.805896526866 0.0768089691434 0.928889699808 0.705207543968
0.761273371523 0.694416992668 0.562182205106 0.303127505501 0.805896526866 0.0768089691434 0.928889699808 0.705207543968
0.761273371523 0.694416992668 0.562182205106 0.303127505501 0.805896526866 0.0768089691434 0.928889699808 0.705207543968
0.761273371523 0.694416992668 0.562182205106 0.303127505501 0.805896526866 0.0768089691434 0.928889699808 0.705207543968
0.761273371523 0.694416992668 0.562182205106 0.303127505501 0.805896526866 0.0768089691434 0.928889699808 0.705207543968
0.761273371523 0.694416992668 0.562182205106 0.303127505501 0.805896526866 0.0768089691434 0.928889699808 0.705207543968
0.761273371523 0.694416992668 0.562182205106 0.303127505501 0.805896526866 0.0768089691434 0.928889699808 0.705207543968
0.761273371523 0.694416992668 0.562182205106 0.303127505501 0.805896526866 0.0768089691434 0.928889699808 0.705207543968
0.761273371523 0.694416992668 0.562182205106 0.303127505501 0.805896526866 0.0768089691434 0.928889699808 0.705207543968
0.761273371523 0.694416992668 0.562182205106 0.303127505501 0.805896526866 0.0768089691434 0.928889699808 0.705207543968
0.761273371523 0.694416992668 0.562182205106 0.303127505501 0.805896526866 0.0768089691434 0.928889699808 0.705207543968
0.761273371523 0.694416992668 0.562182205106 0.303127505501 0.805896526866 0.0768089691434 0.928889699808 0.705207543968
0.761273371523 0.694416992668 0.562182205106 0.303127505501 0.805896526866 0.0768089691434 0.928889699808 0.778020622121
0.761273371523 0.694416992668 0.562182205106 0.303127505501 0.805896526866 0.0768089691434 0.928889699808 0.705207543968
0.761273371523 0.694416992668 0.562182205106 0.303127505501 0.805896526866 0.0768089691434 0.928889699808 0.705207543968
0.761273371523 0.694416992668 0.562182205106 0.303127505501 0.805896526866 0.0768089691434 0.928889699808 0.705207543968
0.761273371523 0.694416992668 0.562182205106 0.303127505501 0.805896526866 0.0768089691434 0.928889699808 0.705207543968
0.761273371523 0.694416992668 0.562182205106 0.303127505501 0.805896526866 0.0768089691434 0.928889699808 0.705207543968
0.761273371523 0.694416992668 0.562182205106 0.303127505501 0.805896526866 0.0768089691434 0.928889699808 0.705207543968
0.761273371523 0.694416992668 0.562182205106 0.303127505501 0.805896526866 0.0768089691434 0.928889699808 0.705207543968
0.761273371523 0.694416992668 0.562182205106 0.303127505501 0.805896526866 0.0768089691434 0.928889699808 0.631824402899
0.761273371523 0.694416992668 0.562182205106 0.303127505501 0.805896526866 0.0768089691434 0.928889699808 0.705207543968
0.761273371523 0.694416992668 0.562182205106 0.303127505501 0.805896526866 0.0768089691434 0.928889699808 0.705207543968
0.761273371523 0.694416992668 0.562182205106 0.303127505501 0.805896526866 0.0768089691434 0.928889699808 0.705207543968
0.761273371523 0.694416992668 0.562182205106 0.303127505501 0.805896526866 0.0768089691434 0.928889699808 0.705207543968
0.761273371523 0.694416992668 0.562182205106 0.303127505501 0.805896526866 0.0768089691434 0.928889699808 0.705207543968
0.761273371523 0.694416992668 0.562182205106 0.303127505501 0.805896526866 0.0768089691434 0.928889699808 0.705207543968
0.761273371523 0.694416992668 0.562182205106 0.303127505501 0.805896526866 0.0768089691434 0.928889699808 0.705207543968
0.761273371523 0.694416992668 0.562182205106 0.303127505501 0.805896526866 0.0768089691434 0.928889699808 0.705207543968
0.761273371523 0.694416992668 0.562182205106 0.303127505501 0.805896526866 0.0768089691434 0.928889699808 0.705207543968
0.761273371523 0.694416992668 0.562182205106 0.303127505501 0.805896526866 0.0768089691434 0.928889699808 0.705207543968
0.761273371523 0.584046558392 0.562182205106 0.303127505501 0.805896526866 0.0768089691434 0.928889699808 0.705260737761
0.761273371523 0.694416992668 0.562182205106 0.303127505501 0.805896526866 0.0768089691434 0.928889699808 0.705207543968
0.761273371523 0.694416992668 0.562182205106 0.303127505501 0.805896526866 0.0768089691434 0.928889699808 0.705207543968
0.761273371523 0.694416992668 0.562182205106 0.303127505501 0.805896526866 0.0768089691434 0.928889699808 0.705207543968
0.761273371523 0.694416992668 0.562182205106 0.303127505501 0.805896526866 0.0768089691434 0.928889699808 0.705207543968
0.761273371523 0.694416992668 0.562182205106 0.303127505501 0.805896526866 0.0768089691434 0.928889699808 0.705207543968
0.761273371523 0.694416992668 0.562182205106 0.303127505501 0.805896526866 0.0768089691434 0.928889699808 0.705207543968
0.761273371523 0.694416992668 0.562182205106 0.303127505501 0.805896526866 0.0768089691434 0.928889699808 0.705207543968
0.761273371523 0.694416992668 0.562182205106 0.303127505501 0.805896526866 0.0768089691434 0.928889699808 0.705207543968
0.761273371523 0.694416992668 0.562182205106 0.303127505501 0.805896526866 0.0768089691434 0.928889699808 0.705207543968
0.761273371523 0.694416992668 0.562182205106 0.303127505501 0.805896526866 0.0768089691434 0.928889699808 0.705207543968
0.761273371523 0.694416992668 0.562182205106 0.303127505501 0.805896526866 0.0768089691434 0.928889699808 0.705207543968
0.761273371523 0.694416992668 0.562182205106 0.303127505501 0.805896526866 0.0768089691434 0.928889699808 0.705207543968
0.761273371523 0.694416992668 0.562182205106 0.303127505501 0.805896526866 0.0768089691434 0.928889699808 0.705207543968
0.761273371523 0.694416992668 0.562182205106 0.303127505501 0.805896526866 0.0768089691434 0.928889699808 0.705207543968
0.761273371523 0.694416992668 0.562182205106 0.303127505501 0.805896526866 0.0768089691434 0.928889699808 0.705207543968
0.761273371523 0.694416992668 0.562182205106 0.303127505501 0.805896526866 0.0768089691434 0.928889699808 0.705207543968
0.761273371523 0.694416992668 0.562182205106 0.303127505501 0.805896526866 0.0768089691434 0.928889699808 0.705207543968
0.761273371523 0.694416992668 0.562182205106 0.303127505501 0.805896526866 0.0768089691434 0.928889699808 0.705207543968
0.761273371523 0.694416992668 0.562182205106 0.303127505501 0.805896526866 0.0768089691434 0.246599979793 0.70529065912
0.761273371523 0.694416992668 0.562182205106 0.303127505501 0.805896526866 0.0768089691434 0.928889699808 0.705207543968
0.761273371523 0.694416992668 0.562182205106 0.303127505501 0.805896526866 0.0768089691434 0.928889699808 0.705207543968
0.761273371523 0.694416992668 0.562182205106 0.303127505501 0.805896526866 0.0768089691434 0.928889699808 0.705207543968
0.761273371523 0.694416992668 0.562182205106 0.303127505501 0.805896526866 0.0768089691434 0.928889699808 0.705207543968
0.761273371523 0.694416992668 0.562182205106 0.303127505501 0.805896526866 0.0768089691434 0.928889699808 0.705207543968
0.761273371523 0.694416992668 0.562182205106 0.303127505501 0.805896526866 0.0768089691434 0.928889699808 0.705207543968
0.761273371523 0.694416992668 0.562182205106 0.303127505501 0.805896526866 0.0768089691434 0.928889699808 0.705207543968
0.761273371523 0.694416992668 0.562182205106 0.303127505501 0.805896526866 0.0768089691434 0.928889699808 0.705207543968
0.761273371523 0.694416992668 0.562182205106 0.303127505501 0.805896526866 0.0768089691434 0.928889699808 0.705207543968
0.761273371523 0.694416992668 0.562182205106 0.303127505501 0.805896526866 0.0768089691434 0.928889699808 0.705207543968
0.761273371523 0.694416992668 0.562182205106 0.303127505501 0.805896526866 0.0768089691434 0.928889699808 0.705207543968
0.761273371523 0.694416992668 0.562182205106 0.303127505501 0.805896526866 0.0768089691434 0.928889699808 0.705207543968
0.761273371523 0.694416992668 0.562182205106 0.303127505501 0.805896526866 0.0768089691434 0.928889699808 0.705207543968
0.761273371523 0.694416992668 0.562182205106 0.303127505501 0.805896526866 0.0768089691434 0.928889699808 0.705207543968
0.761273371523 0.694416992668 0.562182205106 0.303127505501 0.805896526866 0.0768089691434 0.928889699808 0.705207543968
0.761273371523 0.694416992668 0.562182205106 0.303127505501 0.805896526866 0.0768089691434 0.928889699808 0.705207543968
0.761273371523 0.694416992668 0.562182205106 0.303127505501 0.805896526866 0.0768089691434 0.928889699808 0.705207543968
0.761273371523 0.694416992668 0.562182205106 0.303127505501 0.805896526866 0.0768089691434 0.928889699808 0.705207543968
0.761273371523 0.694416992668 0.562182205106 0.303127505501 0.805896526866 0.0768089691434 0.928889699808 0.705207543968
0.761273371523 0.694416992668 0.562182205106 0.303127505501 0.805896526866 0.0768089691434 0.928889699808 0.705207543968
0.761273371523 0.694416992668 0.562182205106 0.303127505501 0.805896526866 0.0768089691434 0.928889699808 0.705207543968
0.761273371523 0.694416992668 0.562182205106 0.303127505501 0.805896526866 0.0768089691434 0.928889699808 0.705207543968
0.761273371523 0.694416992668 0.562182205106 0.303127505501 0.805896526866 0.0768089691434 0.928889699808 0.705207543968
0.761273371523 0.694416992668 0.562182205106 0.303127505501 0.805896526866 0.0768089691434 0.928889699808 0.705207543968
0.761273371523 0.694416992668 0.562182205106 0.303127505501 0.805896526866 0.0768089691434 0.928889699808 0.705207543968
0.761273371523 0.694416992668 0.562182205106 0.303127505501 0.805896526866 0.0768089691434 0.928889699808 0.705207543968
0.761273371523 0.694416992668 0.562182205106 0.303127505501 0.805896526866 0.0768089691434 0.928889699808 0.705207543968
0.761273371523 0.694416992668 0.562182205106 0.303127505501 0.805896526866 0.0768089691434 0.928889699808 0.705207543968
0.761273371523 0.694416992668 0.562182205106 0.303127505501 0.805896526866 0.0768089691434 0.928889699808 0.705207543968
0.761273371523 0.694416992668 0.562182205106 0.303127505501 0.805896526866 0.0768089691434 0.928889699808 0.705207543968
0.761273371523 0.694416992668 0.562182205106 0.303127505501 0.72478826001 0.0768089691434 0.928889699808 0.70524448203
0.761273371523 0.694416992668 0.562182205106 0.303127505501 0.805896526866 0.0768089691434 0.928889699808 0.705207543968
0.761273371523 0.694416992668 0.562182205106 0.303127505501 0.805896526866 0.0768089691434 0.928889699808 0.705207543968
0.761273371523 0.694416992668 0.562182205106 0.303127505501 0.805896526866 0.0768089691434 0.928889699808 0.705207543968
0.761273371523 0.694416992668 0.562182205106 0.303127505501 0.805896526866 0.0768089691434 0.928889699808 0.705207543968
0.761273371523 0.694416992668 0.562182205106 0.303127505501 0.805896526866 0.0768089691434 0.928889699808 0.705207543968
0.761273371523 0.694416992668 0.562182205106 0.303127505501 0.805896526866 0.0768089691434 0.928889699808 0.705207543968
0.761273371523 0.694416992668 0.562182205106 0.303127505501 0.805896526866 0.0768089691434 0.928889699808 0.705207543968
0.117385192162 0.694416992668 0.562182205106 0.303127505501 0.805896526866 0.0768089691434 0.928889699808 0.705293925827
0.761273371523 0.694416992668 0.562182205106 0.303127505501 0.805896526866 0.0768089691434 0.928889699808 0.705207543968
0.761273371523 0.694416992668 0.562182205106 0.303127505501 0.805896526866 0.0768089691434 0.928889699808 0.705207543968
0.761273371523 0.694416992668 0.562182205106 0.303127505501 0.805896526866 0.0768089691434 0.928889699808 0.705207543968
0.761273371523 0.694416992668 0.562182205106 0.303127505501 0.805896526866 0.0768089691434 0.928889699808 0.705207543968
0.761273371523 0.694416992668 0.562182205106 0.303127505501 0.805896526866 0.0768089691434 0.928889699808 0.705207543968
0.761273371523 0.694416992668 0.562182205106 0.303127505501 0.805896526866 0.0768089691434 0.928889699808 0.705207543968
0.761273371523 0.694416992668 0.562182205106 0.303127505501 0.805896526866 0.0768089691434 0.928889699808 0.705207543968
0.761273371523 0.694416992668 0.562182205106 0.303127505501 0.805896526866 0.0768089691434 0.928889699808 0.705207543968
0.761273371523 0.694416992668 0.562182205106 0.303127505501 0.805896526866 0.0768089691434 0.928889699808 0.705207543968
0.761273371523 0.694416992668 0.562182205106 0.303127505501 0.805896526866 0.0768089691434 0.928889699808 0.705207543968
0.761273371523 0.694416992668 0.562182205106 0.303127505501 0.805896526866 0.0768089691434 0.928889699808 0.705207543968
0.761273371523 0.694416992668 0.562182205106 0.303127505501 0.805896526866 0.0768089691434 0.928889699808 0.705207543968
0.761273371523 0.694416992668 0.562182205106 0.303127505501 0.805896526866 0.0768089691434 0.928889699808 0.705207543968
0.761273371523 0.694416992668 0.562182205106 0.303127505501 0.805896526866 0.0768089691434 0.928889699808 0.705207543968
0.761273371523 0.694416992668 0.562182205106 0.303127505501 0.805896526866 0.0768089691434 0.928889699808 0.705207543968
0.761273371523 0.694416992668 0.562182205106 0.303127505501 0.805896526866 0.0768089691434 0.928889699808 0.705207543968
0.761273371523 0.694416992668 0.562182205106 0.303127505501 0.805896526866 0.0768089691434 0.928889699808 0.705207543968
0.761273371523 0.694416992668 0.562182205106 0.303127505501 0.805896526866 0.0768089691434 0.928889699808 0.705207543968
0.761273371523 0.694416992668 0.562182205106 0.303127505501 0.805896526866 0.0768089691434 0.928889699808 0.705207543968
0.761273371523 0.694416992668 0.562182205106 0.303127505501 0.805896526866 0.0768089691434 0.928889699808 0.705207543968
0.761273371523 0.694416992668 0.562182205106 0.303127505501 0.805896526866 0.0768089691434 0.928889699808 0.705207543968
0.761273371523 0.694416992668 0.562182205106 0.303127505501 0.805896526866 0.0768089691434 0.928889699808 0.705207543968
0.761273371523 0.694416992668 0.562182205106 0.303127505501 0.805896526866 0.0768089691434 0.928889699808 0.705207543968
0.761273371523 0.694416992668 0.562182205106 0.303127505501 0.805896526866 0.0768089691434 0.928889699808 0.705207543968
0.761273371523 0.694416992668 0.562182205106 0.303127505501 0.805896526866 0.0768089691434 0.928889699808 0.705207543968
0.761273371523 0.694416992668 0.562182205106 0.303127505501 0.805896526866 0.0768089691434 0.928889699808 0.705207543968
0.761273371523 0.694416992668 0.562182205106 0.303127505501 0.805896526866 0.0768089691434 0.928889699808 0.705207543968
0.761273371523 0.694416992668 0.562182205106 0.303127505501 0.805896526866 0.0768089691434 0.928889699808 0.705207543968
0.761273371523 0.694416992668 0.562182205106 0.303127505501 0.805896526866 0.0768089691434 0.928889699808 0.705207543968
0.761273371523 0.694416992668 0.562182205106 0.303127505501 0.805896526866 0.0768089691434 0.928889699808 0.705207543968
0.761273371523 0.694416992668 0.562182205106 0.303127505501 0.805896526866 0.0768089691434 0.928889699808 0.705207543968
0.761273371523 0.694416992668 0.562182205106 0.303127505501 0.805896526866 0.0768089691434 0.928889699808 0.705207543968
0.761273371523 0.694416992668 0.562182205106 0.303127505501 0.805896526866 0.0768089691434 0.928889699808 0.705207543968
0.761273371523 0.694416992668 0.562182205106 0.303127505501 0.805896526866 0.0768089691434 0.928889699808 0.705207543968
0.761273371523 0.694416992668 0.562182205106 0.303127505501 0.805896526866 0.0768089691434 0.928889699808 0.705207543968
0.761273371523 0.694416992668 0.562182205106 0.303127505501 0.805896526866 0.0768089691434 0.928889699808 0.705207543968
0.761273371523 0.694416992668 0.562182205106 0.303127505501 0.805896526866 0.0768089691434 0.928889699808 0.705207543968
0.761273371523 0.694416992668 0.562182205106 0.303127505501 0.805896526866 0.0768089691434 0.928889699808 0.705207543968
0.761273371523 0.694416992668 0.562182205106 0.303127505501 0.805896526866 0.0768089691434 0.928889699808 0.705207543968
0.761273371523 0.694416992668 0.562182205106 0.303127505501 0.805896526866 0.0768089691434 0.928889699808 0.705207543968
0.761273371523 0.694416992668 0.562182205106 0.303127505501 0.805896526866 0.0768089691434 0.298391611784 0.705293116968
0.761273371523 0.694416992668 0.562182205106 0.303127505501 0.805896526866 0.0768089691434 0.928889699808 0.705207543968
0.761273371523 0.694416992668 0.562182205106 0.303127505501 0.805896526866 0.0768089691434 0.928889699808 0.705207543968
0.761273371523 0.694416992668 0.562182205106 0.303127505501 0.805896526866 0.0768089691434 0.928889699808 0.705207543968
0.761273371523 0.694416992668 0.562182205106 0.303127505501 0.805896526866 0.0768089691434 0.928889699808 0.705207543968
0.761273371523 0.694416992668 0.562182205106 0.303127505501 0.805896526866 0.0768089691434 0.928889699808 0.705207543968
0.761273371523 0.694416992668 0.562182205106 0.303127505501 0.805896526866 0.0768089691434 0.928889699808 0.705207543968
0.761273371523 0.694416992668 0.562182205106 0.303127505501 0.805896526866 0.0768089691434 0.928889699808 0.705207543968
0.761273371523 0.694416992668 0.562182205106 0.303127505501 0.805896526866 0.0768089691434 0.928889699808 0.705207543968
0.761273371523 0.694416992668 0.562182205106 0.303127505501 0.805896526866 0.0768089691434 0.928889699808 0.705207543968
0.761273371523 0.694416992668 0.562182205106 0.303127505501 0.805896526866 0.0768089691434 0.928889699808 0.705207543968
0.761273371523 0.694416992668 0.562182205106 0.303127505501 0.805896526866 0.0768089691434 0.928889699808 0.705207543968
0.761273371523 0.694416992668 0.562182205106 0.303127505501 0.805896526866 0.0768089691434 0.928889699808 0.705207543968
0.761273371523 0.694416992668 0.562182205106 0.303127505501 0.805896526866 0.0768089691434 0.928889699808 0.705207543968
0.761273371523 0.694416992668 0.562182205106 0.303127505501 0.805896526866 0.0768089691434 0.928889699808 0.705207543968
0.761273371523 0.694416992668 0.562182205106 0.303127505501 0.805896526866 0.0768089691434 0.928889699808 0.705207543968
0.761273371523 0.694416992668 0.562182205106 0.303127505501 0.805896526866 0.0768089691434 0.928889699808 0.705207543968
0.761273371523 0.694416992668 0.562182205106 0.303127505501 0.805896526866 0.0768089691434 0.928889699808 0.705207543968
0.761273371523 0.694416992668 0.562182205106 0.303127505501 0.805896526866 0.0768089691434 0.928889699808 0.705207543968
0.761273371523 0.694416992668 0.562182205106 0.303127505501 0.805896526866 0.0768089691434 0.928889699808 0.705207543968
0.761273371523 0.694416992668 0.562182205106 0.303127505501 0.805896526866 0.0768089691434 0.928889699808 0.705207543968
0.761273371523 0.694416992668 0.562182205106 0.303127505501 0.805896526866 0.0768089691434 0.928889699808 0.705207543968
0.761273371523 0.694416992668 0.562182205106 0.303127505501 0.805896526866 0.0768089691434 0.928889699808 0.705207543968
0.761273371523 0.694416992668 0.562182205106 0.303127505501 0.805896526866 0.0768089691434 0.928889699808 0.705207543968
0.761273371523 0.694416992668 0.562182205106 0.303127505501 0.805896526866 0.0768089691434 0.928889699808 0.705207543968
0.761273371523 0.694416992668 0.562182205106 0.303127505501 0.805896526866 0.0768089691434 0.928889699808 0.705207543968
0.761273371523 0.694416992668 0.562182205106 0.303127505501 0.805896526866 0.0768089691434 0.928889699808 0.705207543968
0.761273371523 0.694416992668 0.562182205106 0.303127505501 0.805896526866 0.0768089691434 0.928889699808 0.705207543968
0.761273371523 0.694416992668 0.562182205106 0.303127505501 0.805896526866 0.0768089691434 0.928889699808 0.705207543968
0.761273371523 0.694416992668 0.562182205106 0.303127505501 0.805896526866 0.0768089691434 0.928889699808 0.705207543968
0.761273371523 0.694416992668 0.562182205106 0.303127505501 0.805896526866 0.0768089691434 0.928889699808 0.705207543968
0.761273371523 0.694416992668 0.562182205106 0.303127505501 0.805896526866 0.0768089691434 0.928889699808 0.705207543968
0.761273371523 0.694416992668 0.562182205106 0.303127505501 0.805896526866 0.0768089691434 0.928889699808 0.705207543968
0.761273371523 0.694416992668 0.562182205106 0.303127505501 0.805896526866 0.0768089691434 0.928889699808 0.705207543968
0.518213478012 0.694416992668 0.562182205106 0.303127505501 0.805896526866 0.0768089691434 0.928889699808 0.70531067686
0.761273371523 0.694416992668 0.562182205106 0.303127505501 0.805896526866 0.0768089691434 0.928889699808 0.705207543968
0.761273371523 0.694416992668 0.562182205106 0.303127505501 0.805896526866 0.0768089691434 0.928889699808 0.705207543968
0.761273371523 0.694416992668 0.562182205106 0.303127505501 0.805896526866 0.0768089691434 0.928889699808 0.705207543968
0.761273371523 0.694416992668 0.562182205106 0.303127505501 0.805896526866 0.0768089691434 0.928889699808 0.705207543968
0.761273371523 0.694416992668 0.562182205106 0.303127505501 0.805896526866 0.0768089691434 0.928889699808 0.705207543968
0.761273371523 0.694416992668 0.562182205106 0.303127505501 0.805896526866 0.0768089691434 0.928889699808 0.705207543968
0.761273371523 0.694416992668 0.562182205106 0.303127505501 0.805896526866 0.0768089691434 0.928889699808 0.705207543968
0.761273371523 0.694416992668 0.562182205106 0.303127505501 0.805896526866 0.0768089691434 0.928889699808 0.705207543968
0.761273371523 0.694416992668 0.562182205106 0.303127505501 0.805896526866 0.0768089691434 0.928889699808 0.705207543968
0.761273371523 0.694416992668 0.562182205106 0.303127505501 0.805896526866 0.0768089691434 0.928889699808 0.705207543968
0.761273371523 0.694416992668 0.562182205106 0.303127505501 0.805896526866 0.0768089691434 0.928889699808 0.705207543968
0.761273371523 0.694416992668 0.562182205106 0.303127505501 0.805896526866 0.0768089691434 0.928889699808 0.790325139946
0.761273371523 0.694416992668 0.562182205106 0.303127505501 0.805896526866 0.0768089691434 0.928889699808 0.705207543968
0.761273371523 0.694416992668 0.562182205106 0.303127505501 0.805896526866 0.0768089691434 0.928889699808 0.705207543968
0.761273371523 0.694416992668 0.562182205106 0.303127505501 0.805896526866 0.0768089691434 0.928889699808 0.705207543968
0.761273371523 0.694416992668 0.562182205106 0.303127505501 0.805896526866 0.0768089691434 0.928889699808 0.705207543968
0.761273371523 0.694416992668 0.562182205106 0.303127505501 0.805896526866 0.0768089691434 0.928889699808 0.705207543968
0.761273371523 0.694416992668 0.562182205106 0.303127505501 0.805896526866 0.0768089691434 0.928889699808 0.705207543968
0.761273371523 0.694416992668 0.562182205106 0.303127505501 0.805896526866 0.0768089691434 0.928889699808 0.705207543968
0.761273371523 0.694416992668 0.562182205106 0.303127505501 0.805896526866 0.0768089691434 0.928889699808 0.705207543968
0.761273371523 0.694416992668 0.562182205106 0.303127505501 0.805896526866 0.0768089691434 0.928889699808 0.705207543968
0.761273371523 0.694416992668 0.562182205106 0.303127505501 0.805896526866 0.0768089691434 0.928889699808 0.705207543968
0.761273371523 0.694416992668 0.562182205106 0.303127505501 0.805896526866 0.0768089691434 0.928889699808 0.705207543968
0.761273371523 0.694416992668 0.562182205106 0.303127505501 0.805896526866 0.0768089691434 0.928889699808 0.705207543968
0.761273371523 0.694416992668 0.562182205106 0.303127505501 0.805896526866 0.0768089691434 0.928889699808 0.705207543968
0.761273371523 0.694416992668 0.562182205106 0.303127505501 0.805896526866 0.0768089691434 0.928889699808 0.705207543968
0.761273371523 0.694416992668 0.562182205106 0.303127505501 0.805896526866 0.0768089691434 0.928889699808 0.705207543968
0.761273371523 0.694416992668 0.562182205106 0.303127505501 0.805896526866 0.0768089691434 0.928889699808 0.705207543968
0.761273371523 0.694416992668 0.562182205106 0.303127505501 0.805896526866 0.0768089691434 0.928889699808 0.705207543968
0.761273371523 0.694416992668 0.562182205106 0.303127505501 0.805896526866 0.0768089691434 0.928889699808 0.705207543968
0.761273371523 0.694416992668 0.562182205106 0.303127505501 0.805896526866 0.0768089691434 0.928889699808 0.705207543968
0.761273371523 0.694416992668 0.562182205106 0.303127505501 0.805896526866 0.0768089691434 0.928889699808 0.705207543968
0.761273371523 0.694416992668 0.562182205106 0.303127505501 0.805896526866 0.0768089691434 0.928889699808 0.611859517194
0.761273371523 0.694416992668 0.562182205106 0.303127505501 0.805896526866 0.0768089691434 0.928889699808 0.705207543968
0.761273371523 0.694416992668 0.562182205106 0.303127505501 0.805896526866 0.0768089691434 0.928889699808 0.705207543968
0.761273371523 0.694416992668 0.562182205106 0.303127505501 0.805896526866 0.0768089691434 0.928889699808 0.705207543968
0.761273371523 0.694416992668 0.562182205106 0.303127505501 0.805896526866 0.0768089691434 0.928889699808 0.705207543968
0.761273371523 0.694416992668 0.562182205106 0.303127505501 0.805896526866 0.0768089691434 0.928889699808 0.705207543968
0.761273371523 0.694416992668 0.562182205106 0.303127505501 0.805896526866 0.0768089691434 0.928889699808 0.705207543968
0.761273371523 0.694416992668 0.562182205106 0.303127505501 0.805896526866 0.0768089691434 0.928889699808 0.705207543968
0.761273371523 0.694416992668 0.562182205106 0.303127505501 0.805896526866 0.0768089691434 0.928889699808 0.705207543968
0.761273371523 0.694416992668 0.562182205106 0.303127505501 0.805896526866 0.0768089691434 0.928889699808 0.705207543968
0.761273371523 0.694416992668 0.562182205106 0.303127505501 0.805896526866 0.0768089691434 0.928889699808 0.705207543968
0.761273371523 0.694416992668 0.562182205106 0.303127505501 0.805896526866 0.0768089691434 0.928889699808 0.705207543968
0.761273371523 0.694416992668 0.562182205106 0.303127505501 0.805896526866 0.0768089691434 0.928889699808 0.705207543968
0.761273371523 0.694416992668 0.562182205106 0.303127505501 0.805896526866 0.0768089691434 0.928889699808 0.653315855259
0.761273371523 0.694416992668 0.562182205106 0.303127505501 0.805896526866 0.0768089691434 0.928889699808 0.705207543968
0.761273371523 0.694416992668 0.562182205106 0.303127505501 0.805896526866 0.0768089691434 0.928889699808 0.705207543968
0.761273371523 0.694416992668 0.562182205106 0.303127505501 0.805896526866 0.0768089691434 0.928889699808 0.705207543968
0.761273371523 0.694416992668 0.562182205106 0.303127505501 0.805896526866 0.0768089691434 0.928889699808 0.705207543968
0.761273371523 0.694416992668 0.562182205106 0.303127505501 0.805896526866 0.0768089691434 0.928889699808 0.705207543968
0.761273371523 0.694416992668 0.562182205106 0.303127505501 0.805896526866 0.0768089691434 0.928889699808 0.705207543968
0.761273371523 0.694416992668 0.562182205106 0.303127505501 0.805896526866 0.0768089691434 0.928889699808 0.801135890351
0.761273371523 0.694416992668 0.500419981623 0.303127505501 0.805896526866 0.0768089691434 0.928889699808 0.705214424836
0.761273371523 0.694416992668 0.562182205106 0.303127505501 0.805896526866 0.0768089691434 0.928889699808 0.705207543968
0.761273371523 0.694416992668 0.562182205106 0.303127505501 0.805896526866 0.0768089691434 0.928889699808 0.705207543968
0.761273371523 0.694416992668 0.562182205106 0.303127505501 0.805896526866 0.0768089691434 0.928889699808 0.705207543968
0.761273371523 0.694416992668 0.562182205106 0.303127505501 0.805896526866 0.0768089691434 0.928889699808 0.705207543968
0.761273371523 0.694416992668 0.562182205106 0.303127505501 0.805896526866 0.0768089691434 0.928889699808 0.705207543968
0.761273371523 0.694416992668 0.562182205106 0.303127505501 0.805896526866 0.0768089691434 0.928889699808 0.705207543968
0.761273371523 0.694416992668 0.562182205106 0.303127505501 0.805896526866 0.0768089691434 0.928889699808 0.705207543968
0.761273371523 0.694416992668 0.562182205106 0.303127505501 0.805896526866 0.0768089691434 0.928889699808 0.705207543968
0.761273371523 0.694416992668 0.562182205106 0.303127505501 0.805896526866 0.0768089691434 0.928889699808 0.705207543968
0.761273371523 0.694416992668 0.562182205106 0.303127505501 0.805896526866 0.0768089691434 0.928889699808 0.705207543968
0.761273371523 0.694416992668 0.562182205106 0.303127505501 0.805896526866 0.0768089691434 0.928889699808 0.705207543968
0.761273371523 0.694416992668 0.562182205106 0.303127505501 0.805896526866 0.0768089691434 0.928889699808 0.705207543968
0.761273371523 0.694416992668 0.562182205106 0.303127505501 0.805896526866 0.0768089691434 0.928889699808 0.705207543968
0.761273371523 0.694416992668 0.562182205106 0.303127505501 0.805896526866 0.0768089691434 0.928889699808 0.705207543968
0.761273371523 0.694416992668 0.562182205106 0.303127505501 0.805896526866 0.0768089691434 0.928889699808 0.705207543968
0.761273371523 0.694416992668 0.562182205106 0.303127505501 0.805896526866 0.0768089691434 0.928889699808 0.705207543968
0.761273371523 0.694416992668 0.562182205106 0.303127505501 0.805896526866 0.0768089691434 0.928889699808 0.705207543968
0.761273371523 0.694416992668 0.562182205106 0.303127505501 0.805896526866 0.0768089691434 0.928889699808 0.705207543968
0.761273371523 0.694416992668 0.562182205106 0.303127505501 0.805896526866 0.0768089691434 0.928889699808 0.665224176354
0.761273371523 0.694416992668 0.562182205106 0.303127505501 0.805896526866 0.0768089691434 0.928889699808 0.705207543968
0.761273371523 0.694416992668 0.562182205106 0.303127505501 0.805896526866 0.0768089691434 0.928889699808 0.705207543968
0.761273371523 0.694416992668 0.562182205106 0.303127505501 0.805896526866 0.0768089691434 0.928889699808 0.705207543968
0.761273371523 0.694416992668 0.562182205106 0.303127505501 0.805896526866 0.0768089691434 0.928889699808 0.705207543968
0.761273371523 0.694416992668 0.562182205106 0.303127505501 0.805896526866 0.0768089691434 0.928889699808 0.705207543968
0.761273371523 0.694416992668 0.562182205106 0.303127505501 0.805896526866 0.0768089691434 0.928889699808 0.705207543968
0.761273371523 0.694416992668 0.562182205106 0.303127505501 0.805896526866 0.0768089691434 0.928889699808 0.705207543968
0.761273371523 0.694416992668 0.562182205106 0.303127505501 0.805896526866 0.0768089691434 0.928889699808 0.705207543968
0.761273371523 0.694416992668 0.562182205106 0.303127505501 0.805896526866 0.0768089691434 0.928889699808 0.705207543968
0.761273371523 0.694416992668 0.562182205106 0.303127505501 0.805896526866 0.0768089691434 0.928889699808 0.705207543968
0.761273371523 0.694416992668 0.562182205106 0.303127505501 0.805896526866 0.0768089691434 0.928889699808 0.705207543968
0.761273371523 0.694416992668 0.562182205106 0.303127505501 0.805896526866 0.0768089691434 0.928889699808 0.705207543968
0.761273371523 0.694416992668 0.562182205106 0.303127505501 0.805896526866 0.0768089691434 0.928889699808 0.705207543968
0.761273371523 0.694416992668 0.562182205106 0.303127505501 0.805896526866 0.0768089691434 0.928889699808 0.705207543968
0.761273371523 0.694416992668 0.562182205106 0.303127505501 0.805896526866 0.0768089691434 0.928889699808 0.705207543968
0.761273371523 0.694416992668 0.562182205106 0.303127505501 0.805896526866 0.0768089691434 0.928889699808 0.705207543968
0.761273371523 0.694416992668 0.562182205106 0.303127505501 0.805896526866 0.0768089691434 0.928889699808 0.705207543968
0.761273371523 0.694416992668 0.562182205106 0.303127505501 0.805896526866 0.0768089691434 0.928889699808 0.705207543968
0.761273371523 0.694416992668 0.562182205106 0.303127505501 0.805896526866 0.0768089691434 0.928889699808 0.705207543968
0.761273371523 0.694416992668 0.562182205106 0.303127505501 0.805896526866 0.0768089691434 0.928889699808 0.705207543968
0.761273371523 0.694416992668 0.562182205106 0.303127505501 0.805896526866 0.0768089691434 0.928889699808 0.705207543968
0.761273371523 0.694416992668 0.562182205106 0.303127505501 0.805896526866 0.0768089691434 0.928889699808 0.705207543968
0.761273371523 0.694416992668 0.562182205106 0.303127505501 0.805896526866 0.0768089691434 0.928889699808 0.705207543968
0.761273371523 0.694416992668 0.562182205106 0.303127505501 0.805896526866 0.0768089691434 0.928889699808 0.705207543968
0.761273371523 0.694416992668 0.562182205106 0.303127505501 0.805896526866 0.0768089691434 0.928889699808 0.705207543968
0.761273371523 0.694416992668 0.562182205106 0.303127505501 0.805896526866 0.0768089691434 0.928889699808 0.705207543968
0.761273371523 0.694416992668 0.562182205106 0.303127505501 0.805896526866 0.0768089691434 0.928889699808 0.705207543968
0.761273371523 0.694416992668 0.562182205106 0.303127505501 0.805896526866 0.0768089691434 0.928889699808 0.705207543968
0.761273371523 0.694416992668 0.562182205106 0.303127505501 0.805896526866 0.0768089691434 0.928889699808 0.705207543968
0.761273371523 0.694416992668 0.562182205106 0.303127505501 0.805896526866 0.0768089691434 0.928889699808 0.705207543968
0.761273371523 0.694416992668 0.562182205106 0.303127505501 0.805896526866 0.0768089691434 0.928889699808 0.705207543968
0.761273371523 0.694416992668 0.562182205106 0.303127505501 0.805896526866 0.0768089691434 0.928889699808 0.705207543968
0.761273371523 0.694416992668 0.562182205106 0.303127505501 0.805896526866 0.0768089691434 0.928889699808 0.705207543968
0.761273371523 0.694416992668 0.562182205106 0.303127505501 0.805896526866 0.0768089691434 0.928889699808 0.705207543968
0.761273371523 0.694416992668 0.562182205106 0.303127505501 0.805896526866 0.0768089691434 0.928889699808 0.705207543968
0.761273371523 0.694416992668 0.562182205106 0.303127505501 0.805896526866 0.0768089691434 0.928889699808 0.705207543968
0.761273371523 0.694416992668 0.562182205106 0.303127505501 0.805896526866 0.0768089691434 0.928889699808 0.705207543968
0.761273371523 0.694416992668 0.562182205106 0.303127505501 0.805896526866 0.0768089691434 0.928889699808 0.705207543968
