0.0174325687735 0.0163023208729 0.0157497834001 0.0258372078302 0.231156329141 0.410393223574
0.00190130162617 0.00427633628131 0.137165471721 0.0478797458589 0.120879903201 0.317243038839
0.0849764234908 0.183581563799 0.776234925872 0.0898888890484 0.140627157735 0.275375905744
0.202946828948 0.0439124712159 0.498752523048 0.21358991111 0.121001473008 0.362389059348
0.00748639582163 0.00223209309472 0.00610944738064 0.00879039262474 0.00555432776226 0.429660635909
0.00475043586276 0.00495683041854 0.0550034559683 0.236288555829 0.47664633668 0.00231745166241
0.0235001134267 0.0305148116699 0.154438111159 0.08172756407 0.0985311984182 0.613552973662
0.000101949772512 0.00525828237697 0.0550585296202 0.0775095945312 0.127112627941 0.499053765401
0.306165687883 0.296150668812 0.0618561279968 0.310642386305 0.186878206159 0.0753699117347
0.102145830486 0.0776778835981 0.0270283129589 0.0347342325221 0.330298422394 0.534955461151
0.0103984907091 0.0138305806076 0.0147404955134 0.0165586533469 0.423381738876 0.320191753148
0.279945820002 0.140137568567 0.0604368240473 0.314833198912 0.432473834394 0.0874692242515
0.00363251539548 0.0209647314523 0.0198359836456 0.00286484946412 0.308941710952 0.406880629066
0.0145835899245 0.0901461882477 0.191905632355 0.522404656897 0.218699042647 0.550479391138
0.068086835835 0.116705113827 0.0631739096475 0.131874973887 0.373668262952 0.629261251844
0.594967309329 0.0418318733093 0.0592032756097 0.142275796223 0.421784490907 0.0602793983072
0.0110351645858 0.155512104832 0.0199584536625 0.358691397085 0.0756189537011 0.179627334674
0.216552884838 0.174851347616 0.02574275032 0.0578216345179 0.0784274899192 0.390322007809
0.014998250459 0.0174751841107 0.63555373259 0.56219556719 0.121642806202 0.15006164092
0.000522773854264 0.00313659050265 0.0152672227205 0.00758477835399 0.164134070718 0.530404668425
0.162393529898 0.198274545923 0.0795635538497 0.440383960592 0.0759339957023 0.416594691357
0.222259598323 0.131406296193 0.117425518545 0.354558149956 0.21314444735 0.0691545070402
0.0922515031426 0.15556224404 0.118709297362 0.164263915208 0.655664516177 0.276957047698
0.0286801138031 0.000988720322787 0.0125460679811 0.35089806219 0.215613534368 0.0706804728598
0.0532458238864 0.142299120241 0.164904778318 0.0126123801803 0.249933690414 0.636084603291
0.000902825081931 0.000860286541473 0.0121041360503 0.00787774550814 0.00654705883701 0.140854664704
0.127676655529 0.62165795104 0.403880143753 0.272936708371 0.555207115588 0.0479305583633
0.193802981632 0.242972326621 0.213160016501 0.478570134643 0.613238133595 0.245338739339
0.0630558953538 0.280432938275 0.298469212603 0.285898384466 0.249969244603 0.673788808665
0.0117676730416 0.0284544087683 0.000416157179813 0.113388575745 0.298486978572 0.723779370751
0.0165391778648 0.0424603090126 0.120036544835 0.248130653539 0.145896455696 0.658645404201
0.0350819799023 0.00567100661288 0.000274664779563 0.155232337974 0.0337953406795 0.456591443943
0.252459331003 0.341880473805 0.257361525324 0.361240887053 0.0919857297646 0.221334407522
0.00576571759374 0.00214864512082 0.00193924075819 2.47390201718e-05 0.0892295680734 0.515880591212
0.218926753128 0.398449184562 0.644886374279 0.358210754834 0.392078895767 0.381112450678
0.0027237790726 0.00705427064882 0.0325895261851 0.0916346602263 0.515365164525 0.550558844556
0.000999444323134 0.013146111585 0.0392748501353 0.195857837654 0.163265242947 0.839023394826
0.00962150409423 0.00291668049389 0.00562649715213 0.0022506567223 0.289170408283 0.156659220325
0.000796742383422 0.133165110064 0.17635127463 0.230142171691 0.51536878801 0.22749539159
0.00787898850756 0.0494244129673 0.095831496902 0.599512619049 0.0326264196303 0.357464627446
5.61760290965e-05 0.00216800396515 0.0834826944379 0.289444620196 0.255245566632 0.231216734369
0.0018569226662 0.00611987889968 0.012541117637 0.0146005741522 0.314217047098 0.0200972337038
0.0341704456496 0.0661932621323 0.0700848785013 0.244423753218 0.0960640994094 0.4216462039
0.180829607883 0.345151195182 0.203825976809 0.237659436935 0.0881459179078 0.476592672715
0.203260572932 0.0476423060285 0.0114189662826 0.0850405048485 0.150891464648 0.273366370371
0.0246643605733 0.00985841023593 0.037746549658 0.0997527474711 0.0553739971161 0.597099641596
0.0149840530827 0.0145464308535 0.0944337975368 0.110383248174 0.511746677377 0.20594570167
0.0126383435454 0.00433831914078 0.00934638429867 0.00879174855049 0.20754906542 0.513709060422
0.0244503376583 0.0744461760847 0.00842819544578 0.0688532095969 0.0518603251237 0.0680114436275
0.0352394104225 0.000478796998509 0.0974647766614 0.195558040971 0.220677277203 0.191326151753
0.0174325687735 0.0163023208729 0.0157497834001 0.0258372078302 0.231156329141 0.410393223574
0.0174325687735 0.0163023208729 0.0157497834001 0.0258372078302 0.231156329141 0.410393223574
0.0174325687735 0.0163023208729 0.0157497834001 0.0258372078302 0.231156329141 0.410393223574
0.0174325687735 0.0163023208729 0.0157497834001 0.0258372078302 0.231156329141 0.410393223574
0.0174325687735 0.0163023208729 0.0157497834001 0.0258372078302 0.231156329141 0.410393223574
0.0174325687735 0.0163023208729 0.0157497834001 0.0258372078302 0.231156329141 0.410393223574
0.0174325687735 0.0163023208729 0.0157497834001 0.0258372078302 0.231156329141 0.410393223574
0.0174325687735 0.0163023208729 0.0157497834001 0.0258372078302 0.231156329141 0.410393223574
0.0174325687735 0.0163023208729 0.0157497834001 0.0258372078302 0.231156329141 0.410393223574
0.0174325687735 0.0163023208729 0.0157497834001 0.0258372078302 0.231156329141 0.410393223574
0.0174325687735 0.0163023208729 0.0157497834001 0.0258372078302 0.231156329141 0.410393223574
0.0174325687735 0.0163023208729 0.0157497834001 0.0258372078302 0.231156329141 0.410393223574
0.0174325687735 0.0163023208729 0.0157497834001 0.0258372078302 0.231156329141 0.410393223574
0.0174325687735 0.0163023208729 0.0157497834001 0.0258372078302 0.231156329141 0.410393223574
0.0174325687735 0.0163023208729 0.0157497834001 0.0258372078302 0.231156329141 0.410393223574
0.0174325687735 0.0163023208729 0.0157497834001 0.0258372078302 0.231156329141 0.410393223574
0.0174325687735 0.0163023208729 0.0157497834001 0.0258372078302 0.231156329141 0.410393223574
0.0174325687735 0.0163023208729 0.0157497834001 0.0258372078302 0.231156329141 0.410393223574
0.0174325687735 0.0163023208729 0.0157497834001 0.0258372078302 0.231156329141 0.410393223574
0.0174325687735 0.0163023208729 0.0157497834001 0.0258372078302 0.231156329141 0.410393223574
0.0174325687735 0.0163023208729 0.0157497834001 0.0258372078302 0.231156329141 0.410393223574
0.0174325687735 0.0163023208729 0.0157497834001 0.0258372078302 0.231156329141 0.410393223574
0.0150267695104 0.0140532527907 0.0135742618659 0.0222689408697 0.198864687873 0.352821871265
0.0174325687735 0.0163023208729 0.0157497834001 0.0258372078302 0.231156329141 0.410393223574
0.0174325687735 0.0163023208729 0.0157497834001 0.0258372078302 0.231156329141 0.410393223574
0.0174325687735 0.0163023208729 0.0157497834001 0.0258372078302 0.231156329141 0.410393223574
0.0174325687735 0.0163023208729 0.0157497834001 0.0258372078302 0.231156329141 0.410393223574
0.0174325687735 0.0163023208729 0.0157497834001 0.0258372078302 0.231156329141 0.410393223574
0.0174325687735 0.0163023208729 0.0157497834001 0.0258372078302 0.231156329141 0.410393223574
0.0174325687735 0.0163023208729 0.0157497834001 0.0258372078302 0.231156329141 0.410393223574
0.0174325687735 0.0163023208729 0.0157497834001 0.0258372078302 0.231156329141 0.410393223574
0.0174325687735 0.0163023208729 0.0157497834001 0.0258372078302 0.231156329141 0.410393223574
0.0174325687735 0.0163023208729 0.0157497834001 0.0258372078302 0.231156329141 0.410393223574
0.0161635066411 0.0151159342146 0.014602192283 0.0239549423992 0.214122444508 0.380024254383
0.0174325687735 0.0163023208729 0.0157497834001 0.0258372078302 0.231156329141 0.410393223574
0.0174325687735 0.0163023208729 0.0157497834001 0.0258372078302 0.231156329141 0.410393223574
0.0174325687735 0.0163023208729 0.0157497834001 0.0258372078302 0.231156329141 0.410393223574
0.0223569537321 0.020905903328 0.0202028312217 0.0331410282211 0.297253537908 0.528235088608
0.00136136139991 0.00127259048116 0.0253905362344 0.0258372078302 0.231156329141 0.410393223574
0.0174325687735 0.0163023208729 0.0157497834001 0.0258372078302 0.231156329141 0.410393223574
0.0174325687735 0.0163023208729 0.0157497834001 0.0258372078302 0.231156329141 0.410393223574
0.0174325687735 0.0163023208729 0.0157497834001 0.0258372078302 0.231156329141 0.410393223574
0.0174325687735 0.0163023208729 0.0157497834001 0.0258372078302 0.231156329141 0.410393223574
0.0174325687735 0.0163023208729 0.0157497834001 0.0258372078302 0.231156329141 0.410393223574
0.0174325687735 0.0163023208729 0.0157497834001 0.0258372078302 0.231156329141 0.410393223574
0.0174325687735 0.0163023208729 0.0157497834001 0.0258372078302 0.231156329141 0.410393223574
0.0174325687735 0.0163023208729 0.0157497834001 0.0258372078302 0.231156329141 0.410393223574
0.0174325687735 0.0163023208729 0.0157497834001 0.0258372078302 0.231156329141 0.410393223574
0.0174325687735 0.0163023208729 0.0157497834001 0.0258372078302 0.231156329141 0.410393223574
0.0174325687735 0.0163023208729 0.0157497834001 0.0258372078302 0.231156329141 0.410393223574
0.0174325687735 0.0163023208729 0.0157497834001 0.0258372078302 0.231156329141 0.410393223574
0.0174325687735 0.0163023208729 0.0157497834001 0.0258372078302 0.231156329141 0.410393223574
0.0174325687735 0.0163023208729 0.0157497834001 0.0258372078302 0.231156329141 0.410393223574
0.0174325687735 0.0163023208729 0.0157497834001 0.0258372078302 0.231156329141 0.410393223574
0.0174325687735 0.0163023208729 0.0157497834001 0.0258372078302 0.231156329141 0.410393223574
0.0174325687735 0.0163023208729 0.0157497834001 0.0258372078302 0.231156329141 0.410393223574
0.0174325687735 0.0163023208729 0.0157497834001 0.0258372078302 0.231156329141 0.410393223574
0.0174325687735 0.0163023208729 0.0157497834001 0.0258372078302 0.231156329141 0.410393223574
0.0174325687735 0.0163023208729 0.0157497834001 0.0258372078302 0.231156329141 0.410393223574
0.0174325687735 0.0163023208729 0.0157497834001 0.0258372078302 0.231156329141 0.410393223574
0.0174325687735 0.0163023208729 0.0157497834001 0.0258372078302 0.231156329141 0.410393223574
0.0174325687735 0.0163023208729 0.0157497834001 0.0258372078302 0.231156329141 0.410393223574
0.0174325687735 0.0163023208729 0.0157497834001 0.0258372078302 0.231156329141 0.410393223574
0.0174325687735 0.0163023208729 0.0157497834001 0.0258372078302 0.231156329141 0.410393223574
0.0174325687735 0.0163023208729 0.0157497834001 0.0258372078302 0.231156329141 0.410393223574
0.0174325687735 0.0163023208729 0.0157497834001 0.0258372078302 0.231156329141 0.410393223574
0.0174325687735 0.0163023208729 0.0157497834001 0.0258372078302 0.231156329141 0.410393223574
0.0174325687735 0.0163023208729 0.0157497834001 0.0258372078302 0.231156329141 0.410393223574
0.0174325687735 0.0163023208729 0.0157497834001 0.0258372078302 0.231156329141 0.410393223574
0.0174325687735 0.0163023208729 0.0157497834001 0.0258372078302 0.231156329141 0.410393223574
0.0174325687735 0.0163023208729 0.0157497834001 0.0258372078302 0.231156329141 0.410393223574
0.0174325687735 0.0163023208729 0.0157497834001 0.0258372078302 0.231156329141 0.410393223574
0.0174325687735 0.0163023208729 0.0157497834001 0.0258372078302 0.231156329141 0.410393223574
0.0174325687735 0.0163023208729 0.0157497834001 0.0258372078302 0.231156329141 0.410393223574
0.0174325687735 0.0163023208729 0.0157497834001 0.0258372078302 0.231156329141 0.410393223574
0.0174325687735 0.0163023208729 0.0157497834001 0.0258372078302 0.231156329141 0.410393223574
0.0174325687735 0.0163023208729 0.0157497834001 0.0258372078302 0.231156329141 0.410393223574
0.0174325687735 0.0163023208729 0.0157497834001 0.0258372078302 0.231156329141 0.410393223574
0.0174325687735 0.0163023208729 0.0157497834001 0.0258372078302 0.231156329141 0.410393223574
0.0174325687735 0.0163023208729 0.0157497834001 0.0258372078302 0.231156329141 0.410393223574
0.0174325687735 0.0163023208729 0.0157497834001 0.0258372078302 0.231156329141 0.410393223574
0.0174325687735 0.0163023208729 0.0157497834001 0.0258372078302 0.231156329141 0.410393223574
0.0174325687735 0.0163023208729 0.0157497834001 0.0258372078302 0.231156329141 0.410393223574
0.0174325687735 0.0163023208729 0.0157497834001 0.0258372078302 0.231156329141 0.410393223574
0.0174325687735 0.0163023208729 0.0157497834001 0.0258372078302 0.231156329141 0.410393223574
0.0174325687735 0.0163023208729 0.0157497834001 0.0258372078302 0.231156329141 0.410393223574
0.0174325687735 0.0163023208729 0.0157497834001 0.0258372078302 0.231156329141 0.410393223574
0.0174325687735 0.0163023208729 0.0157497834001 0.0258372078302 0.231156329141 0.410393223574
0.0174325687735 0.0163023208729 0.0157497834001 0.0258372078302 0.231156329141 0.410393223574
0.0174325687735 0.0163023208729 0.0157497834001 0.0258372078302 0.231156329141 0.410393223574
0.0174325687735 0.0163023208729 0.0157497834001 0.0258372078302 0.231156329141 0.410393223574
0.0174325687735 0.0163023208729 0.0157497834001 0.0258372078302 0.231156329141 0.410393223574
0.0174325687735 0.0163023208729 0.0157497834001 0.0258372078302 0.231156329141 0.410393223574
0.0174325687735 0.0163023208729 0.0157497834001 0.0258372078302 0.231156329141 0.410393223574
0.0174325687735 0.0163023208729 0.0157497834001 0.0258372078302 0.231156329141 0.410393223574
0.0174325687735 0.0163023208729 0.0157497834001 0.0258372078302 0.231156329141 0.410393223574
0.0174325687735 0.0163023208729 0.0157497834001 0.0258372078302 0.231156329141 0.410393223574
0.0174325687735 0.0163023208729 0.0157497834001 0.0258372078302 0.231156329141 0.410393223574
0.0159427080951 0.0149095201015 0.0144025281121 0.0236274553325 0.211158794455 0.374740492668
0.0174325687735 0.0163023208729 0.0157497834001 0.0258372078302 0.231156329141 0.410393223574
0.0174325687735 0.0163023208729 0.0157497834001 0.0258372078302 0.231156329141 0.410393223574
0.0181471812584 0.0153265883097 0.0157497834001 0.0258372078302 0.231156329141 0.410393223574
0.0174325687735 0.0163023208729 0.0157497834001 0.0258372078302 0.231156329141 0.410393223574
0.0174325687735 0.0163023208729 0.0157497834001 0.0258372078302 0.231156329141 0.410393223574
0.0174325687735 0.0163023208729 0.0157497834001 0.0258372078302 0.231156329141 0.410393223574
0.0174325687735 0.0163023208729 0.0157497834001 0.0258372078302 0.231156329141 0.410393223574
0.0174325687735 0.0163023208729 0.0157497834001 0.0258372078302 0.231156329141 0.410393223574
0.0174325687735 0.0163023208729 0.0157497834001 0.0258372078302 0.231156329141 0.410393223574
0.0174325687735 0.0163023208729 0.0157497834001 0.0258372078302 0.231156329141 0.410393223574
0.0174325687735 0.0163023208729 0.0157497834001 0.0258372078302 0.231156329141 0.410393223574
0.0174325687735 0.0163023208729 0.0157497834001 0.0258372078302 0.231156329141 0.410393223574
0.0174325687735 0.0163023208729 0.0157497834001 0.0258372078302 0.231156329141 0.410393223574
0.0174325687735 0.0163023208729 0.0157497834001 0.0258372078302 0.231156329141 0.410393223574
0.0174325687735 0.0163023208729 0.0157497834001 0.0258372078302 0.231156329141 0.410393223574
0.0174325687735 0.0163023208729 0.0157497834001 0.0258372078302 0.231156329141 0.410393223574
0.0264389301683 0.0247250348872 0.0238996924945 0.0011785443999 0.231156329141 0.410393223574
0.0174325687735 0.0163023208729 0.0157497834001 0.0258372078302 0.231156329141 0.410393223574
0.0174325687735 0.0163023208729 0.0157497834001 0.0258372078302 0.231156329141 0.410393223574
0.0174325687735 0.0163023208729 0.0157497834001 0.0258372078302 0.231156329141 0.410393223574
0.0341692982805 0.0319544449654 0.0308949478056 0.0506626074533 0.453171912924 0.147982440249
0.0174325687735 0.0163023208729 0.0157497834001 0.0258372078302 0.231156329141 0.410393223574
0.0174325687735 0.0163023208729 0.0157497834001 0.0258372078302 0.231156329141 0.410393223574
0.0174325687735 0.0163023208729 0.0157497834001 0.0258372078302 0.231156329141 0.410393223574
0.0174325687735 0.0163023208729 0.0157497834001 0.0258372078302 0.231156329141 0.410393223574
0.0174325687735 0.0163023208729 0.0157497834001 0.0258372078302 0.231156329141 0.410393223574
0.0174325687735 0.0163023208729 0.0157497834001 0.0258372078302 0.231156329141 0.410393223574
0.0237426260564 0.022201306216 0.0214558761569 0.0351962500608 0.315852635757 0.561394625905
0.0359862895586 0.0336536881149 0.0325391538388 0.0533577298529 0.477274613465 0.0246468902384
0.0174325687735 0.0163023208729 0.0157497834001 0.0258372078302 0.231156329141 0.410393223574
0.0174325687735 0.0163023208729 0.0157497834001 0.0258372078302 0.231156329141 0.410393223574
0.0174325687735 0.0163023208729 0.0157497834001 0.0258372078302 0.231156329141 0.410393223574
0.0174325687735 0.0163023208729 0.0157497834001 0.0258372078302 0.231156329141 0.410393223574
0.0174325687735 0.0163023208729 0.0157497834001 0.0258372078302 0.231156329141 0.410393223574
0.0174325687735 0.0163023208729 0.0157497834001 0.0258372078302 0.231156329141 0.410393223574
0.0174325687735 0.0163023208729 0.0157497834001 0.0258372078302 0.231156329141 0.410393223574
0.0174325687735 0.0163023208729 0.0157497834001 0.0258372078302 0.231156329141 0.410393223574
0.0174325687735 0.0163023208729 0.0157497834001 0.0258372078302 0.231156329141 0.410393223574
0.0174325687735 0.0163023208729 0.0157497834001 0.0258372078302 0.231156329141 0.410393223574
0.0174325687735 0.0163023208729 0.0157497834001 0.0258372078302 0.231156329141 0.410393223574
0.0174325687735 0.0163023208729 0.0157497834001 0.0258372078302 0.231156329141 0.410393223574
0.0174325687735 0.0163023208729 0.0157497834001 0.0258372078302 0.231156329141 0.410393223574
0.0174325687735 0.0163023208729 0.0157497834001 0.0258372078302 0.231156329141 0.410393223574
0.0174325687735 0.0163023208729 0.0157497834001 0.0258372078302 0.231156329141 0.410393223574
0.0174325687735 0.0163023208729 0.0157497834001 0.0258372078302 0.231156329141 0.410393223574
0.0169101493824 0.0158137562978 0.0164804743551 0.0258372078302 0.231156329141 0.410393223574
0.0174325687735 0.0163023208729 0.0157497834001 0.0258372078302 0.231156329141 0.410393223574
0.0174325687735 0.0163023208729 0.0157497834001 0.0258372078302 0.231156329141 0.410393223574
0.0174325687735 0.0163023208729 0.0157497834001 0.0258372078302 0.231156329141 0.410393223574
0.0174325687735 0.0163023208729 0.0157497834001 0.0258372078302 0.231156329141 0.410393223574
0.0174325687735 0.0163023208729 0.0157497834001 0.0258372078302 0.231156329141 0.410393223574
0.0174325687735 0.0163023208729 0.0157497834001 0.0258372078302 0.231156329141 0.410393223574
0.0174325687735 0.0163023208729 0.0157497834001 0.0258372078302 0.231156329141 0.410393223574
0.0174325687735 0.0163023208729 0.0157497834001 0.0258372078302 0.231156329141 0.410393223574
0.0174325687735 0.0163023208729 0.0157497834001 0.0258372078302 0.231156329141 0.410393223574
0.0174325687735 0.0163023208729 0.0157497834001 0.0258372078302 0.231156329141 0.410393223574
0.0174325687735 0.0163023208729 0.0157497834001 0.0258372078302 0.231156329141 0.410393223574
0.0174325687735 0.0163023208729 0.0157497834001 0.0258372078302 0.231156329141 0.410393223574
0.0174325687735 0.0163023208729 0.0157497834001 0.0258372078302 0.231156329141 0.410393223574
0.0174325687735 0.0163023208729 0.0157497834001 0.0258372078302 0.231156329141 0.410393223574
0.0174325687735 0.0163023208729 0.0157497834001 0.0258372078302 0.231156329141 0.410393223574
0.0174325687735 0.0163023208729 0.0157497834001 0.0258372078302 0.231156329141 0.410393223574
0.0174325687735 0.0163023208729 0.0157497834001 0.0258372078302 0.231156329141 0.410393223574
0.0159676782608 0.0149323609845 0.0144241954086 0.027388298311 0.231156329141 0.410393223574
0.0174325687735 0.0163023208729 0.0157497834001 0.0258372078302 0.231156329141 0.410393223574
0.0174325687735 0.0163023208729 0.0157497834001 0.0258372078302 0.231156329141 0.410393223574
0.0174325687735 0.0163023208729 0.0157497834001 0.0258372078302 0.231156329141 0.410393223574
0.0174325687735 0.0163023208729 0.0157497834001 0.0258372078302 0.231156329141 0.410393223574
0.0174325687735 0.0163023208729 0.0157497834001 0.0258372078302 0.231156329141 0.410393223574
0.0174325687735 0.0163023208729 0.0157497834001 0.0258372078302 0.231156329141 0.410393223574
0.0174325687735 0.0163023208729 0.0157497834001 0.0258372078302 0.231156329141 0.410393223574
0.0174325687735 0.0163023208729 0.0157497834001 0.0258372078302 0.231156329141 0.410393223574
0.0174325687735 0.0163023208729 0.0157497834001 0.0258372078302 0.231156329141 0.410393223574
0.0174325687735 0.0163023208729 0.0157497834001 0.0258372078302 0.231156329141 0.410393223574
0.0174325687735 0.0163023208729 0.0157497834001 0.0258372078302 0.231156329141 0.410393223574
0.0174325687735 0.0163023208729 0.0157497834001 0.0258372078302 0.231156329141 0.410393223574
0.0174325687735 0.0163023208729 0.0157497834001 0.0258372078302 0.231156329141 0.410393223574
0.0174325687735 0.0163023208729 0.0157497834001 0.0258372078302 0.231156329141 0.410393223574
0.0174325687735 0.0163023208729 0.0157497834001 0.0258372078302 0.231156329141 0.410393223574
0.0174325687735 0.0163023208729 0.0157497834001 0.0258372078302 0.231156329141 0.410393223574
0.0174325687735 0.0163023208729 0.0157497834001 0.0258372078302 0.231156329141 0.410393223574
0.0174325687735 0.0163023208729 0.0157497834001 0.0258372078302 0.231156329141 0.410393223574
0.0174325687735 0.0163023208729 0.0157497834001 0.0258372078302 0.231156329141 0.410393223574
0.0174325687735 0.0163023208729 0.0157497834001 0.0258372078302 0.231156329141 0.410393223574
0.0174325687735 0.0163023208729 0.0157497834001 0.0258372078302 0.231156329141 0.410393223574
0.0174325687735 0.0163023208729 0.0157497834001 0.0258372078302 0.231156329141 0.410393223574
0.0174325687735 0.0163023208729 0.0157497834001 0.0258372078302 0.231156329141 0.410393223574
0.0174325687735 0.0163023208729 0.0157497834001 0.0258372078302 0.231156329141 0.410393223574
0.0174325687735 0.0163023208729 0.0157497834001 0.0258372078302 0.231156329141 0.410393223574
0.0174325687735 0.0163023208729 0.0157497834001 0.0258372078302 0.231156329141 0.410393223574
0.0174325687735 0.0163023208729 0.0157497834001 0.0258372078302 0.231156329141 0.410393223574
0.0174325687735 0.0163023208729 0.0157497834001 0.0258372078302 0.231156329141 0.410393223574
0.0174325687735 0.0163023208729 0.0157497834001 0.0258372078302 0.231156329141 0.410393223574
0.0174325687735 0.0163023208729 0.0157497834001 0.0258372078302 0.231156329141 0.410393223574
0.0174325687735 0.0163023208729 0.0157497834001 0.0258372078302 0.231156329141 0.410393223574
0.0174325687735 0.0163023208729 0.0157497834001 0.0258372078302 0.231156329141 0.410393223574
0.0174325687735 0.0163023208729 0.0157497834001 0.0258372078302 0.231156329141 0.410393223574
0.0174325687735 0.0163023208729 0.0157497834001 0.0258372078302 0.231156329141 0.410393223574
0.0174325687735 0.0163023208729 0.0157497834001 0.0258372078302 0.231156329141 0.410393223574
0.0174325687735 0.0163023208729 0.0157497834001 0.0258372078302 0.231156329141 0.410393223574
0.0174325687735 0.0163023208729 0.0157497834001 0.0258372078302 0.231156329141 0.410393223574
0.0174325687735 0.0163023208729 0.0157497834001 0.0258372078302 0.231156329141 0.410393223574
0.0174325687735 0.0163023208729 0.0157497834001 0.0258372078302 0.231156329141 0.410393223574
0.0174325687735 0.0163023208729 0.0157497834001 0.0258372078302 0.231156329141 0.410393223574
0.0174325687735 0.0163023208729 0.0157497834001 0.0258372078302 0.231156329141 0.410393223574
0.0174325687735 0.0163023208729 0.0157497834001 0.0258372078302 0.231156329141 0.410393223574
0.0174325687735 0.0163023208729 0.0157497834001 0.0258372078302 0.231156329141 0.410393223574
0.0174325687735 0.0163023208729 0.0157497834001 0.0258372078302 0.231156329141 0.410393223574
0.0174325687735 0.0163023208729 0.0157497834001 0.0258372078302 0.231156329141 0.410393223574
0.0174325687735 0.0163023208729 0.0157497834001 0.0258372078302 0.231156329141 0.410393223574
0.0174325687735 0.0163023208729 0.0157497834001 0.0258372078302 0.231156329141 0.410393223574
0.0174325687735 0.0163023208729 0.0157497834001 0.0258372078302 0.231156329141 0.410393223574
0.0174325687735 0.0163023208729 0.0157497834001 0.0258372078302 0.231156329141 0.410393223574
0.0174325687735 0.0163023208729 0.0157497834001 0.0258372078302 0.231156329141 0.410393223574
0.0174325687735 0.0163023208729 0.0157497834001 0.0258372078302 0.231156329141 0.410393223574
0.0174325687735 0.0163023208729 0.0157497834001 0.0258372078302 0.231156329141 0.410393223574
0.0174325687735 0.0163023208729 0.0157497834001 0.0258372078302 0.231156329141 0.410393223574
0.0174325687735 0.0163023208729 0.0157497834001 0.0258372078302 0.231156329141 0.410393223574
0.0174325687735 0.0163023208729 0.0157497834001 0.0258372078302 0.231156329141 0.410393223574
0.0174325687735 0.0163023208729 0.0157497834001 0.0258372078302 0.231156329141 0.410393223574
0.0174325687735 0.0163023208729 0.0157497834001 0.0258372078302 0.231156329141 0.410393223574
0.0174325687735 0.0163023208729 0.0157497834001 0.0258372078302 0.231156329141 0.410393223574
0.0174325687735 0.0163023208729 0.0157497834001 0.0258372078302 0.231156329141 0.410393223574
0.0174325687735 0.0163023208729 0.0157497834001 0.0258372078302 0.231156329141 0.410393223574
0.0174325687735 0.0163023208729 0.0157497834001 0.0258372078302 0.231156329141 0.410393223574
0.0571300732736 0.053427272097 0.0516722873692 0.0847200626224 0.213228089846 0.410393223574
0.0174325687735 0.0163023208729 0.0157497834001 0.0258372078302 0.231156329141 0.410393223574
0.0174325687735 0.0163023208729 0.0157497834001 0.0258372078302 0.231156329141 0.410393223574
0.013978302482 0.0130719045229 0.0126239976327 0.029165826694 0.231156329141 0.410393223574
0.0174325687735 0.0163023208729 0.0157497834001 0.0258372078302 0.231156329141 0.410393223574
0.0174325687735 0.0163023208729 0.0157497834001 0.0258372078302 0.231156329141 0.410393223574
0.0174325687735 0.0163023208729 0.0157497834001 0.0258372078302 0.231156329141 0.410393223574
0.0174325687735 0.0163023208729 0.0157497834001 0.0258372078302 0.231156329141 0.410393223574
0.0174325687735 0.0163023208729 0.0157497834001 0.0258372078302 0.231156329141 0.410393223574
0.0174325687735 0.0163023208729 0.0157497834001 0.0258372078302 0.231156329141 0.410393223574
0.0174325687735 0.0163023208729 0.0157497834001 0.0258372078302 0.231156329141 0.410393223574
0.0174325687735 0.0163023208729 0.0157497834001 0.0258372078302 0.231156329141 0.410393223574
0.0174325687735 0.0163023208729 0.0157497834001 0.0258372078302 0.231156329141 0.410393223574
0.0174325687735 0.0163023208729 0.0157497834001 0.0258372078302 0.231156329141 0.410393223574
0.0174325687735 0.0163023208729 0.0157497834001 0.0258372078302 0.231156329141 0.410393223574
0.0174325687735 0.0163023208729 0.0157497834001 0.0258372078302 0.231156329141 0.410393223574
0.0174325687735 0.0163023208729 0.0157497834001 0.0258372078302 0.231156329141 0.410393223574
0.0174325687735 0.0163023208729 0.0157497834001 0.0258372078302 0.231156329141 0.410393223574
0.0174325687735 0.0163023208729 0.0157497834001 0.0258372078302 0.231156329141 0.410393223574
0.0174325687735 0.0163023208729 0.0157497834001 0.0258372078302 0.231156329141 0.410393223574
0.0174325687735 0.0163023208729 0.0157497834001 0.0258372078302 0.231156329141 0.410393223574
0.0174325687735 0.0163023208729 0.0157497834001 0.0258372078302 0.231156329141 0.410393223574
0.0174325687735 0.0163023208729 0.0157497834001 0.0258372078302 0.231156329141 0.410393223574
0.0174325687735 0.0163023208729 0.0157497834001 0.0258372078302 0.231156329141 0.410393223574
0.0198135936681 0.0185290460585 0.0114752225958 0.0258372078302 0.231156329141 0.410393223574
0.0174325687735 0.0163023208729 0.0157497834001 0.0258372078302 0.231156329141 0.410393223574
0.0174325687735 0.0163023208729 0.0157497834001 0.0258372078302 0.231156329141 0.410393223574
0.0174325687735 0.0163023208729 0.0157497834001 0.0258372078302 0.231156329141 0.410393223574
0.0174325687735 0.0163023208729 0.0157497834001 0.0258372078302 0.231156329141 0.410393223574
0.0174325687735 0.0163023208729 0.0157497834001 0.0258372078302 0.231156329141 0.410393223574
0.0174325687735 0.0163023208729 0.0157497834001 0.0258372078302 0.231156329141 0.410393223574
0.0174325687735 0.0163023208729 0.0157497834001 0.0258372078302 0.231156329141 0.410393223574
0.0174325687735 0.0163023208729 0.0157497834001 0.0258372078302 0.231156329141 0.410393223574
0.0174325687735 0.0163023208729 0.0157497834001 0.0258372078302 0.231156329141 0.410393223574
0.0174325687735 0.0163023208729 0.0157497834001 0.0258372078302 0.231156329141 0.410393223574
0.0174325687735 0.0163023208729 0.0157497834001 0.0258372078302 0.231156329141 0.410393223574
0.0174325687735 0.0163023208729 0.0157497834001 0.0258372078302 0.231156329141 0.410393223574
0.0174325687735 0.0163023208729 0.0157497834001 0.0258372078302 0.231156329141 0.410393223574
0.0174325687735 0.0163023208729 0.0157497834001 0.0258372078302 0.231156329141 0.410393223574
0.0174325687735 0.0163023208729 0.0157497834001 0.0258372078302 0.231156329141 0.410393223574
0.0174325687735 0.0163023208729 0.0157497834001 0.0258372078302 0.231156329141 0.410393223574
0.0174325687735 0.0163023208729 0.0157497834001 0.0258372078302 0.231156329141 0.410393223574
0.0174325687735 0.0163023208729 0.0157497834001 0.0258372078302 0.231156329141 0.410393223574
0.0174325687735 0.0163023208729 0.0157497834001 0.0258372078302 0.231156329141 0.410393223574
0.0174325687735 0.0163023208729 0.0157497834001 0.0258372078302 0.231156329141 0.410393223574
0.0174325687735 0.0163023208729 0.0157497834001 0.0258372078302 0.231156329141 0.410393223574
0.0174325687735 0.0163023208729 0.0157497834001 0.0258372078302 0.231156329141 0.410393223574
0.0174325687735 0.0163023208729 0.0157497834001 0.0258372078302 0.231156329141 0.410393223574
0.0174325687735 0.0163023208729 0.0157497834001 0.0258372078302 0.231156329141 0.410393223574
0.106028939061 0.099157300474 0.0959211569761 0.157251191466 0.154900226967 0.410393223574
0.0174325687735 0.0163023208729 0.0157497834001 0.0258372078302 0.231156329141 0.410393223574
0.0174325687735 0.0163023208729 0.0157497834001 0.0258372078302 0.231156329141 0.410393223574
0.0174325687735 0.0163023208729 0.0157497834001 0.0258372078302 0.231156329141 0.410393223574
0.0174325687735 0.0163023208729 0.0157497834001 0.0258372078302 0.231156329141 0.410393223574
0.0174325687735 0.0163023208729 0.0157497834001 0.0258372078302 0.231156329141 0.410393223574
0.0174325687735 0.0163023208729 0.0157497834001 0.0258372078302 0.231156329141 0.410393223574
0.0174325687735 0.0163023208729 0.0157497834001 0.0258372078302 0.231156329141 0.410393223574
0.0174325687735 0.0163023208729 0.0157497834001 0.0258372078302 0.231156329141 0.410393223574
0.0174325687735 0.0163023208729 0.0157497834001 0.0258372078302 0.231156329141 0.410393223574
0.0174325687735 0.0163023208729 0.0157497834001 0.0258372078302 0.231156329141 0.410393223574
0.0174325687735 0.0163023208729 0.0157497834001 0.0258372078302 0.231156329141 0.410393223574
0.0174325687735 0.0163023208729 0.0157497834001 0.0258372078302 0.231156329141 0.410393223574
0.0174325687735 0.0163023208729 0.0157497834001 0.0258372078302 0.231156329141 0.410393223574
0.0174325687735 0.0163023208729 0.0157497834001 0.0258372078302 0.231156329141 0.410393223574
0.0174325687735 0.0163023208729 0.0157497834001 0.0258372078302 0.231156329141 0.410393223574
0.0174325687735 0.0163023208729 0.0157497834001 0.0258372078302 0.231156329141 0.410393223574
0.0174325687735 0.0163023208729 0.0157497834001 0.0258372078302 0.231156329141 0.410393223574
0.0174325687735 0.0163023208729 0.0157497834001 0.0258372078302 0.231156329141 0.410393223574
0.0174325687735 0.0163023208729 0.0157497834001 0.0258372078302 0.231156329141 0.410393223574
0.0174325687735 0.0163023208729 0.0157497834001 0.0258372078302 0.231156329141 0.410393223574
0.0174325687735 0.0163023208729 0.0157497834001 0.0258372078302 0.231156329141 0.410393223574
0.0174325687735 0.0163023208729 0.0157497834001 0.0258372078302 0.231156329141 0.410393223574
0.0174325687735 0.0163023208729 0.0157497834001 0.0258372078302 0.231156329141 0.410393223574
0.0174325687735 0.0163023208729 0.0157497834001 0.0258372078302 0.231156329141 0.410393223574
0.0174325687735 0.0163023208729 0.0157497834001 0.0258372078302 0.231156329141 0.410393223574
0.0174325687735 0.0163023208729 0.0157497834001 0.0258372078302 0.231156329141 0.410393223574
0.0174325687735 0.0163023208729 0.0157497834001 0.0258372078302 0.231156329141 0.410393223574
0.0174325687735 0.0163023208729 0.0157497834001 0.0258372078302 0.231156329141 0.410393223574
0.0174325687735 0.0163023208729 0.0157497834001 0.0258372078302 0.231156329141 0.410393223574
0.0174325687735 0.0163023208729 0.0157497834001 0.0258372078302 0.231156329141 0.410393223574
0.0151381471513 0.0141573744061 0.0136749785411 0.0224341354909 0.200359644402 0.355487163258
0.0174325687735 0.0163023208729 0.0157497834001 0.0258372078302 0.231156329141 0.410393223574
0.0174325687735 0.0163023208729 0.0157497834001 0.0258372078302 0.231156329141 0.410393223574
0.0174325687735 0.0163023208729 0.0157497834001 0.0258372078302 0.231156329141 0.410393223574
0.0174325687735 0.0163023208729 0.0157497834001 0.0258372078302 0.231156329141 0.410393223574
0.0174325687735 0.0163023208729 0.0157497834001 0.0258372078302 0.231156329141 0.410393223574
0.0174325687735 0.0163023208729 0.0157497834001 0.0258372078302 0.231156329141 0.410393223574
0.0174325687735 0.0163023208729 0.0157497834001 0.0258372078302 0.231156329141 0.410393223574
0.0174325687735 0.0163023208729 0.0157497834001 0.0258372078302 0.231156329141 0.410393223574
0.0174325687735 0.0163023208729 0.0157497834001 0.0258372078302 0.231156329141 0.410393223574
0.0174325687735 0.0163023208729 0.0157497834001 0.0258372078302 0.231156329141 0.410393223574
0.0174325687735 0.0163023208729 0.0157497834001 0.0258372078302 0.231156329141 0.410393223574
0.0174325687735 0.0163023208729 0.0157497834001 0.0258372078302 0.231156329141 0.410393223574
0.0174325687735 0.0163023208729 0.0157497834001 0.0258372078302 0.231156329141 0.410393223574
0.0174325687735 0.0163023208729 0.0157497834001 0.0258372078302 0.231156329141 0.410393223574
0.0174325687735 0.0163023208729 0.0157497834001 0.0258372078302 0.231156329141 0.410393223574
0.0174325687735 0.0163023208729 0.0157497834001 0.0258372078302 0.231156329141 0.410393223574
0.0174325687735 0.0163023208729 0.0157497834001 0.0258372078302 0.231156329141 0.410393223574
0.0174325687735 0.0163023208729 0.0157497834001 0.0258372078302 0.231156329141 0.410393223574
0.0174325687735 0.0163023208729 0.0157497834001 0.0258372078302 0.231156329141 0.410393223574
0.0174325687735 0.0163023208729 0.0157497834001 0.0258372078302 0.231156329141 0.410393223574
0.0174325687735 0.0163023208729 0.0157497834001 0.0258372078302 0.231156329141 0.410393223574
0.0174325687735 0.0163023208729 0.0157497834001 0.0258372078302 0.231156329141 0.410393223574
0.0174325687735 0.0163023208729 0.0157497834001 0.0258372078302 0.231156329141 0.410393223574
0.0174325687735 0.0163023208729 0.0157497834001 0.0258372078302 0.231156329141 0.410393223574
0.0174325687735 0.0163023208729 0.0157497834001 0.0258372078302 0.231156329141 0.410393223574
0.0174325687735 0.0163023208729 0.0157497834001 0.0258372078302 0.231156329141 0.410393223574
0.0174325687735 0.0163023208729 0.0157497834001 0.0258372078302 0.231156329141 0.410393223574
0.0174325687735 0.0163023208729 0.0157497834001 0.0258372078302 0.231156329141 0.410393223574
0.0174325687735 0.0163023208729 0.0157497834001 0.0258372078302 0.231156329141 0.410393223574
0.0174325687735 0.0163023208729 0.0157497834001 0.0258372078302 0.231156329141 0.410393223574
0.0174325687735 0.0163023208729 0.0157497834001 0.0258372078302 0.231156329141 0.410393223574
0.0174325687735 0.0163023208729 0.0157497834001 0.0258372078302 0.231156329141 0.410393223574
0.0174325687735 0.0163023208729 0.0157497834001 0.0258372078302 0.231156329141 0.410393223574
0.0174325687735 0.0163023208729 0.0157497834001 0.0258372078302 0.231156329141 0.410393223574
0.0174325687735 0.0163023208729 0.0157497834001 0.0258372078302 0.231156329141 0.410393223574
0.0197691885458 0.0184867189527 0.017862752011 0.0293028689912 0.262519435176 0.466309147671
0.0174325687735 0.0163023208729 0.0157497834001 0.0258372078302 0.231156329141 0.410393223574
0.0174325687735 0.0163023208729 0.0157497834001 0.0258372078302 0.231156329141 0.410393223574
0.028916795625 0.0270423249884 0.0261419274366 0.042871630286 0.228036180308 0.410393223574
0.0174325687735 0.0163023208729 0.0157497834001 0.0258372078302 0.231156329141 0.410393223574
0.0174325687735 0.0163023208729 0.0157497834001 0.0258372078302 0.231156329141 0.410393223574
0.0174325687735 0.0163023208729 0.0157497834001 0.0258372078302 0.231156329141 0.410393223574
0.0174325687735 0.0163023208729 0.0157497834001 0.0258372078302 0.231156329141 0.410393223574
0.0174325687735 0.0163023208729 0.0157497834001 0.0258372078302 0.231156329141 0.410393223574
0.0174325687735 0.0163023208729 0.0157497834001 0.0258372078302 0.231156329141 0.410393223574
0.0174325687735 0.0163023208729 0.0157497834001 0.0258372078302 0.231156329141 0.410393223574
0.0174325687735 0.0163023208729 0.0157497834001 0.0258372078302 0.231156329141 0.410393223574
0.0174325687735 0.0163023208729 0.0157497834001 0.0258372078302 0.231156329141 0.410393223574
0.0174325687735 0.0163023208729 0.0157497834001 0.0258372078302 0.231156329141 0.410393223574
0.0174325687735 0.0163023208729 0.0157497834001 0.0258372078302 0.231156329141 0.410393223574
0.0174325687735 0.0163023208729 0.0157497834001 0.0258372078302 0.231156329141 0.410393223574
0.0174325687735 0.0163023208729 0.0157497834001 0.0258372078302 0.231156329141 0.410393223574
0.0174325687735 0.0163023208729 0.0157497834001 0.0258372078302 0.231156329141 0.410393223574
0.0174325687735 0.0163023208729 0.0157497834001 0.0258372078302 0.231156329141 0.410393223574
0.0174325687735 0.0163023208729 0.0157497834001 0.0258372078302 0.231156329141 0.410393223574
0.0174325687735 0.0163023208729 0.0157497834001 0.0258372078302 0.231156329141 0.410393223574
0.0174325687735 0.0163023208729 0.0157497834001 0.0258372078302 0.231156329141 0.410393223574
0.0174325687735 0.0163023208729 0.0157497834001 0.0258372078302 0.231156329141 0.410393223574
0.0174325687735 0.0163023208729 0.0157497834001 0.0258372078302 0.231156329141 0.410393223574
0.0174325687735 0.0163023208729 0.0157497834001 0.0258372078302 0.231156329141 0.410393223574
0.0174325687735 0.0163023208729 0.0157497834001 0.0258372078302 0.231156329141 0.410393223574
0.0174325687735 0.0163023208729 0.0157497834001 0.0258372078302 0.231156329141 0.410393223574
0.0174325687735 0.0163023208729 0.0157497834001 0.0258372078302 0.231156329141 0.410393223574
0.0174325687735 0.0163023208729 0.0157497834001 0.0258372078302 0.231156329141 0.410393223574
0.0174325687735 0.0163023208729 0.0157497834001 0.0258372078302 0.231156329141 0.410393223574
0.0174325687735 0.0163023208729 0.0157497834001 0.0258372078302 0.231156329141 0.410393223574
0.0174325687735 0.0163023208729 0.0157497834001 0.0258372078302 0.231156329141 0.410393223574
0.0174325687735 0.0163023208729 0.0157497834001 0.0258372078302 0.231156329141 0.410393223574
0.0174325687735 0.0163023208729 0.0157497834001 0.0258372078302 0.231156329141 0.410393223574
0.0174325687735 0.0163023208729 0.0157497834001 0.0258372078302 0.231156329141 0.410393223574
0.0174325687735 0.0163023208729 0.0157497834001 0.0258372078302 0.231156329141 0.410393223574
0.0174325687735 0.0163023208729 0.0157497834001 0.0258372078302 0.231156329141 0.410393223574
0.0174325687735 0.0163023208729 0.0157497834001 0.0258372078302 0.231156329141 0.410393223574
0.0174325687735 0.0163023208729 0.0157497834001 0.0258372078302 0.231156329141 0.410393223574
0.0289078110651 0.0270339226631 0.0261337972558 0.042858303591 0.38337738376 0.279433252797
0.0238540212637 0.0223054446137 0.0215566093815 0.0353614708462 0.317347830906 0.564060345585
0.00796406389255 0.00744741207446 0.0071816779624 0.0117926827391 0.232552223021 0.410393223574
0.0174325687735 0.0163023208729 0.0157497834001 0.0258372078302 0.231156329141 0.410393223574
0.0174325687735 0.0163023208729 0.0157497834001 0.0258372078302 0.231156329141 0.410393223574
0.0174325687735 0.0163023208729 0.0157497834001 0.0258372078302 0.231156329141 0.410393223574
0.0174325687735 0.0163023208729 0.0157497834001 0.0258372078302 0.231156329141 0.410393223574
0.0194746844392 0.0182114005335 0.0175964363637 0.0288660621412 0.258566474726 0.45926158491
0.0174325687735 0.0163023208729 0.0157497834001 0.0258372078302 0.231156329141 0.410393223574
0.0174325687735 0.0163023208729 0.0157497834001 0.0258372078302 0.231156329141 0.410393223574
0.0174325687735 0.0163023208729 0.0157497834001 0.0258372078302 0.231156329141 0.410393223574
0.0174325687735 0.0163023208729 0.0157497834001 0.0258372078302 0.231156329141 0.410393223574
0.0174325687735 0.0163023208729 0.0157497834001 0.0258372078302 0.231156329141 0.410393223574
0.0174325687735 0.0163023208729 0.0157497834001 0.0258372078302 0.231156329141 0.410393223574
0.0174325687735 0.0163023208729 0.0157497834001 0.0258372078302 0.231156329141 0.410393223574
0.0174325687735 0.0163023208729 0.0157497834001 0.0258372078302 0.231156329141 0.410393223574
0.0174325687735 0.0163023208729 0.0157497834001 0.0258372078302 0.231156329141 0.410393223574
0.105375139179 0.0985458693766 0.0953295296392 0.156281417572 0.156096205221 0.410393223574
0.0174325687735 0.0163023208729 0.0157497834001 0.0258372078302 0.231156329141 0.410393223574
0.0174325687735 0.0163023208729 0.0157497834001 0.0258372078302 0.231156329141 0.410393223574
0.0174325687735 0.0163023208729 0.0157497834001 0.0258372078302 0.231156329141 0.410393223574
0.0174325687735 0.0163023208729 0.0157497834001 0.0258372078302 0.231156329141 0.410393223574
0.0174325687735 0.0163023208729 0.0157497834001 0.0258372078302 0.231156329141 0.410393223574
0.0372553902105 0.0348405460898 0.0336875704403 0.0552401723477 0.224756086411 0.410393223574
0.0174325687735 0.0163023208729 0.0157497834001 0.0258372078302 0.231156329141 0.410393223574
0.0174325687735 0.0163023208729 0.0157497834001 0.0258372078302 0.231156329141 0.410393223574
0.0174325687735 0.0163023208729 0.0157497834001 0.0258372078302 0.231156329141 0.410393223574
0.0174325687735 0.0163023208729 0.0157497834001 0.0258372078302 0.231156329141 0.410393223574
0.0174325687735 0.0163023208729 0.0157497834001 0.0258372078302 0.231156329141 0.410393223574
0.0174325687735 0.0163023208729 0.0157497834001 0.0258372078302 0.231156329141 0.410393223574
0.0174325687735 0.0163023208729 0.0157497834001 0.0258372078302 0.231156329141 0.410393223574
0.0174325687735 0.0163023208729 0.0157497834001 0.0258372078302 0.231156329141 0.410393223574
0.0174325687735 0.0163023208729 0.0157497834001 0.0258372078302 0.231156329141 0.410393223574
0.0174325687735 0.0163023208729 0.0157497834001 0.0258372078302 0.231156329141 0.410393223574
0.0174325687735 0.0163023208729 0.0157497834001 0.0258372078302 0.231156329141 0.410393223574
0.0174325687735 0.0163023208729 0.0157497834001 0.0258372078302 0.231156329141 0.410393223574
0.0174325687735 0.0163023208729 0.0157497834001 0.0258372078302 0.231156329141 0.410393223574
0.0174325687735 0.0163023208729 0.0157497834001 0.0258372078302 0.231156329141 0.410393223574
0.0174325687735 0.0163023208729 0.0157497834001 0.0258372078302 0.231156329141 0.410393223574
0.0174325687735 0.0163023208729 0.0157497834001 0.0258372078302 0.231156329141 0.410393223574
0.0174325687735 0.0163023208729 0.0157497834001 0.0258372078302 0.231156329141 0.410393223574
0.0174325687735 0.0163023208729 0.0157497834001 0.0258372078302 0.231156329141 0.410393223574
0.0174325687735 0.0163023208729 0.0157497834001 0.0258372078302 0.231156329141 0.410393223574
0.0174325687735 0.0163023208729 0.0157497834001 0.0258372078302 0.231156329141 0.410393223574
0.0174325687735 0.0163023208729 0.0157497834001 0.0258372078302 0.231156329141 0.410393223574
0.0174325687735 0.0163023208729 0.0157497834001 0.0258372078302 0.231156329141 0.410393223574
0.0174325687735 0.0163023208729 0.0157497834001 0.0258372078302 0.231156329141 0.410393223574
0.0174325687735 0.0163023208729 0.0157497834001 0.0258372078302 0.231156329141 0.410393223574
0.00848156026627 0.00793137266278 0.00764996345725 0.0125602791967 0.112419668053 0.455934140968
0.0174325687735 0.0163023208729 0.0157497834001 0.0258372078302 0.231156329141 0.410393223574
0.0174325687735 0.0163023208729 0.0157497834001 0.0258372078302 0.231156329141 0.410393223574
0.00959377866135 0.00897422739804 0.00866134368353 0.0142107680473 0.125940984853 0.222809529087
0.0174325687735 0.0163023208729 0.0157497834001 0.0258372078302 0.231156329141 0.410393223574
0.0174325687735 0.0163023208729 0.0157497834001 0.0258372078302 0.231156329141 0.410393223574
0.0174325687735 0.0163023208729 0.0157497834001 0.0258372078302 0.231156329141 0.410393223574
0.0174325687735 0.0163023208729 0.0157497834001 0.0258372078302 0.231156329141 0.410393223574
0.0174325687735 0.0163023208729 0.0157497834001 0.0258372078302 0.231156329141 0.410393223574
0.0174325687735 0.0163023208729 0.0157497834001 0.0258372078302 0.231156329141 0.410393223574
0.0174325687735 0.0163023208729 0.0157497834001 0.0258372078302 0.231156329141 0.410393223574
0.0174325687735 0.0163023208729 0.0157497834001 0.0258372078302 0.231156329141 0.410393223574
0.0174325687735 0.0163023208729 0.0157497834001 0.0258372078302 0.231156329141 0.410393223574
0.0174325687735 0.0163023208729 0.0157497834001 0.0258372078302 0.231156329141 0.410393223574
0.0174325687735 0.0163023208729 0.0157497834001 0.0258372078302 0.231156329141 0.410393223574
0.0174325687735 0.0163023208729 0.0157497834001 0.0258372078302 0.231156329141 0.410393223574
0.0174325687735 0.0163023208729 0.0157497834001 0.0258372078302 0.231156329141 0.410393223574
0.0174325687735 0.0163023208729 0.0157497834001 0.0258372078302 0.231156329141 0.410393223574
0.0174325687735 0.0163023208729 0.0157497834001 0.0258372078302 0.231156329141 0.410393223574
0.0174325687735 0.0163023208729 0.0157497834001 0.0258372078302 0.231156329141 0.410393223574
0.0174325687735 0.0163023208729 0.0157497834001 0.0258372078302 0.231156329141 0.410393223574
0.0174325687735 0.0163023208729 0.0157497834001 0.0258372078302 0.231156329141 0.410393223574
0.0174325687735 0.0163023208729 0.0157497834001 0.0258372078302 0.231156329141 0.410393223574
