0.0186935338913 0.0345301115867 0.196999174606 0.393127231174 0.270054911266 0.0782381542856
0.00292199739921 0.0178298879178 0.311312816517 0.0626000121399 0.429228951439 0.333195071563
0.0515925387897 0.0798220084062 0.0787697145172 0.287551250891 0.00441683934264 0.293516537843
0.597242233921 0.178289336253 0.0256949269185 0.0803584617211 0.125751073131 0.139375514938
0.133358987387 0.105994214139 0.571758630736 0.0712942570149 0.429646806928 0.0930724513438
0.0105026758332 0.421280555403 0.0509484306449 0.0336728254792 0.0422915286351 0.544656827021
0.0794907029366 0.0415709124917 0.291924832525 0.0657143470411 0.263744682884 0.238480898379
0.240507469075 0.0247418561305 0.00694110591872 0.172910242872 0.485864436049 0.197111130636
0.000342541784202 0.000565385991329 0.00416287400107 0.135851712488 0.285033696011 0.392574349629
0.0236906926883 0.0246467254164 0.137721882405 0.175084036595 0.248859955806 0.228692920532
0.647852941411 0.223359676191 0.0142696027313 0.2083752844 0.117818869771 0.177152576112
0.00275673309561 0.0180908938017 0.0105409422333 0.0225819712799 0.375965484227 0.258099208151
0.105782559056 0.0279806753857 0.0241796658428 0.295596927782 0.26905020382 0.249238324075
0.00116418442082 0.000106425775379 2.19548197041e-05 -7.75443493721e-06 0.103626305914 0.743084549168
0.0839814657585 0.02523705774 0.0551869836532 0.0653323923513 0.272238841114 0.681909394492
0.000177019982444 0.000261097962539 0.00149836390886 0.0132659406522 0.0843220746022 0.600434545971
0.0316237924105 0.0148354216238 0.0120513962935 0.00315038177047 0.188712430978 0.676574632719
0.0125412788742 0.00597851369999 0.233496067551 0.166849543222 0.323492580747 0.128023794172
0.0118971292332 0.156171523631 0.0278985051824 0.1331232046 0.0105075152632 0.354047913532
0.001576199983 0.00860170852229 0.0142110873894 0.0182561507158 0.0631016288969 0.569707125909
0.00822693669726 0.000242402172177 0.0633209284226 0.17866297507 0.374999865533 0.360799470775
0.0398957805662 0.0280700386687 0.0290603471338 0.0121850270987 0.260123300947 0.603113856321
0.14989462019 0.0247981508448 0.179175719921 0.054269868716 0.000110493659631 0.428806003385
0.0205999291456 0.162478164099 0.00438179663894 0.214827407256 0.228488283638 0.196260203635
0.00249773174406 0.000203248390646 0.0053790064772 0.0691590011306 0.644657513335 0.00675098400432
0.0290115470005 0.121794723315 0.0958937748147 0.201549469336 0.242565287332 0.15827005703
0.0238916925266 0.0151596729339 0.0481365643103 0.151758323002 0.200877567278 0.334198689285
0.00344651497894 0.0262912200758 0.0111449785784 0.0174318309218 0.0139025649654 0.648444004705
0.00134172815858 3.58524879831e-05 0.0138726439395 0.813286170734 0.38596235709 0.0197791813965
0.13601865488 0.131026663309 0.0442321828525 0.054172551215 0.0930699421735 0.614384863819
0.0229520355171 0.0257139640656 0.012272004898 0.436748552728 0.403292199314 0.0815428572876
0.0427538542046 0.0119181254746 0.150526618171 0.00359492770426 0.560743103984 0.0542735129394
0.100725771148 0.0161360750355 0.222275583678 0.16599903009 0.229818966604 0.380295468714
0.354187311913 0.143363631687 0.270366432023 0.0180108589741 0.512514268412 0.053289719978
0.00296298736793 0.00142551871585 0.00129753895305 0.440065382281 0.194394554135 0.428638268207
0.419249273414 0.296309186619 0.0993421872797 0.292377684951 0.318022197654 0.0407408031765
0.0134850801645 0.125591802097 0.264233273583 0.104446540363 0.412226514615 0.160224176138
0.00287695676875 0.00612281429255 0.0484995187689 0.0145332942437 0.0382679795774 0.613123403499
0.0631433718418 0.413951275717 0.00611134862139 0.662163536597 0.390751127092 0.0513340448424
0.0221720499247 0.00334015487255 0.0225483361351 0.114989312389 0.188446673654 0.32533493265
0.0247904410807 0.000592198548763 0.0428663374569 0.0160962808087 0.259341763245 0.521156617339
0.0314130572627 0.00307903798162 0.0133126255905 0.01215742757 0.319084528304 0.287490926979
0.000120332086474 0.000588693591918 0.0381255203286 0.262449480011 0.209019625607 0.496054188856
0.00807856509028 0.127780624964 0.0657464135499 0.14289734158 0.146251739909 0.474427518255
0.00471351806544 0.0035061791949 0.000879499670831 0.0346366787216 0.019307542377 0.476224665561
0.0329934099514 0.00889508371806 0.132251022556 0.0918201114756 0.249229288986 0.327535929118
0.218006932559 0.0182839637413 0.0934548375874 0.0799722411361 0.161039975299 0.389955329264
0.0112829141713 0.0172006561742 0.0642700635914 0.0153318620254 0.289759100156 0.185934664799
0.141039760491 0.260213847352 0.0992280519218 0.265400086817 0.324095529348 0.20458535656
0.0862486418765 0.296840775065 0.186248375233 0.014293694075 0.60655628065 0.144215976274
0.0186935338913 0.0345301115867 0.196999174606 0.393127231174 0.270054911266 0.0782381542856
0.0186935338913 0.0345301115867 0.196999174606 0.393127231174 0.270054911266 0.0782381542856
0.0186935338913 0.0345301115867 0.196999174606 0.393127231174 0.270054911266 0.0782381542856
0.0186935338913 0.0345301115867 0.196999174606 0.393127231174 0.270054911266 0.0782381542856
0.0186935338913 0.0345301115867 0.196999174606 0.393127231174 0.270054911266 0.0782381542856
0.0186935338913 0.0345301115867 0.196999174606 0.393127231174 0.270054911266 0.0782381542856
0.0186935338913 0.0345301115867 0.196999174606 0.393127231174 0.270054911266 0.0782381542856
0.0186935338913 0.0345301115867 0.196999174606 0.393127231174 0.270054911266 0.0782381542856
0.0186935338913 0.0345301115867 0.196999174606 0.393127231174 0.270054911266 0.0782381542856
0.0186935338913 0.0345301115867 0.196999174606 0.393127231174 0.270054911266 0.0782381542856
0.0186935338913 0.0345301115867 0.196999174606 0.393127231174 0.270054911266 0.0782381542856
0.0186935338913 0.0345301115867 0.196999174606 0.393127231174 0.270054911266 0.0782381542856
0.0186935338913 0.0345301115867 0.196999174606 0.393127231174 0.270054911266 0.0782381542856
0.0186935338913 0.0345301115867 0.196999174606 0.393127231174 0.270054911266 0.0782381542856
0.0186935338913 0.0345301115867 0.196999174606 0.393127231174 0.270054911266 0.0782381542856
0.0186935338913 0.0345301115867 0.196999174606 0.393127231174 0.270054911266 0.0782381542856
0.0186935338913 0.0345301115867 0.196999174606 0.393127231174 0.270054911266 0.0782381542856
0.0186935338913 0.0345301115867 0.196999174606 0.393127231174 0.270054911266 0.0782381542856
0.0186935338913 0.0345301115867 0.196999174606 0.393127231174 0.270054911266 0.0782381542856
0.0186935338913 0.0345301115867 0.196999174606 0.393127231174 0.270054911266 0.0782381542856
0.0186935338913 0.0345301115867 0.196999174606 0.393127231174 0.270054911266 0.0782381542856
0.0186935338913 0.0345301115867 0.196999174606 0.393127231174 0.270054911266 0.0782381542856
0.0186935338913 0.0345301115867 0.196999174606 0.393127231174 0.270054911266 0.0782381542856
0.0186935338913 0.0345301115867 0.196999174606 0.393127231174 0.270054911266 0.0782381542856
0.0186935338913 0.0345301115867 0.196999174606 0.393127231174 0.270054911266 0.0782381542856
0.0186935338913 0.0345301115867 0.196999174606 0.393127231174 0.270054911266 0.0782381542856
0.0186935338913 0.0345301115867 0.196999174606 0.393127231174 0.270054911266 0.0782381542856
0.0186935338913 0.0345301115867 0.196999174606 0.393127231174 0.270054911266 0.0782381542856
0.0186935338913 0.0345301115867 0.196999174606 0.393127231174 0.270054911266 0.0782381542856
0.0186935338913 0.0345301115867 0.196999174606 0.393127231174 0.270054911266 0.0782381542856
0.0186935338913 0.0345301115867 0.196999174606 0.393127231174 0.270054911266 0.0782381542856
0.0186935338913 0.0345301115867 0.196999174606 0.393127231174 0.270054911266 0.0782381542856
0.0186935338913 0.0345301115867 0.196999174606 0.393127231174 0.270054911266 0.0782381542856
0.0186935338913 0.0345301115867 0.196999174606 0.393127231174 0.270054911266 0.0782381542856
0.0186935338913 0.0345301115867 0.196999174606 0.393127231174 0.270054911266 0.0782381542856
0.0186935338913 0.0345301115867 0.196999174606 0.393127231174 0.270054911266 0.0782381542856
0.0186935338913 0.0345301115867 0.196999174606 0.393127231174 0.270054911266 0.0782381542856
0.0186935338913 0.0345301115867 0.196999174606 0.393127231174 0.270054911266 0.0782381542856
0.0186935338913 0.0345301115867 0.196999174606 0.393127231174 0.270054911266 0.0782381542856
0.0186935338913 0.0345301115867 0.196999174606 0.393127231174 0.270054911266 0.0782381542856
0.0186935338913 0.0345301115867 0.196999174606 0.393127231174 0.270054911266 0.0782381542856
0.0186935338913 0.0345301115867 0.196999174606 0.393127231174 0.270054911266 0.0782381542856
0.0186935338913 0.0345301115867 0.196999174606 0.393127231174 0.270054911266 0.0782381542856
0.0186935338913 0.0345301115867 0.196999174606 0.393127231174 0.270054911266 0.0782381542856
0.0186935338913 0.0345301115867 0.196999174606 0.393127231174 0.270054911266 0.0782381542856
0.0186935338913 0.0345301115867 0.196999174606 0.393127231174 0.270054911266 0.0782381542856
0.0186935338913 0.0345301115867 0.196999174606 0.393127231174 0.270054911266 0.0782381542856
0.0186935338913 0.0345301115867 0.196999174606 0.393127231174 0.270054911266 0.0782381542856
0.0186935338913 0.0345301115867 0.196999174606 0.393127231174 0.270054911266 0.0782381542856
0.0186935338913 0.0345301115867 0.196999174606 0.393127231174 0.270054911266 0.0782381542856
0.0186935338913 0.0345301115867 0.196999174606 0.393127231174 0.270054911266 0.0782381542856
0.0186935338913 0.0345301115867 0.196999174606 0.393127231174 0.270054911266 0.0782381542856
0.0186935338913 0.0345301115867 0.196999174606 0.393127231174 0.270054911266 0.0782381542856
0.0186935338913 0.0345301115867 0.196999174606 0.393127231174 0.270054911266 0.0782381542856
0.0186935338913 0.0345301115867 0.196999174606 0.393127231174 0.270054911266 0.0782381542856
0.0186935338913 0.0345301115867 0.196999174606 0.393127231174 0.270054911266 0.0782381542856
0.018229737319 0.0336734080834 0.192111506093 0.383371970019 0.26335389232 0.0762769408578
0.0186935338913 0.0345301115867 0.196999174606 0.393127231174 0.270054911266 0.0782381542856
0.0186935338913 0.0345301115867 0.196999174606 0.393127231174 0.270054911266 0.0782381542856
0.0385980922599 0.0712968880251 0.157095836257 0.393127231174 0.270054911266 0.0782381542856
0.0186935338913 0.0345301115867 0.196999174606 0.393127231174 0.270054911266 0.0782381542856
0.0186935338913 0.0345301115867 0.196999174606 0.393127231174 0.270054911266 0.0782381542856
0.0186935338913 0.0345301115867 0.196999174606 0.393127231174 0.270054911266 0.0782381542856
0.0186935338913 0.0345301115867 0.196999174606 0.393127231174 0.270054911266 0.0782381542856
0.0186935338913 0.0345301115867 0.196999174606 0.393127231174 0.270054911266 0.0782381542856
0.0186935338913 0.0345301115867 0.196999174606 0.393127231174 0.270054911266 0.0782381542856
0.0186935338913 0.0345301115867 0.196999174606 0.393127231174 0.270054911266 0.0782381542856
0.0186935338913 0.0345301115867 0.196999174606 0.393127231174 0.270054911266 0.0782381542856
0.0186935338913 0.0345301115867 0.196999174606 0.393127231174 0.270054911266 0.0782381542856
0.0186935338913 0.0345301115867 0.196999174606 0.393127231174 0.270054911266 0.0782381542856
0.0186935338913 0.0345301115867 0.196999174606 0.393127231174 0.270054911266 0.0782381542856
0.0186935338913 0.0345301115867 0.196999174606 0.393127231174 0.270054911266 0.0782381542856
0.0186935338913 0.0345301115867 0.196999174606 0.393127231174 0.270054911266 0.0782381542856
0.0186935338913 0.0345301115867 0.196999174606 0.393127231174 0.270054911266 0.0782381542856
0.0186935338913 0.0345301115867 0.196999174606 0.393127231174 0.270054911266 0.0782381542856
0.0186935338913 0.0345301115867 0.196999174606 0.393127231174 0.270054911266 0.0782381542856
0.00904369890891 0.0167053842608 0.0953054635762 0.190157511282 0.130632304663 0.394464278291
0.0186935338913 0.0345301115867 0.196999174606 0.393127231174 0.270054911266 0.0782381542856
0.0186935338913 0.0345301115867 0.196999174606 0.393127231174 0.270054911266 0.0782381542856
0.0186935338913 0.0345301115867 0.196999174606 0.393127231174 0.270054911266 0.0782381542856
0.0186935338913 0.0345301115867 0.196999174606 0.393127231174 0.270054911266 0.0782381542856
0.0186935338913 0.0345301115867 0.196999174606 0.393127231174 0.270054911266 0.0782381542856
0.0186935338913 0.0345301115867 0.196999174606 0.393127231174 0.270054911266 0.0782381542856
0.0186935338913 0.0345301115867 0.196999174606 0.393127231174 0.270054911266 0.0782381542856
0.0186935338913 0.0345301115867 0.196999174606 0.393127231174 0.270054911266 0.0782381542856
0.0186935338913 0.0345301115867 0.196999174606 0.393127231174 0.270054911266 0.0782381542856
0.0186935338913 0.0345301115867 0.196999174606 0.393127231174 0.270054911266 0.0782381542856
0.0186935338913 0.0345301115867 0.196999174606 0.393127231174 0.270054911266 0.0782381542856
0.0186935338913 0.0345301115867 0.196999174606 0.393127231174 0.270054911266 0.0782381542856
0.0186935338913 0.0345301115867 0.196999174606 0.393127231174 0.270054911266 0.0782381542856
0.0186935338913 0.0345301115867 0.196999174606 0.393127231174 0.270054911266 0.0782381542856
0.0186935338913 0.0345301115867 0.196999174606 0.393127231174 0.270054911266 0.0782381542856
0.0186935338913 0.0345301115867 0.196999174606 0.393127231174 0.270054911266 0.0782381542856
0.0186935338913 0.0345301115867 0.196999174606 0.393127231174 0.270054911266 0.0782381542856
0.0186935338913 0.0345301115867 0.196999174606 0.393127231174 0.270054911266 0.0782381542856
0.0186935338913 0.0345301115867 0.196999174606 0.393127231174 0.270054911266 0.0782381542856
0.0186935338913 0.0345301115867 0.196999174606 0.393127231174 0.270054911266 0.0782381542856
0.0186935338913 0.0345301115867 0.196999174606 0.393127231174 0.270054911266 0.0782381542856
0.0186935338913 0.0345301115867 0.196999174606 0.393127231174 0.270054911266 0.0782381542856
0.0186935338913 0.0345301115867 0.196999174606 0.393127231174 0.270054911266 0.0782381542856
0.0186935338913 0.0345301115867 0.196999174606 0.393127231174 0.270054911266 0.0782381542856
0.0186935338913 0.0345301115867 0.196999174606 0.393127231174 0.270054911266 0.0782381542856
0.0186935338913 0.0345301115867 0.196999174606 0.393127231174 0.270054911266 0.0782381542856
0.0186935338913 0.0345301115867 0.196999174606 0.393127231174 0.270054911266 0.0782381542856
0.0186935338913 0.0345301115867 0.196999174606 0.393127231174 0.270054911266 0.0782381542856
0.0186935338913 0.0345301115867 0.196999174606 0.393127231174 0.270054911266 0.0782381542856
0.0186935338913 0.0345301115867 0.196999174606 0.393127231174 0.270054911266 0.0782381542856
0.0186935338913 0.0345301115867 0.196999174606 0.393127231174 0.270054911266 0.0782381542856
0.0186935338913 0.0345301115867 0.196999174606 0.393127231174 0.270054911266 0.0782381542856
0.0186935338913 0.0345301115867 0.196999174606 0.393127231174 0.270054911266 0.0782381542856
0.0186935338913 0.0345301115867 0.196999174606 0.393127231174 0.270054911266 0.0782381542856
0.0186935338913 0.0345301115867 0.196999174606 0.393127231174 0.270054911266 0.0782381542856
0.0186935338913 0.0345301115867 0.196999174606 0.393127231174 0.270054911266 0.0782381542856
0.0186935338913 0.0345301115867 0.196999174606 0.393127231174 0.270054911266 0.0782381542856
0.0186935338913 0.0345301115867 0.196999174606 0.393127231174 0.270054911266 0.0782381542856
0.0186935338913 0.0345301115867 0.196999174606 0.393127231174 0.270054911266 0.0782381542856
0.0186935338913 0.0345301115867 0.196999174606 0.393127231174 0.270054911266 0.0782381542856
0.0186935338913 0.0345301115867 0.196999174606 0.393127231174 0.270054911266 0.0782381542856
0.0186935338913 0.0345301115867 0.196999174606 0.393127231174 0.270054911266 0.0782381542856
0.0186935338913 0.0345301115867 0.196999174606 0.393127231174 0.270054911266 0.0782381542856
0.0165818714796 0.0306295467832 0.174745655507 0.348711598267 0.239545220869 0.0693087638494
0.0186935338913 0.0345301115867 0.196999174606 0.393127231174 0.270054911266 0.0782381542856
0.0186935338913 0.0345301115867 0.196999174606 0.393127231174 0.270054911266 0.0782381542856
0.0186935338913 0.0345301115867 0.196999174606 0.393127231174 0.270054911266 0.0782381542856
0.0186935338913 0.0345301115867 0.196999174606 0.393127231174 0.270054911266 0.0782381542856
0.0186935338913 0.0345301115867 0.196999174606 0.393127231174 0.270054911266 0.0782381542856
0.0186935338913 0.0345301115867 0.196999174606 0.393127231174 0.270054911266 0.0782381542856
0.0196984433245 0.0363863336535 0.207589300727 0.414263984969 0.284574029244 0.0824875213403
0.0186935338913 0.0345301115867 0.196999174606 0.393127231174 0.270054911266 0.0782381542856
0.0186935338913 0.0345301115867 0.196999174606 0.393127231174 0.270054911266 0.0782381542856
0.0186935338913 0.0345301115867 0.196999174606 0.393127231174 0.270054911266 0.0782381542856
0.0186935338913 0.0345301115867 0.196999174606 0.393127231174 0.270054911266 0.0782381542856
0.0186935338913 0.0345301115867 0.196999174606 0.393127231174 0.270054911266 0.0782381542856
0.0186935338913 0.0345301115867 0.196999174606 0.393127231174 0.270054911266 0.0782381542856
0.0186935338913 0.0345301115867 0.196999174606 0.393127231174 0.270054911266 0.0782381542856
0.0186935338913 0.0345301115867 0.196999174606 0.393127231174 0.270054911266 0.0782381542856
0.0186935338913 0.0345301115867 0.196999174606 0.393127231174 0.270054911266 0.0782381542856
0.0186935338913 0.0345301115867 0.196999174606 0.393127231174 0.270054911266 0.0782381542856
0.0186935338913 0.0345301115867 0.196999174606 0.393127231174 0.270054911266 0.0782381542856
0.0186935338913 0.0345301115867 0.196999174606 0.393127231174 0.270054911266 0.0782381542856
0.0186935338913 0.0345301115867 0.196999174606 0.393127231174 0.270054911266 0.0782381542856
0.0186935338913 0.0345301115867 0.196999174606 0.393127231174 0.270054911266 0.0782381542856
0.0186935338913 0.0345301115867 0.196999174606 0.393127231174 0.270054911266 0.0782381542856
0.0193494537115 0.035741696237 0.203911512565 0.406923514988 0.279531762551 0.0810117814228
0.0186935338913 0.0345301115867 0.196999174606 0.393127231174 0.270054911266 0.0782381542856
0.0186935338913 0.0345301115867 0.196999174606 0.393127231174 0.270054911266 0.0782381542856
0.0186935338913 0.0345301115867 0.196999174606 0.393127231174 0.270054911266 0.0782381542856
0.0186935338913 0.0345301115867 0.196999174606 0.393127231174 0.270054911266 0.0782381542856
0.0186935338913 0.0345301115867 0.196999174606 0.393127231174 0.270054911266 0.0782381542856
0.0186935338913 0.0345301115867 0.196999174606 0.393127231174 0.270054911266 0.0782381542856
0.0186935338913 0.0345301115867 0.196999174606 0.393127231174 0.270054911266 0.0782381542856
0.0186935338913 0.0345301115867 0.196999174606 0.393127231174 0.270054911266 0.0782381542856
0.0176316031854 0.0325685624716 0.185808136155 0.37079112094 0.254711939359 0.0737476666791
0.0186935338913 0.0345301115867 0.196999174606 0.393127231174 0.270054911266 0.0782381542856
0.0186935338913 0.0345301115867 0.196999174606 0.393127231174 0.270054911266 0.0782381542856
0.0186935338913 0.0345301115867 0.196999174606 0.393127231174 0.270054911266 0.0782381542856
0.0186935338913 0.0345301115867 0.196999174606 0.393127231174 0.270054911266 0.0782381542856
0.0186935338913 0.0345301115867 0.196999174606 0.393127231174 0.270054911266 0.0782381542856
0.0186935338913 0.0345301115867 0.196999174606 0.393127231174 0.270054911266 0.0782381542856
0.0186935338913 0.0345301115867 0.196999174606 0.393127231174 0.270054911266 0.0782381542856
0.0186935338913 0.0345301115867 0.196999174606 0.393127231174 0.270054911266 0.0782381542856
0.0186935338913 0.0345301115867 0.196999174606 0.393127231174 0.270054911266 0.0782381542856
0.0186935338913 0.0345301115867 0.196999174606 0.393127231174 0.270054911266 0.0782381542856
0.0186935338913 0.0345301115867 0.196999174606 0.393127231174 0.270054911266 0.0782381542856
0.0186935338913 0.0345301115867 0.196999174606 0.393127231174 0.270054911266 0.0782381542856
0.0186935338913 0.0345301115867 0.196999174606 0.393127231174 0.270054911266 0.0782381542856
0.0186935338913 0.0345301115867 0.196999174606 0.393127231174 0.270054911266 0.0782381542856
0.0186935338913 0.0345301115867 0.196999174606 0.393127231174 0.270054911266 0.0782381542856
0.0186935338913 0.0345301115867 0.196999174606 0.393127231174 0.270054911266 0.0782381542856
0.0186935338913 0.0345301115867 0.196999174606 0.393127231174 0.270054911266 0.0782381542856
0.0186935338913 0.0345301115867 0.196999174606 0.393127231174 0.270054911266 0.0782381542856
0.0183190081449 0.0338383050099 0.193052276747 0.385249647156 0.264643693779 0.0766544320962
0.0186935338913 0.0345301115867 0.196999174606 0.393127231174 0.270054911266 0.0782381542856
0.0426522954781 0.0090121770253 0.196999174606 0.393127231174 0.270054911266 0.0782381542856
0.0186935338913 0.0345301115867 0.196999174606 0.393127231174 0.270054911266 0.0782381542856
0.0186935338913 0.0345301115867 0.196999174606 0.393127231174 0.270054911266 0.0782381542856
0.0186935338913 0.0345301115867 0.196999174606 0.393127231174 0.270054911266 0.0782381542856
0.0186935338913 0.0345301115867 0.196999174606 0.393127231174 0.270054911266 0.0782381542856
0.0186935338913 0.0345301115867 0.196999174606 0.393127231174 0.270054911266 0.0782381542856
0.0186935338913 0.0345301115867 0.196999174606 0.393127231174 0.270054911266 0.0782381542856
0.0186935338913 0.0345301115867 0.196999174606 0.393127231174 0.270054911266 0.0782381542856
0.0186935338913 0.0345301115867 0.196999174606 0.393127231174 0.270054911266 0.0782381542856
0.0186935338913 0.0345301115867 0.196999174606 0.393127231174 0.270054911266 0.0782381542856
0.0186935338913 0.0345301115867 0.196999174606 0.393127231174 0.270054911266 0.0782381542856
0.0186935338913 0.0345301115867 0.196999174606 0.393127231174 0.270054911266 0.0782381542856
0.0186935338913 0.0345301115867 0.196999174606 0.393127231174 0.270054911266 0.0782381542856
0.0186935338913 0.0345301115867 0.196999174606 0.393127231174 0.270054911266 0.0782381542856
0.0186935338913 0.0345301115867 0.196999174606 0.393127231174 0.270054911266 0.0782381542856
0.0186935338913 0.0345301115867 0.196999174606 0.393127231174 0.270054911266 0.0782381542856
0.0186935338913 0.0345301115867 0.196999174606 0.393127231174 0.270054911266 0.0782381542856
0.0186935338913 0.0345301115867 0.196999174606 0.393127231174 0.270054911266 0.0782381542856
0.0186935338913 0.0345301115867 0.196999174606 0.393127231174 0.270054911266 0.0782381542856
0.0186935338913 0.0345301115867 0.196999174606 0.393127231174 0.270054911266 0.0782381542856
0.0186935338913 0.0345301115867 0.196999174606 0.393127231174 0.270054911266 0.0782381542856
0.0186935338913 0.0345301115867 0.196999174606 0.393127231174 0.270054911266 0.0782381542856
0.0186935338913 0.0345301115867 0.196999174606 0.393127231174 0.270054911266 0.0782381542856
0.0186935338913 0.0345301115867 0.196999174606 0.393127231174 0.270054911266 0.0782381542856
0.0186935338913 0.0345301115867 0.196999174606 0.393127231174 0.270054911266 0.0782381542856
0.0186935338913 0.0345301115867 0.196999174606 0.393127231174 0.270054911266 0.0782381542856
0.0186935338913 0.0345301115867 0.196999174606 0.393127231174 0.270054911266 0.0782381542856
0.0186935338913 0.0345301115867 0.196999174606 0.393127231174 0.270054911266 0.0782381542856
0.0186935338913 0.0345301115867 0.196999174606 0.393127231174 0.270054911266 0.0782381542856
0.0186935338913 0.0345301115867 0.196999174606 0.393127231174 0.270054911266 0.0782381542856
0.0186935338913 0.0345301115867 0.196999174606 0.393127231174 0.270054911266 0.0782381542856
0.0186935338913 0.0345301115867 0.196999174606 0.393127231174 0.270054911266 0.0782381542856
0.0186935338913 0.0345301115867 0.196999174606 0.393127231174 0.270054911266 0.0782381542856
0.0186935338913 0.0345301115867 0.196999174606 0.393127231174 0.270054911266 0.0782381542856
0.0186935338913 0.0345301115867 0.196999174606 0.393127231174 0.270054911266 0.0782381542856
0.0186935338913 0.0345301115867 0.196999174606 0.393127231174 0.270054911266 0.0782381542856
0.0186935338913 0.0345301115867 0.196999174606 0.393127231174 0.270054911266 0.0782381542856
0.0186935338913 0.0345301115867 0.196999174606 0.393127231174 0.270054911266 0.0782381542856
0.0186935338913 0.0345301115867 0.196999174606 0.393127231174 0.270054911266 0.0782381542856
0.0186935338913 0.0345301115867 0.196999174606 0.393127231174 0.270054911266 0.0782381542856
0.0186935338913 0.0345301115867 0.196999174606 0.393127231174 0.270054911266 0.0782381542856
0.0186935338913 0.0345301115867 0.196999174606 0.393127231174 0.270054911266 0.0782381542856
0.0186935338913 0.0345301115867 0.196999174606 0.393127231174 0.270054911266 0.0782381542856
0.0186935338913 0.0345301115867 0.196999174606 0.393127231174 0.270054911266 0.0782381542856
0.0186935338913 0.0345301115867 0.196999174606 0.393127231174 0.270054911266 0.0782381542856
0.0186935338913 0.0345301115867 0.196999174606 0.393127231174 0.270054911266 0.0782381542856
0.0186935338913 0.0345301115867 0.196999174606 0.393127231174 0.270054911266 0.0782381542856
0.0186935338913 0.0345301115867 0.196999174606 0.393127231174 0.270054911266 0.0782381542856
0.0186935338913 0.0345301115867 0.196999174606 0.393127231174 0.270054911266 0.0782381542856
0.0186935338913 0.0345301115867 0.196999174606 0.393127231174 0.270054911266 0.0782381542856
0.0186935338913 0.0345301115867 0.196999174606 0.393127231174 0.270054911266 0.0782381542856
0.0186935338913 0.0345301115867 0.196999174606 0.393127231174 0.270054911266 0.0782381542856
0.0186935338913 0.0345301115867 0.196999174606 0.393127231174 0.270054911266 0.0782381542856
0.0186935338913 0.0345301115867 0.196999174606 0.393127231174 0.270054911266 0.0782381542856
0.0186935338913 0.0345301115867 0.196999174606 0.393127231174 0.270054911266 0.0782381542856
0.0186935338913 0.0345301115867 0.196999174606 0.393127231174 0.270054911266 0.0782381542856
0.0186935338913 0.0345301115867 0.196999174606 0.393127231174 0.270054911266 0.0782381542856
0.0186935338913 0.0345301115867 0.196999174606 0.393127231174 0.270054911266 0.0782381542856
0.0186935338913 0.0345301115867 0.196999174606 0.393127231174 0.270054911266 0.0782381542856
0.0186935338913 0.0345301115867 0.196999174606 0.393127231174 0.270054911266 0.0782381542856
0.0186935338913 0.0345301115867 0.196999174606 0.393127231174 0.270054911266 0.0782381542856
0.0186935338913 0.0345301115867 0.196999174606 0.393127231174 0.270054911266 0.0782381542856
0.0186935338913 0.0345301115867 0.196999174606 0.393127231174 0.270054911266 0.0782381542856
0.0186935338913 0.0345301115867 0.196999174606 0.393127231174 0.270054911266 0.0782381542856
0.0186935338913 0.0345301115867 0.196999174606 0.393127231174 0.270054911266 0.0782381542856
0.0186935338913 0.0345301115867 0.196999174606 0.393127231174 0.270054911266 0.0782381542856
0.0186935338913 0.0345301115867 0.196999174606 0.393127231174 0.270054911266 0.0782381542856
0.0186935338913 0.0345301115867 0.196999174606 0.393127231174 0.270054911266 0.0782381542856
0.0186935338913 0.0345301115867 0.196999174606 0.393127231174 0.270054911266 0.0782381542856
0.0186935338913 0.0345301115867 0.196999174606 0.393127231174 0.270054911266 0.0782381542856
0.0174007057919 0.0321420595223 0.183374849694 0.365934542628 0.251375890968 0.0727712923466
0.0186935338913 0.0345301115867 0.196999174606 0.393127231174 0.270054911266 0.0782381542856
0.0186935338913 0.0345301115867 0.196999174606 0.393127231174 0.270054911266 0.0782381542856
0.0186935338913 0.0345301115867 0.196999174606 0.393127231174 0.270054911266 0.0782381542856
0.0186935338913 0.0345301115867 0.196999174606 0.393127231174 0.270054911266 0.0782381542856
0.0186935338913 0.0345301115867 0.196999174606 0.393127231174 0.270054911266 0.0782381542856
0.0186935338913 0.0345301115867 0.196999174606 0.393127231174 0.270054911266 0.0782381542856
0.0186935338913 0.0345301115867 0.196999174606 0.393127231174 0.270054911266 0.0782381542856
0.0186935338913 0.0345301115867 0.196999174606 0.393127231174 0.270054911266 0.0782381542856
0.0186935338913 0.0345301115867 0.196999174606 0.393127231174 0.270054911266 0.0782381542856
0.0186935338913 0.0345301115867 0.196999174606 0.393127231174 0.270054911266 0.0782381542856
0.0186935338913 0.0345301115867 0.196999174606 0.393127231174 0.270054911266 0.0782381542856
0.0186935338913 0.0345301115867 0.196999174606 0.393127231174 0.270054911266 0.0782381542856
0.0188879088882 0.0348891520599 0.199047573858 0.397215615975 0.272863277292 0.0790600897564
0.0186935338913 0.0345301115867 0.196999174606 0.393127231174 0.270054911266 0.0782381542856
0.0186935338913 0.0345301115867 0.196999174606 0.393127231174 0.270054911266 0.0782381542856
0.0186935338913 0.0345301115867 0.196999174606 0.393127231174 0.270054911266 0.0782381542856
0.0186935338913 0.0345301115867 0.196999174606 0.393127231174 0.270054911266 0.0782381542856
0.0186935338913 0.0345301115867 0.196999174606 0.393127231174 0.270054911266 0.0782381542856
0.0186935338913 0.0345301115867 0.196999174606 0.393127231174 0.270054911266 0.0782381542856
0.0186935338913 0.0345301115867 0.196999174606 0.393127231174 0.270054911266 0.0782381542856
0.0186935338913 0.0345301115867 0.196999174606 0.393127231174 0.270054911266 0.0782381542856
0.0186935338913 0.0345301115867 0.196999174606 0.393127231174 0.270054911266 0.0782381542856
0.0186935338913 0.0345301115867 0.196999174606 0.393127231174 0.270054911266 0.0782381542856
0.0186935338913 0.0345301115867 0.196999174606 0.393127231174 0.270054911266 0.0782381542856
0.0186935338913 0.0345301115867 0.196999174606 0.393127231174 0.270054911266 0.0782381542856
0.0186935338913 0.0345301115867 0.196999174606 0.393127231174 0.270054911266 0.0782381542856
0.0186935338913 0.0345301115867 0.196999174606 0.393127231174 0.270054911266 0.0782381542856
0.0186935338913 0.0345301115867 0.196999174606 0.393127231174 0.270054911266 0.0782381542856
0.0186935338913 0.0345301115867 0.196999174606 0.393127231174 0.270054911266 0.0782381542856
0.0186935338913 0.0345301115867 0.196999174606 0.393127231174 0.270054911266 0.0782381542856
0.0202439942365 0.0373940499788 0.213338528242 0.425738825316 0.292456250062 0.0847944417406
0.0186935338913 0.0345301115867 0.196999174606 0.393127231174 0.270054911266 0.0782381542856
0.0186935338913 0.0345301115867 0.196999174606 0.393127231174 0.270054911266 0.0782381542856
0.0186935338913 0.0345301115867 0.196999174606 0.393127231174 0.270054911266 0.0782381542856
0.0186935338913 0.0345301115867 0.196999174606 0.393127231174 0.270054911266 0.0782381542856
0.0178967471113 0.033058324026 0.188602325882 0.376368023391 0.258542788004 0.0748688561376
0.0186935338913 0.0345301115867 0.196999174606 0.393127231174 0.270054911266 0.0782381542856
0.0186935338913 0.0345301115867 0.196999174606 0.393127231174 0.270054911266 0.0782381542856
0.0186935338913 0.0345301115867 0.196999174606 0.393127231174 0.270054911266 0.0782381542856
0.0186935338913 0.0345301115867 0.196999174606 0.393127231174 0.270054911266 0.0782381542856
0.0186935338913 0.0345301115867 0.196999174606 0.393127231174 0.270054911266 0.0782381542856
0.0186935338913 0.0345301115867 0.196999174606 0.393127231174 0.270054911266 0.0782381542856
0.0186935338913 0.0345301115867 0.196999174606 0.393127231174 0.270054911266 0.0782381542856
0.0186935338913 0.0345301115867 0.196999174606 0.393127231174 0.270054911266 0.0782381542856
0.0186935338913 0.0345301115867 0.196999174606 0.393127231174 0.270054911266 0.0782381542856
0.0186935338913 0.0345301115867 0.196999174606 0.393127231174 0.270054911266 0.0782381542856
0.0186935338913 0.0345301115867 0.196999174606 0.393127231174 0.270054911266 0.0782381542856
0.0186935338913 0.0345301115867 0.196999174606 0.393127231174 0.270054911266 0.0782381542856
0.0186935338913 0.0345301115867 0.196999174606 0.393127231174 0.270054911266 0.0782381542856
0.0186935338913 0.0345301115867 0.196999174606 0.393127231174 0.270054911266 0.0782381542856
0.0186935338913 0.0345301115867 0.196999174606 0.393127231174 0.270054911266 0.0782381542856
0.0186935338913 0.0345301115867 0.196999174606 0.393127231174 0.270054911266 0.0782381542856
0.0186935338913 0.0345301115867 0.196999174606 0.393127231174 0.270054911266 0.0782381542856
0.0186935338913 0.0345301115867 0.196999174606 0.393127231174 0.270054911266 0.0782381542856
0.0186935338913 0.0345301115867 0.196999174606 0.393127231174 0.270054911266 0.0782381542856
0.0186935338913 0.0345301115867 0.196999174606 0.393127231174 0.270054911266 0.0782381542856
0.0186935338913 0.0345301115867 0.196999174606 0.393127231174 0.270054911266 0.0782381542856
0.0186935338913 0.0345301115867 0.196999174606 0.393127231174 0.270054911266 0.0782381542856
0.0186935338913 0.0345301115867 0.196999174606 0.393127231174 0.270054911266 0.0782381542856
0.0186935338913 0.0345301115867 0.196999174606 0.393127231174 0.270054911266 0.0782381542856
0.0186935338913 0.0345301115867 0.196999174606 0.393127231174 0.270054911266 0.0782381542856
0.0186935338913 0.0345301115867 0.196999174606 0.393127231174 0.270054911266 0.0782381542856
0.0186935338913 0.0345301115867 0.196999174606 0.393127231174 0.270054911266 0.0782381542856
0.0186935338913 0.0345301115867 0.196999174606 0.393127231174 0.270054911266 0.0782381542856
0.0186935338913 0.0345301115867 0.196999174606 0.393127231174 0.270054911266 0.0782381542856
0.0186935338913 0.0345301115867 0.196999174606 0.393127231174 0.270054911266 0.0782381542856
0.0171532371571 0.0316849469453 0.180766929053 0.360729413258 0.247800418209 0.0717248447476
0.0186935338913 0.0345301115867 0.196999174606 0.393127231174 0.270054911266 0.0782381542856
0.0186935338913 0.0345301115867 0.196999174606 0.393127231174 0.270054911266 0.0782381542856
0.0186935338913 0.0345301115867 0.196999174606 0.393127231174 0.270054911266 0.0782381542856
0.0186935338913 0.0345301115867 0.196999174606 0.393127231174 0.270054911266 0.0782381542856
0.0186935338913 0.0345301115867 0.196999174606 0.393127231174 0.270054911266 0.0782381542856
0.0186935338913 0.0345301115867 0.196999174606 0.393127231174 0.270054911266 0.0782381542856
0.0186935338913 0.0345301115867 0.196999174606 0.393127231174 0.270054911266 0.0782381542856
0.0186935338913 0.0345301115867 0.196999174606 0.393127231174 0.270054911266 0.0782381542856
0.0178696887741 0.0330083431213 0.18831717461 0.375798892092 0.258151844127 0.0747544370638
0.0186935338913 0.0345301115867 0.196999174606 0.393127231174 0.270054911266 0.0782381542856
0.0186935338913 0.0345301115867 0.196999174606 0.393127231174 0.270054911266 0.0782381542856
0.0186935338913 0.0345301115867 0.196999174606 0.393127231174 0.270054911266 0.0782381542856
0.0186935338913 0.0345301115867 0.196999174606 0.393127231174 0.270054911266 0.0782381542856
0.0186935338913 0.0345301115867 0.196999174606 0.393127231174 0.270054911266 0.0782381542856
0.0186935338913 0.0345301115867 0.196999174606 0.393127231174 0.270054911266 0.0782381542856
0.0186935338913 0.0345301115867 0.196999174606 0.393127231174 0.270054911266 0.0782381542856
0.0186935338913 0.0345301115867 0.196999174606 0.393127231174 0.270054911266 0.0782381542856
0.0186935338913 0.0345301115867 0.196999174606 0.393127231174 0.270054911266 0.0782381542856
0.0186935338913 0.0345301115867 0.196999174606 0.393127231174 0.270054911266 0.0782381542856
0.0186935338913 0.0345301115867 0.196999174606 0.393127231174 0.270054911266 0.0782381542856
0.0186935338913 0.0345301115867 0.196999174606 0.393127231174 0.270054911266 0.0782381542856
0.0186935338913 0.0345301115867 0.196999174606 0.393127231174 0.270054911266 0.0782381542856
0.0186935338913 0.0345301115867 0.196999174606 0.393127231174 0.270054911266 0.0782381542856
0.0186935338913 0.0345301115867 0.196999174606 0.393127231174 0.270054911266 0.0782381542856
0.0186935338913 0.0345301115867 0.196999174606 0.393127231174 0.270054911266 0.0782381542856
0.0186935338913 0.0345301115867 0.196999174606 0.393127231174 0.270054911266 0.0782381542856
0.0186935338913 0.0345301115867 0.196999174606 0.393127231174 0.270054911266 0.0782381542856
0.0186935338913 0.0345301115867 0.196999174606 0.393127231174 0.270054911266 0.0782381542856
0.0186935338913 0.0345301115867 0.196999174606 0.393127231174 0.270054911266 0.0782381542856
0.0212713295459 0.0392916960831 0.224164986961 0.44734727358 0.30729938126 0.0891386390118
0.0186935338913 0.0345301115867 0.196999174606 0.393127231174 0.270054911266 0.0782381542856
0.0186935338913 0.0345301115867 0.196999174606 0.393127231174 0.270054911266 0.0782381542856
0.0186935338913 0.0345301115867 0.196999174606 0.393127231174 0.270054911266 0.0782381542856
0.0186935338913 0.0345301115867 0.196999174606 0.393127231174 0.270054911266 0.0782381542856
0.0186935338913 0.0345301115867 0.196999174606 0.393127231174 0.270054911266 0.0782381542856
0.0186935338913 0.0345301115867 0.196999174606 0.393127231174 0.270054911266 0.0782381542856
0.0186935338913 0.0345301115867 0.196999174606 0.393127231174 0.270054911266 0.0782381542856
0.0186935338913 0.0345301115867 0.196999174606 0.393127231174 0.270054911266 0.0782381542856
0.0186935338913 0.0345301115867 0.196999174606 0.393127231174 0.270054911266 0.0782381542856
0.0186935338913 0.0345301115867 0.196999174606 0.393127231174 0.270054911266 0.0782381542856
0.0186935338913 0.0345301115867 0.196999174606 0.393127231174 0.270054911266 0.0782381542856
0.0186935338913 0.0345301115867 0.196999174606 0.393127231174 0.270054911266 0.0782381542856
0.0186935338913 0.0345301115867 0.196999174606 0.393127231174 0.270054911266 0.0782381542856
0.0200915096676 0.0371123875601 0.211731586599 0.422531542467 0.290253124713 0.0841496444267
0.0186935338913 0.0345301115867 0.196999174606 0.393127231174 0.270054911266 0.0782381542856
0.0186935338913 0.0345301115867 0.196999174606 0.393127231174 0.270054911266 0.0782381542856
0.0186935338913 0.0345301115867 0.196999174606 0.393127231174 0.270054911266 0.0782381542856
0.0186935338913 0.0345301115867 0.196999174606 0.393127231174 0.270054911266 0.0782381542856
0.0186935338913 0.0345301115867 0.196999174606 0.393127231174 0.270054911266 0.0782381542856
0.0186935338913 0.0345301115867 0.196999174606 0.393127231174 0.270054911266 0.0782381542856
0.0186935338913 0.0345301115867 0.196999174606 0.393127231174 0.270054911266 0.0782381542856
0.0186935338913 0.0345301115867 0.196999174606 0.393127231174 0.270054911266 0.0782381542856
0.0186935338913 0.0345301115867 0.196999174606 0.393127231174 0.270054911266 0.0782381542856
0.0186935338913 0.0345301115867 0.196999174606 0.393127231174 0.270054911266 0.0782381542856
0.0186935338913 0.0345301115867 0.196999174606 0.393127231174 0.270054911266 0.0782381542856
0.0186935338913 0.0345301115867 0.196999174606 0.393127231174 0.270054911266 0.0782381542856
0.0186935338913 0.0345301115867 0.196999174606 0.393127231174 0.270054911266 0.0782381542856
0.0186935338913 0.0345301115867 0.196999174606 0.393127231174 0.270054911266 0.0782381542856
0.0186935338913 0.0345301115867 0.196999174606 0.393127231174 0.270054911266 0.0782381542856
0.0186935338913 0.0345301115867 0.196999174606 0.393127231174 0.270054911266 0.0782381542856
0.0186935338913 0.0345301115867 0.196999174606 0.393127231174 0.270054911266 0.0782381542856
0.0186935338913 0.0345301115867 0.196999174606 0.393127231174 0.270054911266 0.0782381542856
0.0186935338913 0.0345301115867 0.196999174606 0.393127231174 0.270054911266 0.0782381542856
0.0186935338913 0.0345301115867 0.196999174606 0.393127231174 0.270054911266 0.0782381542856
0.0186935338913 0.0345301115867 0.196999174606 0.393127231174 0.270054911266 0.0782381542856
0.0186935338913 0.0345301115867 0.196999174606 0.393127231174 0.270054911266 0.0782381542856
0.0186935338913 0.0345301115867 0.196999174606 0.393127231174 0.270054911266 0.0782381542856
0.0186935338913 0.0345301115867 0.196999174606 0.393127231174 0.270054911266 0.0782381542856
0.0186935338913 0.0345301115867 0.196999174606 0.393127231174 0.270054911266 0.0782381542856
0.0193927057038 0.0358215893098 0.204367318868 0.407833255391 0.280156675362 0.0811946770998
0.0186935338913 0.0345301115867 0.196999174606 0.393127231174 0.270054911266 0.0782381542856
0.0186935338913 0.0345301115867 0.196999174606 0.393127231174 0.270054911266 0.0782381542856
0.0186935338913 0.0345301115867 0.196999174606 0.393127231174 0.270054911266 0.0782381542856
0.0186935338913 0.0345301115867 0.196999174606 0.393127231174 0.270054911266 0.0782381542856
0.0186935338913 0.0345301115867 0.196999174606 0.393127231174 0.270054911266 0.0782381542856
0.0186935338913 0.0345301115867 0.196999174606 0.393127231174 0.270054911266 0.0782381542856
0.0186935338913 0.0345301115867 0.196999174606 0.393127231174 0.270054911266 0.0782381542856
0.0186935338913 0.0345301115867 0.196999174606 0.393127231174 0.270054911266 0.0782381542856
0.0186935338913 0.0345301115867 0.196999174606 0.393127231174 0.270054911266 0.0782381542856
0.0186935338913 0.0345301115867 0.196999174606 0.393127231174 0.270054911266 0.0782381542856
0.0186935338913 0.0345301115867 0.196999174606 0.393127231174 0.270054911266 0.0782381542856
0.0186935338913 0.0345301115867 0.196999174606 0.393127231174 0.270054911266 0.0782381542856
0.0186935338913 0.0345301115867 0.196999174606 0.393127231174 0.270054911266 0.0782381542856
0.0186935338913 0.0345301115867 0.196999174606 0.393127231174 0.270054911266 0.0782381542856
0.0186935338913 0.0345301115867 0.196999174606 0.393127231174 0.270054911266 0.0782381542856
0.0186935338913 0.0345301115867 0.196999174606 0.393127231174 0.270054911266 0.0782381542856
0.0186935338913 0.0345301115867 0.196999174606 0.393127231174 0.270054911266 0.0782381542856
0.0186935338913 0.0345301115867 0.196999174606 0.393127231174 0.270054911266 0.0782381542856
0.0186935338913 0.0345301115867 0.196999174606 0.393127231174 0.270054911266 0.0782381542856
0.0186935338913 0.0345301115867 0.196999174606 0.393127231174 0.270054911266 0.0782381542856
0.0186935338913 0.0345301115867 0.196999174606 0.393127231174 0.270054911266 0.0782381542856
0.0186935338913 0.0345301115867 0.196999174606 0.393127231174 0.270054911266 0.0782381542856
0.0186935338913 0.0345301115867 0.196999174606 0.393127231174 0.270054911266 0.0782381542856
0.0186935338913 0.0345301115867 0.196999174606 0.393127231174 0.270054911266 0.0782381542856
0.0186935338913 0.0345301115867 0.196999174606 0.393127231174 0.270054911266 0.0782381542856
0.0186935338913 0.0345301115867 0.196999174606 0.393127231174 0.270054911266 0.0782381542856
0.0186935338913 0.0345301115867 0.196999174606 0.393127231174 0.270054911266 0.0782381542856
0.0186935338913 0.0345301115867 0.196999174606 0.393127231174 0.270054911266 0.0782381542856
0.0186935338913 0.0345301115867 0.196999174606 0.393127231174 0.270054911266 0.0782381542856
0.0186935338913 0.0345301115867 0.196999174606 0.393127231174 0.270054911266 0.0782381542856
0.0186935338913 0.0345301115867 0.196999174606 0.393127231174 0.270054911266 0.0782381542856
0.0186935338913 0.0345301115867 0.196999174606 0.393127231174 0.270054911266 0.0782381542856
0.0186935338913 0.0345301115867 0.196999174606 0.393127231174 0.270054911266 0.0782381542856
0.0186935338913 0.0345301115867 0.196999174606 0.393127231174 0.270054911266 0.0782381542856
0.0186935338913 0.0345301115867 0.196999174606 0.393127231174 0.270054911266 0.0782381542856
0.0186935338913 0.0345301115867 0.196999174606 0.393127231174 0.270054911266 0.0782381542856
0.0186935338913 0.0345301115867 0.196999174606 0.393127231174 0.270054911266 0.0782381542856
0.0186935338913 0.0345301115867 0.196999174606 0.393127231174 0.270054911266 0.0782381542856
0.0186935338913 0.0345301115867 0.196999174606 0.393127231174 0.270054911266 0.0782381542856
0.0186935338913 0.0345301115867 0.196999174606 0.393127231174 0.270054911266 0.0782381542856
0.0186935338913 0.0345301115867 0.196999174606 0.393127231174 0.270054911266 0.0782381542856
0.0186935338913 0.0345301115867 0.196999174606 0.393127231174 0.270054911266 0.0782381542856
0.0186935338913 0.0345301115867 0.196999174606 0.393127231174 0.270054911266 0.0782381542856
0.0186935338913 0.0345301115867 0.196999174606 0.393127231174 0.270054911266 0.0782381542856
0.0186935338913 0.0345301115867 0.196999174606 0.393127231174 0.270054911266 0.0782381542856
0.0186935338913 0.0345301115867 0.196999174606 0.393127231174 0.270054911266 0.0782381542856
0.0186935338913 0.0345301115867 0.196999174606 0.393127231174 0.270054911266 0.0782381542856
0.0186935338913 0.0345301115867 0.196999174606 0.393127231174 0.270054911266 0.0782381542856
0.0186935338913 0.0345301115867 0.196999174606 0.393127231174 0.270054911266 0.0782381542856
0.0186935338913 0.0345301115867 0.196999174606 0.393127231174 0.270054911266 0.0782381542856
0.0186935338913 0.0345301115867 0.196999174606 0.393127231174 0.270054911266 0.0782381542856
0.0186935338913 0.0345301115867 0.196999174606 0.393127231174 0.270054911266 0.0782381542856
0.0186935338913 0.0345301115867 0.196999174606 0.393127231174 0.270054911266 0.0782381542856
0.0186935338913 0.0345301115867 0.196999174606 0.393127231174 0.270054911266 0.0782381542856
0.0186935338913 0.0345301115867 0.196999174606 0.393127231174 0.270054911266 0.0782381542856
0.0186935338913 0.0345301115867 0.196999174606 0.393127231174 0.270054911266 0.0782381542856
0.0186935338913 0.0345301115867 0.196999174606 0.393127231174 0.270054911266 0.0782381542856
0.0186935338913 0.0345301115867 0.196999174606 0.393127231174 0.270054911266 0.0782381542856
0.0186935338913 0.0345301115867 0.196999174606 0.393127231174 0.270054911266 0.0782381542856
0.0186935338913 0.0345301115867 0.196999174606 0.393127231174 0.270054911266 0.0782381542856
0.0186935338913 0.0345301115867 0.196999174606 0.393127231174 0.270054911266 0.0782381542856
0.0186935338913 0.0345301115867 0.196999174606 0.393127231174 0.270054911266 0.0782381542856
0.0186935338913 0.0345301115867 0.196999174606 0.393127231174 0.270054911266 0.0782381542856
0.0186935338913 0.0345301115867 0.196999174606 0.393127231174 0.270054911266 0.0782381542856
0.0186935338913 0.0345301115867 0.196999174606 0.393127231174 0.270054911266 0.0782381542856
0.0186935338913 0.0345301115867 0.196999174606 0.393127231174 0.270054911266 0.0782381542856
0.0186935338913 0.0345301115867 0.196999174606 0.393127231174 0.270054911266 0.0782381542856
0.0186935338913 0.0345301115867 0.196999174606 0.393127231174 0.270054911266 0.0782381542856
0.0186935338913 0.0345301115867 0.196999174606 0.393127231174 0.270054911266 0.0782381542856
