0.000383000764407 0.0011895766338 0.00040269069174 0.230908931704 0.458550397918 0.676458076288
0.14908005835 0.140129456376 0.00302128734547 0.0598670947877 0.68419216265 0.140598709496
0.00248485136515 0.00241510374658 0.0181666668234 0.00117685901993 0.127077860237 0.6733822189
0.00991130419158 0.0103665635312 0.0178379285209 0.00354934873023 0.698874983485 0.403865449711
0.0560880072074 0.042317706089 0.00455339127581 0.235951741366 0.561436134062 0.537935732874
0.0760349734216 0.0513650148605 0.167579201641 0.19408827465 0.141944848208 0.681301032993
0.180034367134 0.726312849503 0.269452571488 0.333885092247 0.17201422482 0.454579719546
0.275226785246 0.347030755861 0.273875407711 0.012190291589 0.427660044434 0.485948111233
0.00911147065995 0.0516418798273 0.0054825846523 0.000643293735041 0.164309224377 0.733447895382
0.0598059976672 0.201372768407 0.0857740567069 0.0323467458405 0.0277866360614 0.812826638176
0.17433343635 0.160707739309 0.229758324636 0.163180058176 0.624147466051 0.599381493377
0.663462650505 0.349251244285 0.218084620973 0.155126868614 0.500794281424 0.312751940649
0.288952872115 0.0379624672165 0.414306658947 0.068325148709 0.319024651921 0.609292338142
0.0358017075809 0.00685247433226 0.00210988887126 0.0560051640183 0.0239168232431 0.786666160464
0.228606457962 0.318926523752 0.00030966552334 0.170197940624 0.57675854576 0.644022146779
0.233726665275 0.576288141626 0.190448676703 0.00833500871369 0.385368861327 0.46012784631
0.00335263238695 0.172362217726 0.363928027934 0.20417990526 0.416453722287 0.566887619737
0.367785967455 0.0107942054901 0.18620081495 0.306208976878 0.263436346346 0.287386616438
9.27874891417e-05 0.000782789748377 0.000179989593849 0.00121276829574 0.0021355838476 0.754685787523
0.053025307309 0.0711755747716 0.468617129029 0.677245282113 0.201197560338 0.114689154473
0.119104543722 0.415621937138 0.201599106261 0.256095330589 0.583762154198 0.333804488344
0.0283815878199 0.016538186698 0.107296943777 0.769520260252 0.115797240201 0.364429389045
0.0423662348743 0.227941991629 0.272088682487 0.362437947332 0.651758584048 -0.000520414449327
0.0266462838312 0.0220449955179 0.0337590676743 0.824891104698 0.0795703714277 0.139010659996
0.314778168572 0.164070347602 0.724009866081 0.0465731281264 0.0418951035969 0.239320462068
0.011110051013 0.00224185742883 0.0054783970886 0.595631992924 0.617027426124 0.183181213401
0.101688088285 0.0614467956907 0.218141518615 0.298993539538 0.229811506069 0.69330412084
0.00160993866292 0.00327686731197 0.00355802946572 0.0180538057044 0.498096215209 0.576945789687
0.0470380900312 0.00682304771906 0.100468764044 0.61945250463 0.173102839836 0.598544824291
0.0270001963248 0.0297616309886 0.0143444837033 0.0169022444271 0.393188541703 0.661298984415
0.0291892603696 0.0014167489584 0.341921187434 0.154205409676 0.428601992449 0.55711185432
0.0305295825224 0.129225438448 0.765391494954 0.0229180771124 0.554554121926 0.193783823403
0.171013372326 0.633647598501 0.238262155063 0.214276563314 0.349827944826 0.334374246441
0.0229436757534 0.357119692529 0.103307924908 0.115484659053 0.524735094377 0.28709074408
0.238582420326 0.381876749429 0.268570385657 0.321092567478 0.165193726104 0.650654152503
0.0614019421379 0.00366362260383 0.0273990397657 0.055093774712 0.737966368915 0.0302146217019
0.0003821294101 0.000169743576767 4.40606398074e-05 0.00176446265608 0.0461712431866 0.745819240522
0.0433706003538 0.311567882984 0.26328150709 0.224971684146 0.316139111677 0.725933041999
0.00410819095755 0.000135447938889 0.00108256014186 0.00680319014413 0.00865450084334 0.792949383933
0.128943455452 0.0792606143341 0.195070124054 0.106261588561 0.76494426143 0.327772926565
0.0384874642198 0.162760448701 0.374370152927 0.363552525492 0.294440624623 0.50599777984
0.00253832434701 0.0170242486882 0.499096004567 0.632283531838 0.541513921059 0.224635160783
0.0183195571061 0.216516332729 0.267380522424 0.698005266655 0.173520847577 0.0329781562342
0.0245833387579 0.00529970271923 0.124878764177 0.129105371419 0.0207521409452 0.871045528256
0.60094723531 0.0684361592075 0.576156919558 0.13973114711 0.397094176893 0.262506285921
0.268874894788 0.153786378837 0.408655172364 0.384765746836 0.361132005123 0.228495693712
0.256409227814 0.865160388962 0.307469001791 0.344002088005 0.322176137613 0.0960927652189
3.11658225596e-05 0.000390025170721 0.000362848580174 0.00024213819457 0.294193192109 0.656796398745
0.323384784371 0.232165159854 0.382698083415 0.280115262369 0.276399598787 0.345342082733
0.00202329815777 0.162619362039 0.469442058269 0.0239991223006 0.548996678784 0.05757888005
0.000383000764407 0.0011895766338 0.00040269069174 0.230908931704 0.458550397918 0.676458076288
0.000383000764407 0.0011895766338 0.00040269069174 0.230908931704 0.458550397918 0.676458076288
0.000383000764407 0.0011895766338 0.00040269069174 0.230908931704 0.458550397918 0.676458076288
0.000383000764407 0.0011895766338 0.00040269069174 0.230908931704 0.458550397918 0.676458076288
0.000383000764407 0.0011895766338 0.00040269069174 0.230908931704 0.458550397918 0.676458076288
0.000383000764407 0.0011895766338 0.00040269069174 0.230908931704 0.458550397918 0.676458076288
0.000383000764407 0.0011895766338 0.00040269069174 0.230908931704 0.458550397918 0.676458076288
0.000383000764407 0.0011895766338 0.00040269069174 0.230908931704 0.458550397918 0.676458076288
0.000383000764407 0.0011895766338 0.00040269069174 0.230908931704 0.458550397918 0.676458076288
0.000383000764407 0.0011895766338 0.00040269069174 0.230908931704 0.458550397918 0.676458076288
0.000383000764407 0.0011895766338 0.00040269069174 0.230908931704 0.458550397918 0.676458076288
0.000383000764407 0.0011895766338 0.00040269069174 0.230908931704 0.458550397918 0.676458076288
0.000383000764407 0.0011895766338 0.00040269069174 0.230908931704 0.458550397918 0.676458076288
0.000383000764407 0.0011895766338 0.00040269069174 0.230908931704 0.458550397918 0.676458076288
0.000383000764407 0.0011895766338 0.00040269069174 0.230908931704 0.458550397918 0.676458076288
0.000383000764407 0.0011895766338 0.00040269069174 0.230908931704 0.458550397918 0.676458076288
0.000383000764407 0.0011895766338 0.00040269069174 0.230908931704 0.458550397918 0.676458076288
0.000383000764407 0.0011895766338 0.00040269069174 0.230908931704 0.458550397918 0.676458076288
0.000383000764407 0.0011895766338 0.00040269069174 0.230908931704 0.458550397918 0.676458076288
0.000383000764407 0.0011895766338 0.00040269069174 0.230908931704 0.458550397918 0.676458076288
0.000383000764407 0.0011895766338 0.00040269069174 0.230908931704 0.458550397918 0.676458076288
0.000383000764407 0.0011895766338 0.00040269069174 0.230908931704 0.458550397918 0.676458076288
0.000383000764407 0.0011895766338 0.00040269069174 0.230908931704 0.458550397918 0.676458076288
0.000383000764407 0.0011895766338 0.00040269069174 0.230908931704 0.458550397918 0.676458076288
0.000383000764407 0.0011895766338 0.00040269069174 0.230908931704 0.458550397918 0.676458076288
0.000383000764407 0.0011895766338 0.00040269069174 0.230908931704 0.458550397918 0.676458076288
0.000383000764407 0.0011895766338 0.00040269069174 0.230908931704 0.458550397918 0.676458076288
0.000383000764407 0.0011895766338 0.00040269069174 0.230908931704 0.458550397918 0.676458076288
0.000383000764407 0.0011895766338 0.00040269069174 0.230908931704 0.458550397918 0.676458076288
0.000383000764407 0.0011895766338 0.00040269069174 0.230908931704 0.458550397918 0.676458076288
0.000383000764407 0.0011895766338 0.00040269069174 0.230908931704 0.458550397918 0.676458076288
0.000383000764407 0.0011895766338 0.00040269069174 0.230908931704 0.458550397918 0.676458076288
0.000383000764407 0.0011895766338 0.00040269069174 0.230908931704 0.458550397918 0.676458076288
0.000383000764407 0.0011895766338 0.00040269069174 0.230908931704 0.458550397918 0.676458076288
0.000383000764407 0.0011895766338 0.00040269069174 0.230908931704 0.458550397918 0.676458076288
0.000383000764407 0.0011895766338 0.00040269069174 0.230908931704 0.458550397918 0.676458076288
0.000383000764407 0.0011895766338 0.00040269069174 0.230908931704 0.458550397918 0.676458076288
0.000383000764407 0.0011895766338 0.00040269069174 0.230908931704 0.458550397918 0.676458076288
0.000383000764407 0.0011895766338 0.00040269069174 0.230908931704 0.458550397918 0.676458076288
0.000383000764407 0.0011895766338 0.00040269069174 0.230908931704 0.458550397918 0.676458076288
0.000383000764407 0.0011895766338 0.00040269069174 0.230908931704 0.458550397918 0.676458076288
0.000388052059709 0.0012052424245 0.000407979922898 0.233929822581 0.464551813144 0.685314683409
0.000383000764407 0.0011895766338 0.00040269069174 0.230908931704 0.458550397918 0.676458076288
0.000383000764407 0.0011895766338 0.00040269069174 0.230908931704 0.458550397918 0.676458076288
0.000383000764407 0.0011895766338 0.00040269069174 0.230908931704 0.458550397918 0.676458076288
0.000383000764407 0.0011895766338 0.00040269069174 0.230908931704 0.458550397918 0.676458076288
0.000383000764407 0.0011895766338 0.00040269069174 0.230908931704 0.458550397918 0.676458076288
0.000383000764407 0.0011895766338 0.00040269069174 0.230908931704 0.458550397918 0.676458076288
0.000383000764407 0.0011895766338 0.00040269069174 0.230908931704 0.458550397918 0.676458076288
0.000383000764407 0.0011895766338 0.00040269069174 0.230908931704 0.458550397918 0.676458076288
0.000383000764407 0.0011895766338 0.00040269069174 0.230908931704 0.458550397918 0.676458076288
0.000383000764407 0.0011895766338 0.00040269069174 0.230908931704 0.458550397918 0.676458076288
0.000383000764407 0.0011895766338 0.00040269069174 0.230908931704 0.458550397918 0.676458076288
7.35945293713e-05 0.00125531381893 0.00040269069174 0.230908931704 0.458550397918 0.676458076288
0.000383000764407 0.0011895766338 0.00040269069174 0.230908931704 0.458550397918 0.676458076288
0.000383000764407 0.0011895766338 0.00040269069174 0.230908931704 0.458550397918 0.676458076288
0.000383000764407 0.0011895766338 0.00040269069174 0.230908931704 0.458550397918 0.676458076288
0.000383000764407 0.0011895766338 0.00040269069174 0.230908931704 0.458550397918 0.676458076288
0.000383000764407 0.0011895766338 0.00040269069174 0.230908931704 0.458550397918 0.676458076288
0.000383000764407 0.0011895766338 0.00040269069174 0.230908931704 0.458550397918 0.676458076288
0.000383000764407 0.0011895766338 0.00040269069174 0.230908931704 0.458550397918 0.676458076288
0.000383000764407 0.0011895766338 0.00040269069174 0.230908931704 0.458550397918 0.676458076288
0.000383000764407 0.0011895766338 0.00040269069174 0.230908931704 0.458550397918 0.676458076288
0.000383000764407 0.0011895766338 0.00040269069174 0.230908931704 0.458550397918 0.676458076288
0.000383000764407 0.0011895766338 0.00040269069174 0.230908931704 0.458550397918 0.676458076288
0.000383000764407 0.0011895766338 0.00040269069174 0.230908931704 0.458550397918 0.676458076288
0.000383000764407 0.0011895766338 0.00040269069174 0.230908931704 0.458550397918 0.676458076288
0.000383000764407 0.0011895766338 0.00040269069174 0.230908931704 0.458550397918 0.676458076288
0.000383000764407 0.0011895766338 0.00040269069174 0.230908931704 0.458550397918 0.676458076288
0.000383000764407 0.0011895766338 0.00040269069174 0.230908931704 0.458550397918 0.676458076288
0.000383000764407 0.0011895766338 0.00040269069174 0.230908931704 0.458550397918 0.676458076288
0.000383000764407 0.0011895766338 0.00040269069174 0.230908931704 0.458550397918 0.676458076288
0.000383000764407 0.0011895766338 0.00040269069174 0.230908931704 0.458550397918 0.676458076288
0.000383000764407 0.0011895766338 0.00040269069174 0.230908931704 0.458550397918 0.676458076288
0.000383000764407 0.0011895766338 0.00040269069174 0.230908931704 0.458550397918 0.676458076288
0.000383000764407 0.0011895766338 0.00040269069174 0.230908931704 0.458550397918 0.676458076288
0.000383000764407 0.0011895766338 0.00040269069174 0.230908931704 0.458550397918 0.676458076288
0.000383000764407 0.0011895766338 0.00040269069174 0.230908931704 0.458550397918 0.676458076288
0.000383000764407 0.0011895766338 0.00040269069174 0.230908931704 0.458550397918 0.676458076288
0.000383000764407 0.0011895766338 0.00040269069174 0.230908931704 0.458550397918 0.676458076288
0.000383000764407 0.0011895766338 0.00040269069174 0.230908931704 0.458550397918 0.676458076288
0.000383000764407 0.0011895766338 0.00040269069174 0.230908931704 0.458550397918 0.676458076288
0.000383000764407 0.0011895766338 0.00040269069174 0.230908931704 0.458550397918 0.676458076288
0.000383000764407 0.0011895766338 0.00040269069174 0.230908931704 0.458550397918 0.676458076288
0.000383000764407 0.0011895766338 0.00040269069174 0.230908931704 0.458550397918 0.676458076288
0.000383000764407 0.0011895766338 0.00040269069174 0.230908931704 0.458550397918 0.676458076288
0.000383000764407 0.0011895766338 0.00040269069174 0.230908931704 0.458550397918 0.676458076288
0.000383000764407 0.0011895766338 0.00040269069174 0.230908931704 0.458550397918 0.676458076288
0.000383000764407 0.0011895766338 0.00040269069174 0.230908931704 0.458550397918 0.676458076288
0.000400004594706 0.00124231131485 0.000420495469258 0.241077950295 0.478752552011 0.70627146781
0.00037938779328 0.00117837157725 0.000398907535476 0.228748220269 0.454257847464 0.670123331652
0.000383000764407 0.0011895766338 0.00040269069174 0.230908931704 0.458550397918 0.676458076288
0.000383000764407 0.0011895766338 0.00040269069174 0.230908931704 0.458550397918 0.676458076288
0.000383000764407 0.0011895766338 0.00040269069174 0.230908931704 0.458550397918 0.676458076288
0.000383000764407 0.0011895766338 0.00040269069174 0.230908931704 0.458550397918 0.676458076288
0.000383000764407 0.0011895766338 0.00040269069174 0.230908931704 0.458550397918 0.676458076288
0.000383000764407 0.0011895766338 0.00040269069174 0.230908931704 0.458550397918 0.676458076288
0.000383000764407 0.0011895766338 0.00040269069174 0.230908931704 0.458550397918 0.676458076288
0.000383000764407 0.0011895766338 0.00040269069174 0.230908931704 0.458550397918 0.676458076288
0.000383000764407 0.0011895766338 0.00040269069174 0.230908931704 0.458550397918 0.676458076288
0.000383000764407 0.0011895766338 0.00040269069174 0.230908931704 0.458550397918 0.676458076288
0.000383000764407 0.0011895766338 0.00040269069174 0.230908931704 0.458550397918 0.676458076288
0.000383000764407 0.0011895766338 0.00040269069174 0.230908931704 0.458550397918 0.676458076288
0.000383000764407 0.0011895766338 0.00040269069174 0.230908931704 0.458550397918 0.676458076288
0.000383000764407 0.0011895766338 0.00040269069174 0.230908931704 0.458550397918 0.676458076288
0.000383000764407 0.0011895766338 0.00040269069174 0.230908931704 0.458550397918 0.676458076288
0.000383000764407 0.0011895766338 0.00040269069174 0.230908931704 0.458550397918 0.676458076288
0.000383000764407 0.0011895766338 0.00040269069174 0.230908931704 0.458550397918 0.676458076288
0.000383000764407 0.0011895766338 0.00040269069174 0.230908931704 0.458550397918 0.676458076288
0.000383000764407 0.0011895766338 0.00040269069174 0.230908931704 0.458550397918 0.676458076288
0.000383000764407 0.0011895766338 0.00040269069174 0.230908931704 0.458550397918 0.676458076288
0.000383000764407 0.0011895766338 0.00040269069174 0.230908931704 0.458550397918 0.676458076288
0.000383000764407 0.0011895766338 0.00040269069174 0.230908931704 0.458550397918 0.676458076288
0.000383000764407 0.0011895766338 0.00040269069174 0.230908931704 0.458550397918 0.676458076288
0.000383000764407 0.0011895766338 0.00040269069174 0.230908931704 0.458550397918 0.676458076288
0.000383000764407 0.0011895766338 0.00040269069174 0.230908931704 0.458550397918 0.676458076288
0.000383000764407 0.0011895766338 0.00040269069174 0.230908931704 0.458550397918 0.676458076288
0.000383000764407 0.0011895766338 0.00040269069174 0.230908931704 0.458550397918 0.676458076288
0.000383000764407 0.0011895766338 0.00040269069174 0.230908931704 0.458550397918 0.676458076288
0.000383000764407 0.0011895766338 0.00040269069174 0.230908931704 0.458550397918 0.676458076288
0.000383000764407 0.0011895766338 0.00040269069174 0.230908931704 0.458550397918 0.676458076288
0.000383000764407 0.0011895766338 0.00040269069174 0.230908931704 0.458550397918 0.676458076288
0.000383000764407 0.0011895766338 0.00040269069174 0.230908931704 0.458550397918 0.676458076288
0.000383000764407 0.0011895766338 0.00040269069174 0.230908931704 0.458550397918 0.676458076288
0.000383000764407 0.0011895766338 0.00040269069174 0.230908931704 0.458550397918 0.676458076288
0.000383000764407 0.0011895766338 0.00040269069174 0.230908931704 0.458550397918 0.676458076288
0.000383000764407 0.0011895766338 0.00040269069174 0.230908931704 0.458550397918 0.676458076288
0.000383000764407 0.0011895766338 0.00040269069174 0.230908931704 0.458550397918 0.676458076288
0.000383000764407 0.0011895766338 0.00040269069174 0.230908931704 0.458550397918 0.676458076288
0.000383000764407 0.0011895766338 0.00040269069174 0.230908931704 0.458550397918 0.676458076288
0.000383000764407 0.0011895766338 0.00040269069174 0.230908931704 0.458550397918 0.676458076288
0.000383000764407 0.0011895766338 0.00040269069174 0.230908931704 0.458550397918 0.676458076288
0.000383000764407 0.0011895766338 0.00040269069174 0.230908931704 0.458550397918 0.676458076288
0.000383000764407 0.0011895766338 0.00040269069174 0.230908931704 0.458550397918 0.676458076288
0.000383000764407 0.0011895766338 0.00040269069174 0.230908931704 0.458550397918 0.676458076288
0.000383000764407 0.0011895766338 0.00040269069174 0.230908931704 0.458550397918 0.676458076288
0.000383825556165 0.00119213459454 0.000403554334431 0.231402192491 0.459530328316 0.67790421161
0.000383000764407 0.0011895766338 0.00040269069174 0.230908931704 0.458550397918 0.676458076288
0.000383000764407 0.0011895766338 0.00040269069174 0.230908931704 0.458550397918 0.676458076288
0.000383000764407 0.0011895766338 0.00040269069174 0.230908931704 0.458550397918 0.676458076288
0.000383000764407 0.0011895766338 0.00040269069174 0.230908931704 0.458550397918 0.676458076288
0.000383000764407 0.0011895766338 0.00040269069174 0.230908931704 0.458550397918 0.676458076288
0.000383000764407 0.0011895766338 0.00040269069174 0.230908931704 0.458550397918 0.676458076288
0.000383000764407 0.0011895766338 0.00040269069174 0.230908931704 0.458550397918 0.676458076288
0.000383000764407 0.0011895766338 0.00040269069174 0.230908931704 0.458550397918 0.676458076288
0.000383000764407 0.0011895766338 0.00040269069174 0.230908931704 0.458550397918 0.676458076288
0.000383000764407 0.0011895766338 0.00040269069174 0.230908931704 0.458550397918 0.676458076288
0.000383000764407 0.0011895766338 0.00040269069174 0.230908931704 0.458550397918 0.676458076288
0.000383000764407 0.0011895766338 0.00040269069174 0.230908931704 0.458550397918 0.676458076288
0.000383000764407 0.0011895766338 0.00040269069174 0.230908931704 0.458550397918 0.676458076288
0.000383000764407 0.0011895766338 0.00040269069174 0.230908931704 0.458550397918 0.676458076288
0.000383000764407 0.0011895766338 0.00040269069174 0.230908931704 0.458550397918 0.676458076288
0.000383000764407 0.0011895766338 0.00040269069174 0.230908931704 0.458550397918 0.676458076288
0.000383000764407 0.0011895766338 0.00040269069174 0.230908931704 0.458550397918 0.676458076288
0.000383000764407 0.0011895766338 0.00040269069174 0.230908931704 0.458550397918 0.676458076288
0.000383000764407 0.0011895766338 0.00040269069174 0.230908931704 0.458550397918 0.676458076288
0.000383000764407 0.0011895766338 0.00040269069174 0.230908931704 0.458550397918 0.676458076288
0.000383000764407 0.0011895766338 0.00040269069174 0.230908931704 0.458550397918 0.676458076288
0.000383000764407 0.0011895766338 0.00040269069174 0.230908931704 0.458550397918 0.676458076288
0.000383000764407 0.0011895766338 0.00040269069174 0.230908931704 0.458550397918 0.676458076288
0.000383000764407 0.0011895766338 0.00040269069174 0.230908931704 0.458550397918 0.676458076288
0.000383000764407 0.0011895766338 0.00040269069174 0.230908931704 0.458550397918 0.676458076288
0.000383514386673 0.00119116955174 0.000403228507632 0.231216099811 0.459160629611 0.6773586276
0.000383000764407 0.0011895766338 0.00040269069174 0.230908931704 0.458550397918 0.676458076288
0.000383000764407 0.0011895766338 0.00040269069174 0.230908931704 0.458550397918 0.676458076288
0.000383000764407 0.0011895766338 0.00040269069174 0.230908931704 0.458550397918 0.676458076288
0.000383000764407 0.0011895766338 0.00040269069174 0.230908931704 0.458550397918 0.676458076288
0.000383000764407 0.0011895766338 0.00040269069174 0.230908931704 0.458550397918 0.676458076288
0.000383000764407 0.0011895766338 0.00040269069174 0.230908931704 0.458550397918 0.676458076288
0.000383000764407 0.0011895766338 0.00040269069174 0.230908931704 0.458550397918 0.676458076288
0.000383000764407 0.0011895766338 0.00040269069174 0.230908931704 0.458550397918 0.676458076288
0.000383000764407 0.0011895766338 0.00040269069174 0.230908931704 0.458550397918 0.676458076288
0.000383000764407 0.0011895766338 0.00040269069174 0.230908931704 0.458550397918 0.676458076288
0.000383000764407 0.0011895766338 0.00040269069174 0.230908931704 0.458550397918 0.676458076288
0.000383000764407 0.0011895766338 0.00040269069174 0.230908931704 0.458550397918 0.676458076288
0.000383000764407 0.0011895766338 0.00040269069174 0.230908931704 0.458550397918 0.676458076288
0.000383000764407 0.0011895766338 0.00040269069174 0.230908931704 0.458550397918 0.676458076288
0.000383000764407 0.0011895766338 0.00040269069174 0.230908931704 0.458550397918 0.676458076288
0.000383000764407 0.0011895766338 0.00040269069174 0.230908931704 0.458550397918 0.676458076288
0.000383000764407 0.0011895766338 0.00040269069174 0.230908931704 0.458550397918 0.676458076288
0.000383000764407 0.0011895766338 0.00040269069174 0.230908931704 0.458550397918 0.676458076288
0.000383000764407 0.0011895766338 0.00040269069174 0.230908931704 0.458550397918 0.676458076288
0.000383000764407 0.0011895766338 0.00040269069174 0.230908931704 0.458550397918 0.676458076288
0.000383000764407 0.0011895766338 0.00040269069174 0.230908931704 0.458550397918 0.676458076288
0.000383000764407 0.0011895766338 0.00040269069174 0.230908931704 0.458550397918 0.676458076288
0.0670356834745 0.207902293831 0.0701949766563 0.127179944893 0.458550397918 0.676458076288
0.000383000764407 0.0011895766338 0.00040269069174 0.230908931704 0.458550397918 0.676458076288
0.000383000764407 0.0011895766338 0.00040269069174 0.230908931704 0.458550397918 0.676458076288
0.000383000764407 0.0011895766338 0.00040269069174 0.230908931704 0.458550397918 0.676458076288
0.000383000764407 0.0011895766338 0.00040269069174 0.230908931704 0.458550397918 0.676458076288
0.000383000764407 0.0011895766338 0.00040269069174 0.230908931704 0.458550397918 0.676458076288
0.000383000764407 0.0011895766338 0.00040269069174 0.230908931704 0.458550397918 0.676458076288
0.000383000764407 0.0011895766338 0.00040269069174 0.230908931704 0.458550397918 0.676458076288
0.000383000764407 0.0011895766338 0.00040269069174 0.230908931704 0.458550397918 0.676458076288
0.000383000764407 0.0011895766338 0.00040269069174 0.230908931704 0.458550397918 0.676458076288
0.000383000764407 0.0011895766338 0.00040269069174 0.230908931704 0.458550397918 0.676458076288
0.000383000764407 0.0011895766338 0.00040269069174 0.230908931704 0.458550397918 0.676458076288
0.000383000764407 0.0011895766338 0.00040269069174 0.230908931704 0.458550397918 0.676458076288
0.000383000764407 0.0011895766338 0.00040269069174 0.230908931704 0.458550397918 0.676458076288
0.000383000764407 0.0011895766338 0.00040269069174 0.230908931704 0.458550397918 0.676458076288
0.000383000764407 0.0011895766338 0.00040269069174 0.230908931704 0.458550397918 0.676458076288
0.000383000764407 0.0011895766338 0.00040269069174 0.230908931704 0.458550397918 0.676458076288
0.000383000764407 0.0011895766338 0.00040269069174 0.230908931704 0.458550397918 0.676458076288
0.000383000764407 0.0011895766338 0.00040269069174 0.230908931704 0.458550397918 0.676458076288
0.000383000764407 0.0011895766338 0.00040269069174 0.230908931704 0.458550397918 0.676458076288
0.000383000764407 0.0011895766338 0.00040269069174 0.230908931704 0.458550397918 0.676458076288
0.000383000764407 0.0011895766338 0.00040269069174 0.230908931704 0.458550397918 0.676458076288
0.000383000764407 0.0011895766338 0.00040269069174 0.230908931704 0.458550397918 0.676458076288
0.000383000764407 0.0011895766338 0.00040269069174 0.230908931704 0.458550397918 0.676458076288
0.000383000764407 0.0011895766338 0.00040269069174 0.230908931704 0.458550397918 0.676458076288
0.000383000764407 0.0011895766338 0.00040269069174 0.230908931704 0.458550397918 0.676458076288
0.000383000764407 0.0011895766338 0.00040269069174 0.230908931704 0.458550397918 0.676458076288
0.000383000764407 0.0011895766338 0.00040269069174 0.230908931704 0.458550397918 0.676458076288
0.000383000764407 0.0011895766338 0.00040269069174 0.230908931704 0.458550397918 0.676458076288
0.000383000764407 0.0011895766338 0.00040269069174 0.230908931704 0.458550397918 0.676458076288
0.000383000764407 0.0011895766338 0.00040269069174 0.230908931704 0.458550397918 0.676458076288
0.000383000764407 0.0011895766338 0.00040269069174 0.230908931704 0.458550397918 0.676458076288
0.000383000764407 0.0011895766338 0.00040269069174 0.230908931704 0.458550397918 0.676458076288
0.000383000764407 0.0011895766338 0.00040269069174 0.230908931704 0.458550397918 0.676458076288
0.000383000764407 0.0011895766338 0.00040269069174 0.230908931704 0.458550397918 0.676458076288
0.000383000764407 0.0011895766338 0.00040269069174 0.230908931704 0.458550397918 0.676458076288
0.000383000764407 0.0011895766338 0.00040269069174 0.230908931704 0.458550397918 0.676458076288
0.000383000764407 0.0011895766338 0.00040269069174 0.230908931704 0.458550397918 0.676458076288
0.000383000764407 0.0011895766338 0.00040269069174 0.230908931704 0.458550397918 0.676458076288
0.000383000764407 0.0011895766338 0.00040269069174 0.230908931704 0.458550397918 0.676458076288
0.000383000764407 0.0011895766338 0.00040269069174 0.230908931704 0.458550397918 0.676458076288
0.000383000764407 0.0011895766338 0.00040269069174 0.230908931704 0.458550397918 0.676458076288
0.000383000764407 0.0011895766338 0.00040269069174 0.230908931704 0.458550397918 0.676458076288
0.000383000764407 0.0011895766338 0.00040269069174 0.230908931704 0.458550397918 0.676458076288
0.000383000764407 0.0011895766338 0.00040269069174 0.230908931704 0.458550397918 0.676458076288
0.000383000764407 0.0011895766338 0.00040269069174 0.230908931704 0.458550397918 0.676458076288
0.000383000764407 0.0011895766338 0.00040269069174 0.230908931704 0.458550397918 0.676458076288
0.000383000764407 0.0011895766338 0.00040269069174 0.230908931704 0.458550397918 0.676458076288
0.000383000764407 0.0011895766338 0.00040269069174 0.230908931704 0.458550397918 0.676458076288
0.000383000764407 0.0011895766338 0.00040269069174 0.230908931704 0.458550397918 0.676458076288
0.000383000764407 0.0011895766338 0.00040269069174 0.230908931704 0.458550397918 0.676458076288
0.000383000764407 0.0011895766338 0.00040269069174 0.230908931704 0.458550397918 0.676458076288
0.000383000764407 0.0011895766338 0.00040269069174 0.230908931704 0.458550397918 0.676458076288
0.000383000764407 0.0011895766338 0.00040269069174 0.230908931704 0.458550397918 0.676458076288
0.000383000764407 0.0011895766338 0.00040269069174 0.230908931704 0.458550397918 0.676458076288
0.000383000764407 0.0011895766338 0.00040269069174 0.230908931704 0.458550397918 0.676458076288
0.000383000764407 0.0011895766338 0.00040269069174 0.230908931704 0.458550397918 0.676458076288
0.000383000764407 0.0011895766338 0.00040269069174 0.230908931704 0.458550397918 0.676458076288
0.000383000764407 0.0011895766338 0.00040269069174 0.230908931704 0.458550397918 0.676458076288
0.000383000764407 0.0011895766338 0.00040269069174 0.230908931704 0.458550397918 0.676458076288
0.000383000764407 0.0011895766338 0.00040269069174 0.230908931704 0.458550397918 0.676458076288
0.000383000764407 0.0011895766338 0.00040269069174 0.230908931704 0.458550397918 0.676458076288
0.000383000764407 0.0011895766338 0.00040269069174 0.230908931704 0.458550397918 0.676458076288
0.000383000764407 0.0011895766338 0.00040269069174 0.230908931704 0.458550397918 0.676458076288
0.000383000764407 0.0011895766338 0.00040269069174 0.230908931704 0.458550397918 0.676458076288
0.000383000764407 0.0011895766338 0.00040269069174 0.230908931704 0.458550397918 0.676458076288
0.000383000764407 0.0011895766338 0.00040269069174 0.230908931704 0.458550397918 0.676458076288
0.000383000764407 0.0011895766338 0.00040269069174 0.230908931704 0.458550397918 0.676458076288
0.000383000764407 0.0011895766338 0.00040269069174 0.230908931704 0.458550397918 0.676458076288
0.000383000764407 0.0011895766338 0.00040269069174 0.230908931704 0.458550397918 0.676458076288
0.000383000764407 0.0011895766338 0.00040269069174 0.230908931704 0.458550397918 0.676458076288
0.000383000764407 0.0011895766338 0.00040269069174 0.230908931704 0.458550397918 0.676458076288
0.000383000764407 0.0011895766338 0.00040269069174 0.230908931704 0.458550397918 0.676458076288
0.000383000764407 0.0011895766338 0.00040269069174 0.230908931704 0.458550397918 0.676458076288
0.000383000764407 0.0011895766338 0.00040269069174 0.230908931704 0.458550397918 0.676458076288
0.000383000764407 0.0011895766338 0.00040269069174 0.230908931704 0.458550397918 0.676458076288
0.000383000764407 0.0011895766338 0.00040269069174 0.230908931704 0.458550397918 0.676458076288
0.000383000764407 0.0011895766338 0.00040269069174 0.230908931704 0.458550397918 0.676458076288
0.000383000764407 0.0011895766338 0.00040269069174 0.230908931704 0.458550397918 0.676458076288
0.000383000764407 0.0011895766338 0.00040269069174 0.230908931704 0.458550397918 0.676458076288
0.000383000764407 0.0011895766338 0.00040269069174 0.230908931704 0.458550397918 0.676458076288
0.000383000764407 0.0011895766338 0.00040269069174 0.230908931704 0.458550397918 0.676458076288
0.000383000764407 0.0011895766338 0.00040269069174 0.230908931704 0.458550397918 0.676458076288
0.000383000764407 0.0011895766338 0.00040269069174 0.230908931704 0.458550397918 0.676458076288
0.000383000764407 0.0011895766338 0.00040269069174 0.230908931704 0.458550397918 0.676458076288
0.000383000764407 0.0011895766338 0.00040269069174 0.230908931704 0.458550397918 0.676458076288
0.000383000764407 0.0011895766338 0.00040269069174 0.230908931704 0.458550397918 0.676458076288
0.000383000764407 0.0011895766338 0.00040269069174 0.230908931704 0.458550397918 0.676458076288
0.000383000764407 0.0011895766338 0.00040269069174 0.230908931704 0.458550397918 0.676458076288
0.000383000764407 0.0011895766338 0.00040269069174 0.230908931704 0.458550397918 0.676458076288
0.000383000764407 0.0011895766338 0.00040269069174 0.230908931704 0.458550397918 0.676458076288
0.000383000764407 0.0011895766338 0.00040269069174 0.230908931704 0.458550397918 0.676458076288
0.000383000764407 0.0011895766338 0.00040269069174 0.230908931704 0.458550397918 0.676458076288
0.000383000764407 0.0011895766338 0.00040269069174 0.230908931704 0.458550397918 0.676458076288
0.000383000764407 0.0011895766338 0.00040269069174 0.230908931704 0.458550397918 0.676458076288
0.000389317011174 0.00120916547072 0.000409304458548 0.23468631772 0.466054694787 0.687532565653
0.000383000764407 0.0011895766338 0.00040269069174 0.230908931704 0.458550397918 0.676458076288
0.000383000764407 0.0011895766338 0.00040269069174 0.230908931704 0.458550397918 0.676458076288
0.000383000764407 0.0011895766338 0.00040269069174 0.230908931704 0.458550397918 0.676458076288
0.000383000764407 0.0011895766338 0.00040269069174 0.230908931704 0.458550397918 0.676458076288
0.000383000764407 0.0011895766338 0.00040269069174 0.230908931704 0.458550397918 0.676458076288
0.000383000764407 0.0011895766338 0.00040269069174 0.230908931704 0.458550397918 0.676458076288
0.000383000764407 0.0011895766338 0.00040269069174 0.230908931704 0.458550397918 0.676458076288
0.000383000764407 0.0011895766338 0.00040269069174 0.230908931704 0.458550397918 0.676458076288
0.000383000764407 0.0011895766338 0.00040269069174 0.230908931704 0.458550397918 0.676458076288
0.000383000764407 0.0011895766338 0.00040269069174 0.230908931704 0.458550397918 0.676458076288
0.000383000764407 0.0011895766338 0.00040269069174 0.230908931704 0.458550397918 0.676458076288
0.000383000764407 0.0011895766338 0.00040269069174 0.230908931704 0.458550397918 0.676458076288
0.000383000764407 0.0011895766338 0.00040269069174 0.230908931704 0.458550397918 0.676458076288
0.000383000764407 0.0011895766338 0.00040269069174 0.230908931704 0.458550397918 0.676458076288
0.000383000764407 0.0011895766338 0.00040269069174 0.230908931704 0.458550397918 0.676458076288
0.000383000764407 0.0011895766338 0.00040269069174 0.230908931704 0.458550397918 0.676458076288
0.000383000764407 0.0011895766338 0.00040269069174 0.230908931704 0.458550397918 0.676458076288
0.000382111277472 0.00118681803124 0.000401759306475 0.23037698043 0.457493603547 0.674898508721
0.000383000764407 0.0011895766338 0.00040269069174 0.230908931704 0.458550397918 0.676458076288
0.000383000764407 0.0011895766338 0.00040269069174 0.230908931704 0.458550397918 0.676458076288
0.000383000764407 0.0011895766338 0.00040269069174 0.230908931704 0.458550397918 0.676458076288
0.000383000764407 0.0011895766338 0.00040269069174 0.230908931704 0.458550397918 0.676458076288
0.000383000764407 0.0011895766338 0.00040269069174 0.230908931704 0.458550397918 0.676458076288
0.000383000764407 0.0011895766338 0.00040269069174 0.230908931704 0.458550397918 0.676458076288
0.000383000764407 0.0011895766338 0.00040269069174 0.230908931704 0.458550397918 0.676458076288
0.000383000764407 0.0011895766338 0.00040269069174 0.230908931704 0.458550397918 0.676458076288
0.000383000764407 0.0011895766338 0.00040269069174 0.230908931704 0.458550397918 0.676458076288
0.000383000764407 0.0011895766338 0.00040269069174 0.230908931704 0.458550397918 0.676458076288
0.000383000764407 0.0011895766338 0.00040269069174 0.230908931704 0.458550397918 0.676458076288
0.000390487498359 0.00121279555096 0.000410530080278 0.235386319175 0.467445343956 0.689584820474
0.000383000764407 0.0011895766338 0.00040269069174 0.230908931704 0.458550397918 0.676458076288
0.000395697975229 0.00122895501803 0.000415985991082 0.238502407446 0.473635881899 0.698720526031
0.000383000764407 0.0011895766338 0.00040269069174 0.230908931704 0.458550397918 0.676458076288
0.000383000764407 0.0011895766338 0.00040269069174 0.230908931704 0.458550397918 0.676458076288
0.000383000764407 0.0011895766338 0.00040269069174 0.230908931704 0.458550397918 0.676458076288
0.000383000764407 0.0011895766338 0.00040269069174 0.230908931704 0.458550397918 0.676458076288
0.000383000764407 0.0011895766338 0.00040269069174 0.230908931704 0.458550397918 0.676458076288
0.000383000764407 0.0011895766338 0.00040269069174 0.230908931704 0.458550397918 0.676458076288
0.000383000764407 0.0011895766338 0.00040269069174 0.230908931704 0.458550397918 0.676458076288
0.000383000764407 0.0011895766338 0.00040269069174 0.230908931704 0.458550397918 0.676458076288
0.000383000764407 0.0011895766338 0.00040269069174 0.230908931704 0.458550397918 0.676458076288
0.000383000764407 0.0011895766338 0.00040269069174 0.230908931704 0.458550397918 0.676458076288
0.000383000764407 0.0011895766338 0.00040269069174 0.230908931704 0.458550397918 0.676458076288
0.000383000764407 0.0011895766338 0.00040269069174 0.230908931704 0.458550397918 0.676458076288
0.000383000764407 0.0011895766338 0.00040269069174 0.230908931704 0.458550397918 0.676458076288
0.000383000764407 0.0011895766338 0.00040269069174 0.230908931704 0.458550397918 0.676458076288
0.000383000764407 0.0011895766338 0.00040269069174 0.230908931704 0.458550397918 0.676458076288
0.00037359763897 0.0011604143326 0.000392844642146 0.225285460067 0.447378598051 0.659971258007
0.000383000764407 0.0011895766338 0.00040269069174 0.230908931704 0.458550397918 0.676458076288
0.000383000764407 0.0011895766338 0.00040269069174 0.230908931704 0.458550397918 0.676458076288
0.000383000764407 0.0011895766338 0.00040269069174 0.230908931704 0.458550397918 0.676458076288
0.000383000764407 0.0011895766338 0.00040269069174 0.230908931704 0.458550397918 0.676458076288
0.000383000764407 0.0011895766338 0.00040269069174 0.230908931704 0.458550397918 0.676458076288
0.000383000764407 0.0011895766338 0.00040269069174 0.230908931704 0.458550397918 0.676458076288
0.000383000764407 0.0011895766338 0.00040269069174 0.230908931704 0.458550397918 0.676458076288
0.000383000764407 0.0011895766338 0.00040269069174 0.230908931704 0.458550397918 0.676458076288
0.000383000764407 0.0011895766338 0.00040269069174 0.230908931704 0.458550397918 0.676458076288
0.000383000764407 0.0011895766338 0.00040269069174 0.230908931704 0.458550397918 0.676458076288
0.000383000764407 0.0011895766338 0.00040269069174 0.230908931704 0.458550397918 0.676458076288
0.000383000764407 0.0011895766338 0.00040269069174 0.230908931704 0.458550397918 0.676458076288
0.000383000764407 0.0011895766338 0.00040269069174 0.230908931704 0.458550397918 0.676458076288
0.000383000764407 0.0011895766338 0.00040269069174 0.230908931704 0.458550397918 0.676458076288
0.000383000764407 0.0011895766338 0.00040269069174 0.230908931704 0.458550397918 0.676458076288
0.000388907347313 0.00120789496327 0.000408875497909 0.23444132119 0.465567975483 0.686814288131
0.000383000764407 0.0011895766338 0.00040269069174 0.230908931704 0.458550397918 0.676458076288
0.000383000764407 0.0011895766338 0.00040269069174 0.230908931704 0.458550397918 0.676458076288
0.000383000764407 0.0011895766338 0.00040269069174 0.230908931704 0.458550397918 0.676458076288
0.000383000764407 0.0011895766338 0.00040269069174 0.230908931704 0.458550397918 0.676458076288
0.000383000764407 0.0011895766338 0.00040269069174 0.230908931704 0.458550397918 0.676458076288
0.000383000764407 0.0011895766338 0.00040269069174 0.230908931704 0.458550397918 0.676458076288
0.000383000764407 0.0011895766338 0.00040269069174 0.230908931704 0.458550397918 0.676458076288
0.000383000764407 0.0011895766338 0.00040269069174 0.230908931704 0.458550397918 0.676458076288
0.000383000764407 0.0011895766338 0.00040269069174 0.230908931704 0.458550397918 0.676458076288
0.000383000764407 0.0011895766338 0.00040269069174 0.230908931704 0.458550397918 0.676458076288
0.000383000764407 0.0011895766338 0.00040269069174 0.230908931704 0.458550397918 0.676458076288
0.000383000764407 0.0011895766338 0.00040269069174 0.230908931704 0.458550397918 0.676458076288
0.000383000764407 0.0011895766338 0.00040269069174 0.230908931704 0.458550397918 0.676458076288
0.000383000764407 0.0011895766338 0.00040269069174 0.230908931704 0.458550397918 0.676458076288
0.000383000764407 0.0011895766338 0.00040269069174 0.230908931704 0.458550397918 0.676458076288
0.000383000764407 0.0011895766338 0.00040269069174 0.230908931704 0.458550397918 0.676458076288
0.000383000764407 0.0011895766338 0.00040269069174 0.230908931704 0.458550397918 0.676458076288
0.000383000764407 0.0011895766338 0.00040269069174 0.230908931704 0.458550397918 0.676458076288
0.000383000764407 0.0011895766338 0.00040269069174 0.230908931704 0.458550397918 0.676458076288
0.000383000764407 0.0011895766338 0.00040269069174 0.230908931704 0.458550397918 0.676458076288
0.000383000764407 0.0011895766338 0.00040269069174 0.230908931704 0.458550397918 0.676458076288
0.000383000764407 0.0011895766338 0.00040269069174 0.230908931704 0.458550397918 0.676458076288
0.000383000764407 0.0011895766338 0.00040269069174 0.230908931704 0.458550397918 0.676458076288
0.000383000764407 0.0011895766338 0.00040269069174 0.230908931704 0.458550397918 0.676458076288
0.000383000764407 0.0011895766338 0.00040269069174 0.230908931704 0.458550397918 0.676458076288
0.000383000764407 0.0011895766338 0.00040269069174 0.230908931704 0.458550397918 0.676458076288
0.000383000764407 0.0011895766338 0.00040269069174 0.230908931704 0.458550397918 0.676458076288
0.000383000764407 0.0011895766338 0.00040269069174 0.230908931704 0.458550397918 0.676458076288
0.000383000764407 0.0011895766338 0.00040269069174 0.230908931704 0.458550397918 0.676458076288
0.000383000764407 0.0011895766338 0.00040269069174 0.230908931704 0.458550397918 0.676458076288
0.000383000764407 0.0011895766338 0.00040269069174 0.230908931704 0.458550397918 0.676458076288
0.000383000764407 0.0011895766338 0.00040269069174 0.230908931704 0.458550397918 0.676458076288
0.000383000764407 0.0011895766338 0.00040269069174 0.230908931704 0.458550397918 0.676458076288
0.000383000764407 0.0011895766338 0.00040269069174 0.230908931704 0.458550397918 0.676458076288
0.000383000764407 0.0011895766338 0.00040269069174 0.230908931704 0.458550397918 0.676458076288
0.000383000764407 0.0011895766338 0.00040269069174 0.230908931704 0.458550397918 0.676458076288
0.000383000764407 0.0011895766338 0.00040269069174 0.230908931704 0.458550397918 0.676458076288
0.000383000764407 0.0011895766338 0.00040269069174 0.230908931704 0.458550397918 0.676458076288
0.000396179730038 0.00123044910412 0.000416490438436 0.23879051745 0.474208252049 0.699565203054
0.000383000764407 0.0011895766338 0.00040269069174 0.230908931704 0.458550397918 0.676458076288
0.000383000764407 0.0011895766338 0.00040269069174 0.230908931704 0.458550397918 0.676458076288
0.000383000764407 0.0011895766338 0.00040269069174 0.230908931704 0.458550397918 0.676458076288
0.000383000764407 0.0011895766338 0.00040269069174 0.230908931704 0.458550397918 0.676458076288
0.000383000764407 0.0011895766338 0.00040269069174 0.230908931704 0.458550397918 0.676458076288
0.000383000764407 0.0011895766338 0.00040269069174 0.230908931704 0.458550397918 0.676458076288
0.000383000764407 0.0011895766338 0.00040269069174 0.230908931704 0.458550397918 0.676458076288
0.000383000764407 0.0011895766338 0.00040269069174 0.230908931704 0.458550397918 0.676458076288
0.000383000764407 0.0011895766338 0.00040269069174 0.230908931704 0.458550397918 0.676458076288
0.000383000764407 0.0011895766338 0.00040269069174 0.230908931704 0.458550397918 0.676458076288
0.000383000764407 0.0011895766338 0.00040269069174 0.230908931704 0.458550397918 0.676458076288
0.000383000764407 0.0011895766338 0.00040269069174 0.230908931704 0.458550397918 0.676458076288
0.000383000764407 0.0011895766338 0.00040269069174 0.230908931704 0.458550397918 0.676458076288
0.000383000764407 0.0011895766338 0.00040269069174 0.230908931704 0.458550397918 0.676458076288
0.000383000764407 0.0011895766338 0.00040269069174 0.230908931704 0.458550397918 0.676458076288
0.000383000764407 0.0011895766338 0.00040269069174 0.230908931704 0.458550397918 0.676458076288
0.000383000764407 0.0011895766338 0.00040269069174 0.230908931704 0.458550397918 0.676458076288
0.000383000764407 0.0011895766338 0.00040269069174 0.230908931704 0.458550397918 0.676458076288
0.000383000764407 0.0011895766338 0.00040269069174 0.230908931704 0.458550397918 0.676458076288
0.000383000764407 0.0011895766338 0.00040269069174 0.230908931704 0.458550397918 0.676458076288
0.000383000764407 0.0011895766338 0.00040269069174 0.230908931704 0.458550397918 0.676458076288
0.000383000764407 0.0011895766338 0.00040269069174 0.230908931704 0.458550397918 0.676458076288
0.000383000764407 0.0011895766338 0.00040269069174 0.230908931704 0.458550397918 0.676458076288
0.000383000764407 0.0011895766338 0.00040269069174 0.230908931704 0.458550397918 0.676458076288
0.000383000764407 0.0011895766338 0.00040269069174 0.230908931704 0.458550397918 0.676458076288
0.000383000764407 0.0011895766338 0.00040269069174 0.230908931704 0.458550397918 0.676458076288
0.000383000764407 0.0011895766338 0.00040269069174 0.230908931704 0.458550397918 0.676458076288
0.000383000764407 0.0011895766338 0.00040269069174 0.230908931704 0.458550397918 0.676458076288
0.000373321801209 0.00115955886556 0.000392555811343 0.225120497275 0.447050876776 0.659487622319
0.000383000764407 0.0011895766338 0.00040269069174 0.230908931704 0.458550397918 0.676458076288
0.000383000764407 0.0011895766338 0.00040269069174 0.230908931704 0.458550397918 0.676458076288
0.000383000764407 0.0011895766338 0.00040269069174 0.230908931704 0.458550397918 0.676458076288
0.000383000764407 0.0011895766338 0.00040269069174 0.230908931704 0.458550397918 0.676458076288
0.000383000764407 0.0011895766338 0.00040269069174 0.230908931704 0.458550397918 0.676458076288
0.000383000764407 0.0011895766338 0.00040269069174 0.230908931704 0.458550397918 0.676458076288
0.000383000764407 0.0011895766338 0.00040269069174 0.230908931704 0.458550397918 0.676458076288
0.000383000764407 0.0011895766338 0.00040269069174 0.230908931704 0.458550397918 0.676458076288
0.000383000764407 0.0011895766338 0.00040269069174 0.230908931704 0.458550397918 0.676458076288
0.000383000764407 0.0011895766338 0.00040269069174 0.230908931704 0.458550397918 0.676458076288
0.000383000764407 0.0011895766338 0.00040269069174 0.230908931704 0.458550397918 0.676458076288
0.000383000764407 0.0011895766338 0.00040269069174 0.230908931704 0.458550397918 0.676458076288
0.000383000764407 0.0011895766338 0.00040269069174 0.230908931704 0.458550397918 0.676458076288
0.000383000764407 0.0011895766338 0.00040269069174 0.230908931704 0.458550397918 0.676458076288
0.000383000764407 0.0011895766338 0.00040269069174 0.230908931704 0.458550397918 0.676458076288
0.000383000764407 0.0011895766338 0.00040269069174 0.230908931704 0.458550397918 0.676458076288
0.000383000764407 0.0011895766338 0.00040269069174 0.230908931704 0.458550397918 0.676458076288
0.000383000764407 0.0011895766338 0.00040269069174 0.230908931704 0.458550397918 0.676458076288
0.000383000764407 0.0011895766338 0.00040269069174 0.230908931704 0.458550397918 0.676458076288
0.000383000764407 0.0011895766338 0.00040269069174 0.230908931704 0.458550397918 0.676458076288
0.000256449946499 0.000797099356523 0.000270178833051 0.155226123922 0.308196090727 0.762465090501
0.000383000764407 0.0011895766338 0.00040269069174 0.230908931704 0.458550397918 0.676458076288
0.000383000764407 0.0011895766338 0.00040269069174 0.230908931704 0.458550397918 0.676458076288
0.000383000764407 0.0011895766338 0.00040269069174 0.230908931704 0.458550397918 0.676458076288
0.000383000764407 0.0011895766338 0.00040269069174 0.230908931704 0.458550397918 0.676458076288
0.000383000764407 0.0011895766338 0.00040269069174 0.230908931704 0.458550397918 0.676458076288
0.000383000764407 0.0011895766338 0.00040269069174 0.230908931704 0.458550397918 0.676458076288
0.000383000764407 0.0011895766338 0.00040269069174 0.230908931704 0.458550397918 0.676458076288
0.000383000764407 0.0011895766338 0.00040269069174 0.230908931704 0.458550397918 0.676458076288
0.000383000764407 0.0011895766338 0.00040269069174 0.230908931704 0.458550397918 0.676458076288
0.000383000764407 0.0011895766338 0.00040269069174 0.230908931704 0.458550397918 0.676458076288
0.000383000764407 0.0011895766338 0.00040269069174 0.230908931704 0.458550397918 0.676458076288
0.000383000764407 0.0011895766338 0.00040269069174 0.230908931704 0.458550397918 0.676458076288
0.000383000764407 0.0011895766338 0.00040269069174 0.230908931704 0.458550397918 0.676458076288
0.000375223039342 0.00116545525389 0.000394546605262 0.226257519086 0.449309726991 0.662821127526
0.000383000764407 0.0011895766338 0.00040269069174 0.230908931704 0.458550397918 0.676458076288
0.000383000764407 0.0011895766338 0.00040269069174 0.230908931704 0.458550397918 0.676458076288
