0.231077813127 0.351310526024 0.0629171978124 0.733463554522 0.190930529359 0.116884656356
0.0348023408138 0.0168278416262 0.0652782139991 0.0104359404534 0.339683700746 0.748574506353
0.0160481976976 0.132597013 0.0792639868571 0.234466539406 0.0643028689942 0.75477764368
0.00869369228842 0.0485561810895 0.11991687584 0.0175040721672 0.51361949744 0.598424950057
0.0216316212491 0.0196610471676 0.0738641235357 0.0337253090648 0.0116227182033 0.715909451642
0.00393765959634 0.00741282236683 0.251973664224 0.300405621788 0.504393257633 0.518026608152
0.000157115899135 2.36837895702e-05 0.0308074806002 0.000527132829853 0.102102136432 0.749488558321
0.0115531948922 0.0419192943556 0.478560960438 0.209220388897 0.701910525658 0.05710998013
0.0917892573305 0.256557459932 0.0564780500972 0.138276770286 0.417248883868 0.556526181923
0.0421332581014 0.00690818205909 0.186174434175 0.0292947618149 0.83731805513 0.22505857104
0.000213099587166 0.000586504653831 0.187084223244 0.0495483952639 0.297125156755 0.674903433418
0.00483370012205 0.164401552143 0.0839170980572 0.0699190330824 0.283176840666 0.738338811546
0.186804046397 0.133975366085 0.0964328045187 0.310279760704 0.309183480781 0.612874997169
0.00191435715559 0.000184397167056 0.000595147079816 0.000434046797711 0.00490691957434 0.615461370479
0.6562014051 0.000160923350293 0.335563693157 0.614544966162 0.0286242119539 0.105674925959
0.0794050934785 0.0257117758262 0.612263644716 0.135437709708 0.404115557848 0.352676175104
0.00362989182801 0.00378050177298 0.0262909476343 0.0512843256568 0.199817871196 0.738281473642
0.0701516863983 0.0858193365149 0.0026476303557 0.203973773001 0.210120226512 0.722548719366
0.00295231922271 0.00141320645285 0.0457055199052 0.154515113267 0.181728819159 0.708382102416
0.00767656245868 0.00104419056196 0.0128536610605 0.0224284019464 1.03202218686 0.105271496045
0.0031333789672 0.00437117465166 0.0112608191273 0.0706421597659 0.146009986063 0.872606135975
0.0126094315011 0.00479822938179 0.0926534839182 0.227588446121 0.478645097516 0.662640457478
0.0123210920011 0.0123743151647 0.0716249103702 0.07362674477 0.266310721038 0.726858801204
0.0137438544123 0.00232970218653 0.0112333414288 0.00528677128229 0.142692871649 0.782368869213
0.754461106751 0.0102459827109 0.244279327519 0.791313075101 0.0797535484442 0.156743958928
1.48290929233e-05 0.00225060384895 0.00170515751109 0.226304431238 0.283002660319 0.705571604768
0.0445072093344 0.0206719212016 0.0466878425951 0.371040249645 0.72089470466 0.418445467352
0.0227005342791 0.0262442245555 0.0254324030209 0.00199720363573 0.0384882634675 0.619108056232
0.10245869299 0.00412724806926 0.253120485397 0.0958468994009 0.00773273877195 0.653771863285
0.278389854567 0.285113080438 0.135786129534 0.24293066771 0.0587024326127 0.557577545426
0.532528993529 0.0518255526698 0.215062827177 0.54423029023 0.413821965759 0.169188377508
0.00284230107358 0.00251366092517 0.0124900375048 0.000849241974579 0.322288700536 0.643797003296
0.120209969898 0.0604945900264 0.18585749003 0.142519815976 0.355194992304 0.529351573593
0.334185135903 0.00419830154439 0.67387305344 0.0652992914667 0.290704042408 0.514917499151
0.127930460627 0.0478567189355 0.0391314849376 0.075536188324 0.182532651545 0.762831100537
0.00282774091625 0.155124285598 0.150281920455 0.107811164062 0.853051567293 0.0654031941817
0.0194117470136 0.00353589574483 0.0736243314668 0.420506699789 0.168670968559 0.692405363938
0.0698852049955 0.094535362466 0.253168489391 0.409560101652 0.392492733388 0.560378719637
0.226656903725 0.226840550006 0.133307397414 0.147783204036 0.56437191774 0.291688859507
0.0412623997332 0.0690396348713 0.0788483283085 0.0704403701788 0.282426070913 0.625999549897
0.0727431380029 0.00775021011646 0.00331236865069 0.154080788425 0.203119801531 0.77012381382
0.233704471814 0.0219227568138 0.0199406231022 0.00375262709675 0.518874621081 0.598975578277
0.0189261730061 0.00172647717501 0.0291851279544 0.211613018276 0.72755334064 0.210350298848
0.0347600452136 0.0371071221282 0.0193482487222 0.0438859226357 0.0655171331058 0.547576957615
0.297696174015 0.20819717588 0.0850670151042 0.0529892372728 0.810076616153 0.271120599673
0.0558897232411 0.385300232473 0.116063071834 0.112733896139 0.14196155373 0.601134112003
0.00454710908122 0.00266550977168 0.0142319982794 0.0415376439436 0.139051088809 0.806855337845
0.0540662312358 0.0724797182101 0.0262886602769 0.235739697817 0.495151868049 0.538309631088
0.000463225575918 0.00159387947587 0.00664342728616 0.139723917585 1.00284286307 0.259295071821
0.361273850595 0.0880300304134 0.0182725239166 0.200419527215 0.284672146022 0.542165134411
0.231077813127 0.351310526024 0.0629171978124 0.733463554522 0.190930529359 0.116884656356
0.231077813127 0.351310526024 0.0629171978124 0.733463554522 0.190930529359 0.116884656356
0.231077813127 0.351310526024 0.0629171978124 0.733463554522 0.190930529359 0.116884656356
0.231634180374 0.352156443386 0.0630685468061 0.735230337055 0.191390963087 0.117167454863
0.231077813127 0.351310526024 0.0629171978124 0.733463554522 0.190930529359 0.116884656356
0.231842670729 0.352473438343 0.0631252625918 0.735892412547 0.191563503782 0.1172734294
0.231077813127 0.351310526024 0.0629171978124 0.733463554522 0.190930529359 0.116884656356
0.231077813127 0.351310526024 0.0629171978124 0.733463554522 0.190930529359 0.116884656356
0.231077813127 0.351310526024 0.0629171978124 0.733463554522 0.190930529359 0.116884656356
0.231077813127 0.351310526024 0.0629171978124 0.733463554522 0.190930529359 0.116884656356
0.231077813127 0.351310526024 0.0629171978124 0.733463554522 0.190930529359 0.116884656356
0.231077813127 0.351310526024 0.0629171978124 0.733463554522 0.190930529359 0.116884656356
0.231077813127 0.351310526024 0.0629171978124 0.733463554522 0.190930529359 0.116884656356
0.231077813127 0.351310526024 0.0629171978124 0.733463554522 0.190930529359 0.116884656356
0.231077813127 0.351310526024 0.0629171978124 0.733463554522 0.190930529359 0.116884656356
0.231077813127 0.351310526024 0.0629171978124 0.733463554522 0.190930529359 0.116884656356
0.231077813127 0.351310526024 0.0629171978124 0.733463554522 0.190930529359 0.116884656356
0.231077813127 0.351310526024 0.0629171978124 0.733463554522 0.190930529359 0.116884656356
0.231077813127 0.351310526024 0.0629171978124 0.733463554522 0.190930529359 0.116884656356
0.231077813127 0.351310526024 0.0629171978124 0.733463554522 0.190930529359 0.116884656356
0.231077813127 0.351310526024 0.0629171978124 0.733463554522 0.190930529359 0.116884656356
0.231077813127 0.351310526024 0.0629171978124 0.733463554522 0.190930529359 0.116884656356
0.231077813127 0.351310526024 0.0629171978124 0.733463554522 0.190930529359 0.116884656356
0.231077813127 0.351310526024 0.0629171978124 0.733463554522 0.190930529359 0.116884656356
0.231077813127 0.351310526024 0.0629171978124 0.733463554522 0.190930529359 0.116884656356
0.231077813127 0.351310526024 0.0629171978124 0.733463554522 0.190930529359 0.116884656356
0.055650747173 0.0846100548278 0.42591888321 0.733463554522 0.190930529359 0.116884656356
0.231077813127 0.351310526024 0.0629171978124 0.733463554522 0.190930529359 0.116884656356
0.231077813127 0.351310526024 0.0629171978124 0.733463554522 0.190930529359 0.116884656356
0.231077813127 0.351310526024 0.0629171978124 0.733463554522 0.190930529359 0.116884656356
0.231077813127 0.351310526024 0.0629171978124 0.733463554522 0.190930529359 0.116884656356
0.231077813127 0.351310526024 0.0629171978124 0.733463554522 0.190930529359 0.116884656356
0.231077813127 0.351310526024 0.0629171978124 0.733463554522 0.190930529359 0.116884656356
0.231077813127 0.351310526024 0.0629171978124 0.733463554522 0.190930529359 0.116884656356
0.231077813127 0.351310526024 0.0629171978124 0.733463554522 0.190930529359 0.116884656356
0.231077813127 0.351310526024 0.0629171978124 0.733463554522 0.190930529359 0.116884656356
0.231077813127 0.351310526024 0.0629171978124 0.733463554522 0.190930529359 0.116884656356
0.231077813127 0.351310526024 0.0629171978124 0.733463554522 0.190930529359 0.116884656356
0.231077813127 0.351310526024 0.0629171978124 0.733463554522 0.190930529359 0.116884656356
0.231077813127 0.351310526024 0.0629171978124 0.733463554522 0.190930529359 0.116884656356
0.231077813127 0.351310526024 0.0629171978124 0.733463554522 0.190930529359 0.116884656356
0.231077813127 0.351310526024 0.0629171978124 0.733463554522 0.190930529359 0.116884656356
0.231077813127 0.351310526024 0.0629171978124 0.733463554522 0.190930529359 0.116884656356
0.231077813127 0.351310526024 0.0629171978124 0.733463554522 0.190930529359 0.116884656356
0.202643298331 0.308081743436 0.217860455149 0.733463554522 0.190930529359 0.116884656356
0.231077813127 0.351310526024 0.0629171978124 0.733463554522 0.190930529359 0.116884656356
0.231077813127 0.351310526024 0.0629171978124 0.733463554522 0.190930529359 0.116884656356
0.231077813127 0.351310526024 0.0629171978124 0.733463554522 0.190930529359 0.116884656356
0.231077813127 0.351310526024 0.0629171978124 0.733463554522 0.190930529359 0.116884656356
0.231077813127 0.351310526024 0.0629171978124 0.733463554522 0.190930529359 0.116884656356
0.231077813127 0.351310526024 0.0629171978124 0.733463554522 0.190930529359 0.116884656356
0.231077813127 0.351310526024 0.0629171978124 0.733463554522 0.190930529359 0.116884656356
0.231077813127 0.351310526024 0.0629171978124 0.733463554522 0.190930529359 0.116884656356
0.231077813127 0.351310526024 0.0629171978124 0.733463554522 0.190930529359 0.116884656356
0.231077813127 0.351310526024 0.0629171978124 0.733463554522 0.190930529359 0.116884656356
0.231077813127 0.351310526024 0.0629171978124 0.733463554522 0.190930529359 0.116884656356
0.231077813127 0.351310526024 0.0629171978124 0.733463554522 0.190930529359 0.116884656356
0.231077813127 0.351310526024 0.0629171978124 0.733463554522 0.190930529359 0.116884656356
0.231077813127 0.351310526024 0.0629171978124 0.733463554522 0.190930529359 0.116884656356
0.231077813127 0.351310526024 0.0629171978124 0.733463554522 0.190930529359 0.116884656356
0.231077813127 0.351310526024 0.0629171978124 0.733463554522 0.190930529359 0.116884656356
0.231077813127 0.351310526024 0.0629171978124 0.733463554522 0.190930529359 0.116884656356
0.231077813127 0.351310526024 0.0629171978124 0.733463554522 0.190930529359 0.116884656356
0.231077813127 0.351310526024 0.0629171978124 0.733463554522 0.190930529359 0.116884656356
0.231077813127 0.351310526024 0.0629171978124 0.733463554522 0.190930529359 0.116884656356
0.231077813127 0.351310526024 0.0629171978124 0.733463554522 0.190930529359 0.116884656356
0.242435185486 0.36857861382 0.0660067522435 0.769529673173 0.200329568084 0.12265754823
0.231077813127 0.351310526024 0.0629171978124 0.733463554522 0.190930529359 0.116884656356
0.231077813127 0.351310526024 0.0629171978124 0.733463554522 0.190930529359 0.116884656356
0.231077813127 0.351310526024 0.0629171978124 0.733463554522 0.190930529359 0.116884656356
0.231077813127 0.351310526024 0.0629171978124 0.733463554522 0.190930529359 0.116884656356
0.231077813127 0.351310526024 0.0629171978124 0.733463554522 0.190930529359 0.116884656356
0.231077813127 0.351310526024 0.0629171978124 0.733463554522 0.190930529359 0.116884656356
0.231077813127 0.351310526024 0.0629171978124 0.733463554522 0.190930529359 0.116884656356
0.231077813127 0.351310526024 0.0629171978124 0.733463554522 0.190930529359 0.116884656356
0.231077813127 0.351310526024 0.0629171978124 0.733463554522 0.190930529359 0.116884656356
0.231077813127 0.351310526024 0.0629171978124 0.733463554522 0.190930529359 0.116884656356
0.231077813127 0.351310526024 0.0629171978124 0.733463554522 0.190930529359 0.116884656356
0.231077813127 0.351310526024 0.0629171978124 0.733463554522 0.190930529359 0.116884656356
0.231077813127 0.351310526024 0.0629171978124 0.733463554522 0.190930529359 0.116884656356
0.231077813127 0.351310526024 0.0629171978124 0.733463554522 0.190930529359 0.116884656356
0.231077813127 0.351310526024 0.0629171978124 0.733463554522 0.190930529359 0.116884656356
0.231077813127 0.351310526024 0.0629171978124 0.733463554522 0.190930529359 0.116884656356
0.231077813127 0.351310526024 0.0629171978124 0.733463554522 0.190930529359 0.116884656356
0.231077813127 0.351310526024 0.0629171978124 0.733463554522 0.190930529359 0.116884656356
0.231077813127 0.351310526024 0.0629171978124 0.733463554522 0.190930529359 0.116884656356
0.231077813127 0.351310526024 0.0629171978124 0.733463554522 0.190930529359 0.116884656356
0.231077813127 0.351310526024 0.0629171978124 0.733463554522 0.190930529359 0.116884656356
0.231077813127 0.351310526024 0.0629171978124 0.733463554522 0.190930529359 0.116884656356
0.231077813127 0.351310526024 0.0629171978124 0.733463554522 0.190930529359 0.116884656356
0.231077813127 0.351310526024 0.0629171978124 0.733463554522 0.190930529359 0.116884656356
0.231077813127 0.351310526024 0.0629171978124 0.733463554522 0.190930529359 0.116884656356
0.231077813127 0.351310526024 0.0629171978124 0.733463554522 0.190930529359 0.116884656356
0.231077813127 0.351310526024 0.0629171978124 0.733463554522 0.190930529359 0.116884656356
0.231077813127 0.351310526024 0.0629171978124 0.733463554522 0.190930529359 0.116884656356
0.231077813127 0.351310526024 0.0629171978124 0.733463554522 0.190930529359 0.116884656356
0.231077813127 0.351310526024 0.0629171978124 0.733463554522 0.190930529359 0.116884656356
0.231077813127 0.351310526024 0.0629171978124 0.733463554522 0.190930529359 0.116884656356
0.231077813127 0.351310526024 0.0629171978124 0.733463554522 0.190930529359 0.116884656356
0.231077813127 0.351310526024 0.0629171978124 0.733463554522 0.190930529359 0.116884656356
0.231077813127 0.351310526024 0.0629171978124 0.733463554522 0.190930529359 0.116884656356
0.231077813127 0.351310526024 0.0629171978124 0.733463554522 0.190930529359 0.116884656356
0.231077813127 0.351310526024 0.0629171978124 0.733463554522 0.190930529359 0.116884656356
0.231077813127 0.351310526024 0.0629171978124 0.733463554522 0.190930529359 0.116884656356
0.231077813127 0.351310526024 0.0629171978124 0.733463554522 0.190930529359 0.116884656356
0.231077813127 0.351310526024 0.0629171978124 0.733463554522 0.190930529359 0.116884656356
0.231077813127 0.351310526024 0.0629171978124 0.733463554522 0.190930529359 0.116884656356
0.231077813127 0.351310526024 0.0629171978124 0.733463554522 0.190930529359 0.116884656356
0.231077813127 0.351310526024 0.0629171978124 0.733463554522 0.190930529359 0.116884656356
0.242811763948 0.369151174949 0.0661091931628 0.770725524033 0.200641213722 0.122848961056
0.231077813127 0.351310526024 0.0629171978124 0.733463554522 0.190930529359 0.116884656356
0.231077813127 0.351310526024 0.0629171978124 0.733463554522 0.190930529359 0.116884656356
0.231077813127 0.351310526024 0.0629171978124 0.733463554522 0.190930529359 0.116884656356
0.231077813127 0.351310526024 0.0629171978124 0.733463554522 0.190930529359 0.116884656356
0.231077813127 0.351310526024 0.0629171978124 0.733463554522 0.190930529359 0.116884656356
0.231077813127 0.351310526024 0.0629171978124 0.733463554522 0.190930529359 0.116884656356
0.231077813127 0.351310526024 0.0629171978124 0.733463554522 0.190930529359 0.116884656356
0.231077813127 0.351310526024 0.0629171978124 0.733463554522 0.190930529359 0.116884656356
0.231077813127 0.351310526024 0.0629171978124 0.733463554522 0.190930529359 0.116884656356
0.231077813127 0.351310526024 0.0629171978124 0.733463554522 0.190930529359 0.116884656356
0.231077813127 0.351310526024 0.0629171978124 0.733463554522 0.190930529359 0.116884656356
0.231077813127 0.351310526024 0.0629171978124 0.733463554522 0.190930529359 0.116884656356
0.231077813127 0.351310526024 0.0629171978124 0.733463554522 0.190930529359 0.116884656356
0.231077813127 0.351310526024 0.0629171978124 0.733463554522 0.190930529359 0.116884656356
0.231077813127 0.351310526024 0.0629171978124 0.733463554522 0.190930529359 0.116884656356
0.231077813127 0.351310526024 0.0629171978124 0.733463554522 0.190930529359 0.116884656356
0.231574750821 0.352066084921 0.0630523801409 0.735041614415 0.191341780878 0.117137247138
0.22892533522 0.34803783439 0.0623316576563 0.726628212591 0.189149199793 0.115790563303
0.231077813127 0.351310526024 0.0629171978124 0.733463554522 0.190930529359 0.116884656356
0.231077813127 0.351310526024 0.0629171978124 0.733463554522 0.190930529359 0.116884656356
0.231077813127 0.351310526024 0.0629171978124 0.733463554522 0.190930529359 0.116884656356
0.230707152532 0.350746962597 0.0628163667367 0.732286496259 0.190623781181 0.11669625155
0.231077813127 0.351310526024 0.0629171978124 0.733463554522 0.190930529359 0.116884656356
0.231077813127 0.351310526024 0.0629171978124 0.733463554522 0.190930529359 0.116884656356
0.231077813127 0.351310526024 0.0629171978124 0.733463554522 0.190930529359 0.116884656356
0.231077813127 0.351310526024 0.0629171978124 0.733463554522 0.190930529359 0.116884656356
0.231077813127 0.351310526024 0.0629171978124 0.733463554522 0.190930529359 0.116884656356
0.231077813127 0.351310526024 0.0629171978124 0.733463554522 0.190930529359 0.116884656356
0.231077813127 0.351310526024 0.0629171978124 0.733463554522 0.190930529359 0.116884656356
0.231077813127 0.351310526024 0.0629171978124 0.733463554522 0.190930529359 0.116884656356
0.231077813127 0.351310526024 0.0629171978124 0.733463554522 0.190930529359 0.116884656356
0.23881702661 0.363077457116 0.0650225017938 0.758039960301 0.197335282581 0.120818457344
0.231077813127 0.351310526024 0.0629171978124 0.733463554522 0.190930529359 0.116884656356
0.231077813127 0.351310526024 0.0629171978124 0.733463554522 0.190930529359 0.116884656356
0.231077813127 0.351310526024 0.0629171978124 0.733463554522 0.190930529359 0.116884656356
0.231077813127 0.351310526024 0.0629171978124 0.733463554522 0.190930529359 0.116884656356
0.231077813127 0.351310526024 0.0629171978124 0.733463554522 0.190930529359 0.116884656356
0.231077813127 0.351310526024 0.0629171978124 0.733463554522 0.190930529359 0.116884656356
0.231077813127 0.351310526024 0.0629171978124 0.733463554522 0.190930529359 0.116884656356
0.231077813127 0.351310526024 0.0629171978124 0.733463554522 0.190930529359 0.116884656356
0.231077813127 0.351310526024 0.0629171978124 0.733463554522 0.190930529359 0.116884656356
0.231077813127 0.351310526024 0.0629171978124 0.733463554522 0.190930529359 0.116884656356
0.231077813127 0.351310526024 0.0629171978124 0.733463554522 0.190930529359 0.116884656356
0.231077813127 0.351310526024 0.0629171978124 0.733463554522 0.190930529359 0.116884656356
0.23007107164 0.349779846229 0.0626433331812 0.730266577549 0.190097378705 0.116372935021
0.231077813127 0.351310526024 0.0629171978124 0.733463554522 0.190930529359 0.116884656356
0.231077813127 0.351310526024 0.0629171978124 0.733463554522 0.190930529359 0.116884656356
0.231077813127 0.351310526024 0.0629171978124 0.733463554522 0.190930529359 0.116884656356
0.231077813127 0.351310526024 0.0629171978124 0.733463554522 0.190930529359 0.116884656356
0.231077813127 0.351310526024 0.0629171978124 0.733463554522 0.190930529359 0.116884656356
0.231077813127 0.351310526024 0.0629171978124 0.733463554522 0.190930529359 0.116884656356
0.231077813127 0.351310526024 0.0629171978124 0.733463554522 0.190930529359 0.116884656356
0.231077813127 0.351310526024 0.0629171978124 0.733463554522 0.190930529359 0.116884656356
0.231077813127 0.351310526024 0.0629171978124 0.733463554522 0.190930529359 0.116884656356
0.231077813127 0.351310526024 0.0629171978124 0.733463554522 0.190930529359 0.116884656356
0.231077813127 0.351310526024 0.0629171978124 0.733463554522 0.190930529359 0.116884656356
0.231077813127 0.351310526024 0.0629171978124 0.733463554522 0.190930529359 0.116884656356
0.231077813127 0.351310526024 0.0629171978124 0.733463554522 0.190930529359 0.116884656356
0.231077813127 0.351310526024 0.0629171978124 0.733463554522 0.190930529359 0.116884656356
0.231077813127 0.351310526024 0.0629171978124 0.733463554522 0.190930529359 0.116884656356
0.231077813127 0.351310526024 0.0629171978124 0.733463554522 0.190930529359 0.116884656356
0.231077813127 0.351310526024 0.0629171978124 0.733463554522 0.190930529359 0.116884656356
0.231077813127 0.351310526024 0.0629171978124 0.733463554522 0.190930529359 0.116884656356
0.231077813127 0.351310526024 0.0629171978124 0.733463554522 0.190930529359 0.116884656356
0.231077813127 0.351310526024 0.0629171978124 0.733463554522 0.190930529359 0.116884656356
0.231077813127 0.351310526024 0.0629171978124 0.733463554522 0.190930529359 0.116884656356
0.231077813127 0.351310526024 0.0629171978124 0.733463554522 0.190930529359 0.116884656356
0.231077813127 0.351310526024 0.0629171978124 0.733463554522 0.190930529359 0.116884656356
0.231077813127 0.351310526024 0.0629171978124 0.733463554522 0.190930529359 0.116884656356
0.231077813127 0.351310526024 0.0629171978124 0.733463554522 0.190930529359 0.116884656356
0.231077813127 0.351310526024 0.0629171978124 0.733463554522 0.190930529359 0.116884656356
0.231077813127 0.351310526024 0.0629171978124 0.733463554522 0.190930529359 0.116884656356
0.231077813127 0.351310526024 0.0629171978124 0.733463554522 0.190930529359 0.116884656356
0.231077813127 0.351310526024 0.0629171978124 0.733463554522 0.190930529359 0.116884656356
0.231077813127 0.351310526024 0.0629171978124 0.733463554522 0.190930529359 0.116884656356
0.231077813127 0.351310526024 0.0629171978124 0.733463554522 0.190930529359 0.116884656356
0.231077813127 0.351310526024 0.0629171978124 0.733463554522 0.190930529359 0.116884656356
0.231077813127 0.351310526024 0.0629171978124 0.733463554522 0.190930529359 0.116884656356
0.231077813127 0.351310526024 0.0629171978124 0.733463554522 0.190930529359 0.116884656356
0.231077813127 0.351310526024 0.0629171978124 0.733463554522 0.190930529359 0.116884656356
0.231077813127 0.351310526024 0.0629171978124 0.733463554522 0.190930529359 0.116884656356
0.231077813127 0.351310526024 0.0629171978124 0.733463554522 0.190930529359 0.116884656356
0.231077813127 0.351310526024 0.0629171978124 0.733463554522 0.190930529359 0.116884656356
0.231077813127 0.351310526024 0.0629171978124 0.733463554522 0.190930529359 0.116884656356
0.231077813127 0.351310526024 0.0629171978124 0.733463554522 0.190930529359 0.116884656356
0.231077813127 0.351310526024 0.0629171978124 0.733463554522 0.190930529359 0.116884656356
0.231077813127 0.351310526024 0.0629171978124 0.733463554522 0.190930529359 0.116884656356
0.231077813127 0.351310526024 0.0629171978124 0.733463554522 0.190930529359 0.116884656356
0.231077813127 0.351310526024 0.0629171978124 0.733463554522 0.190930529359 0.116884656356
0.231077813127 0.351310526024 0.0629171978124 0.733463554522 0.190930529359 0.116884656356
0.231077813127 0.351310526024 0.0629171978124 0.733463554522 0.190930529359 0.116884656356
0.231077813127 0.351310526024 0.0629171978124 0.733463554522 0.190930529359 0.116884656356
0.231077813127 0.351310526024 0.0629171978124 0.733463554522 0.190930529359 0.116884656356
0.231077813127 0.351310526024 0.0629171978124 0.733463554522 0.190930529359 0.116884656356
0.231077813127 0.351310526024 0.0629171978124 0.733463554522 0.190930529359 0.116884656356
0.231077813127 0.351310526024 0.0629171978124 0.733463554522 0.190930529359 0.116884656356
0.231077813127 0.351310526024 0.0629171978124 0.733463554522 0.190930529359 0.116884656356
0.231077813127 0.351310526024 0.0629171978124 0.733463554522 0.190930529359 0.116884656356
0.231077813127 0.351310526024 0.0629171978124 0.733463554522 0.190930529359 0.116884656356
0.231077813127 0.351310526024 0.0629171978124 0.733463554522 0.190930529359 0.116884656356
0.231077813127 0.351310526024 0.0629171978124 0.733463554522 0.190930529359 0.116884656356
0.231077813127 0.351310526024 0.0629171978124 0.733463554522 0.190930529359 0.116884656356
0.231077813127 0.351310526024 0.0629171978124 0.733463554522 0.190930529359 0.116884656356
0.24338519218 0.370023032341 0.0662651832718 0.772546484905 0.201115766637 0.123140431573
0.231077813127 0.351310526024 0.0629171978124 0.733463554522 0.190930529359 0.116884656356
0.231077813127 0.351310526024 0.0629171978124 0.733463554522 0.190930529359 0.116884656356
0.231077813127 0.351310526024 0.0629171978124 0.733463554522 0.190930529359 0.116884656356
0.233027878349 0.354275463372 0.063447675498 0.739656121023 0.192544347938 0.11787586412
0.231077813127 0.351310526024 0.0629171978124 0.733463554522 0.190930529359 0.116884656356
0.231077813127 0.351310526024 0.0629171978124 0.733463554522 0.190930529359 0.116884656356
0.231077813127 0.351310526024 0.0629171978124 0.733463554522 0.190930529359 0.116884656356
0.231077813127 0.351310526024 0.0629171978124 0.733463554522 0.190930529359 0.116884656356
0.231077813127 0.351310526024 0.0629171978124 0.733463554522 0.190930529359 0.116884656356
0.231077813127 0.351310526024 0.0629171978124 0.733463554522 0.190930529359 0.116884656356
0.231077813127 0.351310526024 0.0629171978124 0.733463554522 0.190930529359 0.116884656356
0.231077813127 0.351310526024 0.0629171978124 0.733463554522 0.190930529359 0.116884656356
0.231077813127 0.351310526024 0.0629171978124 0.733463554522 0.190930529359 0.116884656356
0.231077813127 0.351310526024 0.0629171978124 0.733463554522 0.190930529359 0.116884656356
0.231077813127 0.351310526024 0.0629171978124 0.733463554522 0.190930529359 0.116884656356
0.231077813127 0.351310526024 0.0629171978124 0.733463554522 0.190930529359 0.116884656356
0.231077813127 0.351310526024 0.0629171978124 0.733463554522 0.190930529359 0.116884656356
0.231077813127 0.351310526024 0.0629171978124 0.733463554522 0.190930529359 0.116884656356
0.231077813127 0.351310526024 0.0629171978124 0.733463554522 0.190930529359 0.116884656356
0.231077813127 0.351310526024 0.0629171978124 0.733463554522 0.190930529359 0.116884656356
0.231077813127 0.351310526024 0.0629171978124 0.733463554522 0.190930529359 0.116884656356
0.231077813127 0.351310526024 0.0629171978124 0.733463554522 0.190930529359 0.116884656356
0.231077813127 0.351310526024 0.0629171978124 0.733463554522 0.190930529359 0.116884656356
0.231077813127 0.351310526024 0.0629171978124 0.733463554522 0.190930529359 0.116884656356
0.231077813127 0.351310526024 0.0629171978124 0.733463554522 0.190930529359 0.116884656356
0.231077813127 0.351310526024 0.0629171978124 0.733463554522 0.190930529359 0.116884656356
0.231077813127 0.351310526024 0.0629171978124 0.733463554522 0.190930529359 0.116884656356
0.231077813127 0.351310526024 0.0629171978124 0.733463554522 0.190930529359 0.116884656356
0.231077813127 0.351310526024 0.0629171978124 0.733463554522 0.190930529359 0.116884656356
0.231077813127 0.351310526024 0.0629171978124 0.733463554522 0.190930529359 0.116884656356
0.233858422383 0.349080521455 0.0629171978124 0.733463554522 0.190930529359 0.116884656356
0.231077813127 0.351310526024 0.0629171978124 0.733463554522 0.190930529359 0.116884656356
0.231077813127 0.351310526024 0.0629171978124 0.733463554522 0.190930529359 0.116884656356
0.231077813127 0.351310526024 0.0629171978124 0.733463554522 0.190930529359 0.116884656356
0.231077813127 0.351310526024 0.0629171978124 0.733463554522 0.190930529359 0.116884656356
0.237443695753 0.360989403905 0.0646489135807 0.753678853515 0.196198752977 0.120120400584
0.231077813127 0.351310526024 0.0629171978124 0.733463554522 0.190930529359 0.116884656356
0.231077813127 0.351310526024 0.0629171978124 0.733463554522 0.190930529359 0.116884656356
0.231077813127 0.351310526024 0.0629171978124 0.733463554522 0.190930529359 0.116884656356
0.231077813127 0.351310526024 0.0629171978124 0.733463554522 0.190930529359 0.116884656356
0.231077813127 0.351310526024 0.0629171978124 0.733463554522 0.190930529359 0.116884656356
0.231077813127 0.351310526024 0.0629171978124 0.733463554522 0.190930529359 0.116884656356
0.227614785453 0.34604523542 0.0619751478353 0.72246647149 0.188064626038 0.115124417839
0.231077813127 0.351310526024 0.0629171978124 0.733463554522 0.190930529359 0.116884656356
0.231077813127 0.351310526024 0.0629171978124 0.733463554522 0.190930529359 0.116884656356
0.231077813127 0.351310526024 0.0629171978124 0.733463554522 0.190930529359 0.116884656356
0.231077813127 0.351310526024 0.0629171978124 0.733463554522 0.190930529359 0.116884656356
0.231228751346 0.351540016996 0.0629582576477 0.733942869237 0.191055441541 0.116961377448
0.231077813127 0.351310526024 0.0629171978124 0.733463554522 0.190930529359 0.116884656356
0.231077813127 0.351310526024 0.0629171978124 0.733463554522 0.190930529359 0.116884656356
0.231077813127 0.351310526024 0.0629171978124 0.733463554522 0.190930529359 0.116884656356
0.232187032584 0.352997016382 0.063218939602 0.736985957349 0.19184848787 0.117448466697
0.231077813127 0.351310526024 0.0629171978124 0.733463554522 0.190930529359 0.116884656356
0.231077813127 0.351310526024 0.0629171978124 0.733463554522 0.190930529359 0.116884656356
0.231077813127 0.351310526024 0.0629171978124 0.733463554522 0.190930529359 0.116884656356
0.231077813127 0.351310526024 0.0629171978124 0.733463554522 0.190930529359 0.116884656356
0.231077813127 0.351310526024 0.0629171978124 0.733463554522 0.190930529359 0.116884656356
0.231077813127 0.351310526024 0.0629171978124 0.733463554522 0.190930529359 0.116884656356
0.231077813127 0.351310526024 0.0629171978124 0.733463554522 0.190930529359 0.116884656356
0.231077813127 0.351310526024 0.0629171978124 0.733463554522 0.190930529359 0.116884656356
0.231077813127 0.351310526024 0.0629171978124 0.733463554522 0.190930529359 0.116884656356
0.231077813127 0.351310526024 0.0629171978124 0.733463554522 0.190930529359 0.116884656356
0.231077813127 0.351310526024 0.0629171978124 0.733463554522 0.190930529359 0.116884656356
0.231077813127 0.351310526024 0.0629171978124 0.733463554522 0.190930529359 0.116884656356
0.231077813127 0.351310526024 0.0629171978124 0.733463554522 0.190930529359 0.116884656356
0.231077813127 0.351310526024 0.0629171978124 0.733463554522 0.190930529359 0.116884656356
0.231077813127 0.351310526024 0.0629171978124 0.733463554522 0.190930529359 0.116884656356
0.231077813127 0.351310526024 0.0629171978124 0.733463554522 0.190930529359 0.116884656356
0.231077813127 0.351310526024 0.0629171978124 0.733463554522 0.190930529359 0.116884656356
0.231077813127 0.351310526024 0.0629171978124 0.733463554522 0.190930529359 0.116884656356
0.231077813127 0.351310526024 0.0629171978124 0.733463554522 0.190930529359 0.116884656356
0.231077813127 0.351310526024 0.0629171978124 0.733463554522 0.190930529359 0.116884656356
0.231077813127 0.351310526024 0.0629171978124 0.733463554522 0.190930529359 0.116884656356
0.231077813127 0.351310526024 0.0629171978124 0.733463554522 0.190930529359 0.116884656356
0.231077813127 0.351310526024 0.0629171978124 0.733463554522 0.190930529359 0.116884656356
0.231077813127 0.351310526024 0.0629171978124 0.733463554522 0.190930529359 0.116884656356
0.231077813127 0.351310526024 0.0629171978124 0.733463554522 0.190930529359 0.116884656356
0.231077813127 0.351310526024 0.0629171978124 0.733463554522 0.190930529359 0.116884656356
0.231077813127 0.351310526024 0.0629171978124 0.733463554522 0.190930529359 0.116884656356
0.231077813127 0.351310526024 0.0629171978124 0.733463554522 0.190930529359 0.116884656356
0.230831344234 0.350935787366 0.0628501506973 0.732680875568 0.190726558706 0.116759377531
0.231077813127 0.351310526024 0.0629171978124 0.733463554522 0.190930529359 0.116884656356
0.236413970413 0.359423778775 0.0643687966321 0.750408889731 0.195346581537 0.119596996678
0.227269868169 0.34552081289 0.0618813197321 0.721371162887 0.187779182292 0.114949098221
0.231077813127 0.351310526024 0.0629171978124 0.733463554522 0.190930529359 0.116884656356
0.231077813127 0.351310526024 0.0629171978124 0.733463554522 0.190930529359 0.116884656356
0.231077813127 0.351310526024 0.0629171978124 0.733463554522 0.190930529359 0.116884656356
0.231077813127 0.351310526024 0.0629171978124 0.733463554522 0.190930529359 0.116884656356
0.231077813127 0.351310526024 0.0629171978124 0.733463554522 0.190930529359 0.116884656356
0.231077813127 0.351310526024 0.0629171978124 0.733463554522 0.190930529359 0.116884656356
0.231077813127 0.351310526024 0.0629171978124 0.733463554522 0.190930529359 0.116884656356
0.231077813127 0.351310526024 0.0629171978124 0.733463554522 0.190930529359 0.116884656356
0.231077813127 0.351310526024 0.0629171978124 0.733463554522 0.190930529359 0.116884656356
0.231077813127 0.351310526024 0.0629171978124 0.733463554522 0.190930529359 0.116884656356
0.231077813127 0.351310526024 0.0629171978124 0.733463554522 0.190930529359 0.116884656356
0.231077813127 0.351310526024 0.0629171978124 0.733463554522 0.190930529359 0.116884656356
0.231077813127 0.351310526024 0.0629171978124 0.733463554522 0.190930529359 0.116884656356
0.231077813127 0.351310526024 0.0629171978124 0.733463554522 0.190930529359 0.116884656356
0.231077813127 0.351310526024 0.0629171978124 0.733463554522 0.190930529359 0.116884656356
0.231077813127 0.351310526024 0.0629171978124 0.733463554522 0.190930529359 0.116884656356
0.231077813127 0.351310526024 0.0629171978124 0.733463554522 0.190930529359 0.116884656356
0.231077813127 0.351310526024 0.0629171978124 0.733463554522 0.190930529359 0.116884656356
0.231077813127 0.351310526024 0.0629171978124 0.733463554522 0.190930529359 0.116884656356
0.231077813127 0.351310526024 0.0629171978124 0.733463554522 0.190930529359 0.116884656356
0.231077813127 0.351310526024 0.0629171978124 0.733463554522 0.190930529359 0.116884656356
0.231077813127 0.351310526024 0.0629171978124 0.733463554522 0.190930529359 0.116884656356
0.231077813127 0.351310526024 0.0629171978124 0.733463554522 0.190930529359 0.116884656356
0.231077813127 0.351310526024 0.0629171978124 0.733463554522 0.190930529359 0.116884656356
0.231077813127 0.351310526024 0.0629171978124 0.733463554522 0.190930529359 0.116884656356
0.231077813127 0.351310526024 0.0629171978124 0.733463554522 0.190930529359 0.116884656356
0.231077813127 0.351310526024 0.0629171978124 0.733463554522 0.190930529359 0.116884656356
0.231077813127 0.351310526024 0.0629171978124 0.733463554522 0.190930529359 0.116884656356
0.231077813127 0.351310526024 0.0629171978124 0.733463554522 0.190930529359 0.116884656356
0.231077813127 0.351310526024 0.0629171978124 0.733463554522 0.190930529359 0.116884656356
0.231077813127 0.351310526024 0.0629171978124 0.733463554522 0.190930529359 0.116884656356
0.231077813127 0.351310526024 0.0629171978124 0.733463554522 0.190930529359 0.116884656356
0.231077813127 0.351310526024 0.0629171978124 0.733463554522 0.190930529359 0.116884656356
0.231077813127 0.351310526024 0.0629171978124 0.733463554522 0.190930529359 0.116884656356
0.231077813127 0.351310526024 0.0629171978124 0.733463554522 0.190930529359 0.116884656356
0.233297116279 0.354684820753 0.0635209164914 0.740511104624 0.1927671616 0.118012716325
0.231077813127 0.351310526024 0.0629171978124 0.733463554522 0.190930529359 0.116884656356
0.231077813127 0.351310526024 0.0629171978124 0.733463554522 0.190930529359 0.116884656356
0.231077813127 0.351310526024 0.0629171978124 0.733463554522 0.190930529359 0.116884656356
0.231077813127 0.351310526024 0.0629171978124 0.733463554522 0.190930529359 0.116884656356
0.231077813127 0.351310526024 0.0629171978124 0.733463554522 0.190930529359 0.116884656356
0.231077813127 0.351310526024 0.0629171978124 0.733463554522 0.190930529359 0.116884656356
0.231077813127 0.351310526024 0.0629171978124 0.733463554522 0.190930529359 0.116884656356
0.231077813127 0.351310526024 0.0629171978124 0.733463554522 0.190930529359 0.116884656356
0.231077813127 0.351310526024 0.0629171978124 0.733463554522 0.190930529359 0.116884656356
0.231077813127 0.351310526024 0.0629171978124 0.733463554522 0.190930529359 0.116884656356
0.231077813127 0.351310526024 0.0629171978124 0.733463554522 0.190930529359 0.116884656356
0.231077813127 0.351310526024 0.0629171978124 0.733463554522 0.190930529359 0.116884656356
0.231077813127 0.351310526024 0.0629171978124 0.733463554522 0.190930529359 0.116884656356
0.231840385509 0.352469963827 0.0631246409418 0.735885155675 0.191561612599 0.117272267835
0.220359273955 0.335013739247 0.0600014257001 0.699426094748 0.182060170852 0.111436480006
0.231077813127 0.351310526024 0.0629171978124 0.733463554522 0.190930529359 0.116884656356
0.231077813127 0.351310526024 0.0629171978124 0.733463554522 0.190930529359 0.116884656356
0.231077813127 0.351310526024 0.0629171978124 0.733463554522 0.190930529359 0.116884656356
0.231077813127 0.351310526024 0.0629171978124 0.733463554522 0.190930529359 0.116884656356
0.231077813127 0.351310526024 0.0629171978124 0.733463554522 0.190930529359 0.116884656356
0.231077813127 0.351310526024 0.0629171978124 0.733463554522 0.190930529359 0.116884656356
0.231077813127 0.351310526024 0.0629171978124 0.733463554522 0.190930529359 0.116884656356
0.231077813127 0.351310526024 0.0629171978124 0.733463554522 0.190930529359 0.116884656356
0.231077813127 0.351310526024 0.0629171978124 0.733463554522 0.190930529359 0.116884656356
0.231077813127 0.351310526024 0.0629171978124 0.733463554522 0.190930529359 0.116884656356
0.231077813127 0.351310526024 0.0629171978124 0.733463554522 0.190930529359 0.116884656356
0.231077813127 0.351310526024 0.0629171978124 0.733463554522 0.190930529359 0.116884656356
0.23737141979 0.360879513374 0.0646292522967 0.753449336212 0.196138939443 0.120083663097
0.231077813127 0.351310526024 0.0629171978124 0.733463554522 0.190930529359 0.116884656356
0.231077813127 0.351310526024 0.0629171978124 0.733463554522 0.190930529359 0.116884656356
0.231077813127 0.351310526024 0.0629171978124 0.733463554522 0.190930529359 0.116884656356
0.231077813127 0.351310526024 0.0629171978124 0.733463554522 0.190930529359 0.116884656356
0.231077813127 0.351310526024 0.0629171978124 0.733463554522 0.190930529359 0.116884656356
0.231077813127 0.351310526024 0.0629171978124 0.733463554522 0.190930529359 0.116884656356
0.231077813127 0.351310526024 0.0629171978124 0.733463554522 0.190930529359 0.116884656356
0.231077813127 0.351310526024 0.0629171978124 0.733463554522 0.190930529359 0.116884656356
0.231077813127 0.351310526024 0.0629171978124 0.733463554522 0.190930529359 0.116884656356
0.231077813127 0.351310526024 0.0629171978124 0.733463554522 0.190930529359 0.116884656356
0.231077813127 0.351310526024 0.0629171978124 0.733463554522 0.190930529359 0.116884656356
0.227702068027 0.34617794245 0.0619988913784 0.722743643319 0.188136858616 0.115168783106
0.231077813127 0.351310526024 0.0629171978124 0.733463554522 0.190930529359 0.116884656356
0.231077813127 0.351310526024 0.0629171978124 0.733463554522 0.190930529359 0.116884656356
0.231077813127 0.351310526024 0.0629171978124 0.733463554522 0.190930529359 0.116884656356
0.231077813127 0.351310526024 0.0629171978124 0.733463554522 0.190930529359 0.116884656356
0.231077813127 0.351310526024 0.0629171978124 0.733463554522 0.190930529359 0.116884656356
0.231077813127 0.351310526024 0.0629171978124 0.733463554522 0.190930529359 0.116884656356
0.231077813127 0.351310526024 0.0629171978124 0.733463554522 0.190930529359 0.116884656356
0.231077813127 0.351310526024 0.0629171978124 0.733463554522 0.190930529359 0.116884656356
0.231077813127 0.351310526024 0.0629171978124 0.733463554522 0.190930529359 0.116884656356
0.238989817956 0.363340174233 0.0650695063519 0.758588671128 0.19747827979 0.120906286264
0.231077813127 0.351310526024 0.0629171978124 0.733463554522 0.190930529359 0.116884656356
0.231077813127 0.351310526024 0.0629171978124 0.733463554522 0.190930529359 0.116884656356
0.234464215186 0.356459312755 0.063838403272 0.744217307638 0.193733019501 0.118605946483
0.231077813127 0.351310526024 0.0629171978124 0.733463554522 0.190930529359 0.116884656356
0.231077813127 0.351310526024 0.0629171978124 0.733463554522 0.190930529359 0.116884656356
0.231077813127 0.351310526024 0.0629171978124 0.733463554522 0.190930529359 0.116884656356
0.231077813127 0.351310526024 0.0629171978124 0.733463554522 0.190930529359 0.116884656356
0.231077813127 0.351310526024 0.0629171978124 0.733463554522 0.190930529359 0.116884656356
0.231077813127 0.351310526024 0.0629171978124 0.733463554522 0.190930529359 0.116884656356
0.231077813127 0.351310526024 0.0629171978124 0.733463554522 0.190930529359 0.116884656356
0.231077813127 0.351310526024 0.0629171978124 0.733463554522 0.190930529359 0.116884656356
0.231077813127 0.351310526024 0.0629171978124 0.733463554522 0.190930529359 0.116884656356
0.231077813127 0.351310526024 0.0629171978124 0.733463554522 0.190930529359 0.116884656356
0.231077813127 0.351310526024 0.0629171978124 0.733463554522 0.190930529359 0.116884656356
0.231077813127 0.351310526024 0.0629171978124 0.733463554522 0.190930529359 0.116884656356
0.231077813127 0.351310526024 0.0629171978124 0.733463554522 0.190930529359 0.116884656356
0.231077813127 0.351310526024 0.0629171978124 0.733463554522 0.190930529359 0.116884656356
0.231077813127 0.351310526024 0.0629171978124 0.733463554522 0.190930529359 0.116884656356
0.231077813127 0.351310526024 0.0629171978124 0.733463554522 0.190930529359 0.116884656356
0.231077813127 0.351310526024 0.0629171978124 0.733463554522 0.190930529359 0.116884656356
0.231077813127 0.351310526024 0.0629171978124 0.733463554522 0.190930529359 0.116884656356
0.231077813127 0.351310526024 0.0629171978124 0.733463554522 0.190930529359 0.116884656356
0.231077813127 0.351310526024 0.0629171978124 0.733463554522 0.190930529359 0.116884656356
0.231077813127 0.351310526024 0.0629171978124 0.733463554522 0.190930529359 0.116884656356
0.231077813127 0.351310526024 0.0629171978124 0.733463554522 0.190930529359 0.116884656356
0.231077813127 0.351310526024 0.0629171978124 0.733463554522 0.190930529359 0.116884656356
0.231077813127 0.351310526024 0.0629171978124 0.733463554522 0.190930529359 0.116884656356
0.231077813127 0.351310526024 0.0629171978124 0.733463554522 0.190930529359 0.116884656356
0.231077813127 0.351310526024 0.0629171978124 0.733463554522 0.190930529359 0.116884656356
0.231077813127 0.351310526024 0.0629171978124 0.733463554522 0.190930529359 0.116884656356
0.225918292419 0.343465836792 0.0615136495838 0.717079140952 0.186660656599 0.114262099469
0.231077813127 0.351310526024 0.0629171978124 0.733463554522 0.190930529359 0.116884656356
0.231077813127 0.351310526024 0.0629171978124 0.733463554522 0.190930529359 0.116884656356
0.231077813127 0.351310526024 0.0629171978124 0.733463554522 0.190930529359 0.116884656356
0.231077813127 0.351310526024 0.0629171978124 0.733463554522 0.190930529359 0.116884656356
0.231077813127 0.351310526024 0.0629171978124 0.733463554522 0.190930529359 0.116884656356
0.231077813127 0.351310526024 0.0629171978124 0.733463554522 0.190930529359 0.116884656356
0.231077813127 0.351310526024 0.0629171978124 0.733463554522 0.190930529359 0.116884656356
0.231077813127 0.351310526024 0.0629171978124 0.733463554522 0.190930529359 0.116884656356
0.231077813127 0.351310526024 0.0629171978124 0.733463554522 0.190930529359 0.116884656356
0.231077813127 0.351310526024 0.0629171978124 0.733463554522 0.190930529359 0.116884656356
0.231077813127 0.351310526024 0.0629171978124 0.733463554522 0.190930529359 0.116884656356
0.231077813127 0.351310526024 0.0629171978124 0.733463554522 0.190930529359 0.116884656356
0.231077813127 0.351310526024 0.0629171978124 0.733463554522 0.190930529359 0.116884656356
0.231077813127 0.351310526024 0.0629171978124 0.733463554522 0.190930529359 0.116884656356
0.231077813127 0.351310526024 0.0629171978124 0.733463554522 0.190930529359 0.116884656356
0.231077813127 0.351310526024 0.0629171978124 0.733463554522 0.190930529359 0.116884656356
0.231077813127 0.351310526024 0.0629171978124 0.733463554522 0.190930529359 0.116884656356
0.231077813127 0.351310526024 0.0629171978124 0.733463554522 0.190930529359 0.116884656356
0.231077813127 0.351310526024 0.0629171978124 0.733463554522 0.190930529359 0.116884656356
0.231077813127 0.351310526024 0.0629171978124 0.733463554522 0.190930529359 0.116884656356
0.231077813127 0.351310526024 0.0629171978124 0.733463554522 0.190930529359 0.116884656356
0.231077813127 0.351310526024 0.0629171978124 0.733463554522 0.190930529359 0.116884656356
0.231077813127 0.351310526024 0.0629171978124 0.733463554522 0.190930529359 0.116884656356
0.231077813127 0.351310526024 0.0629171978124 0.733463554522 0.190930529359 0.116884656356
0.231077813127 0.351310526024 0.0629171978124 0.733463554522 0.190930529359 0.116884656356
0.231077813127 0.351310526024 0.0629171978124 0.733463554522 0.190930529359 0.116884656356
0.231077813127 0.351310526024 0.0629171978124 0.733463554522 0.190930529359 0.116884656356
0.231077813127 0.351310526024 0.0629171978124 0.733463554522 0.190930529359 0.116884656356
0.231077813127 0.351310526024 0.0629171978124 0.733463554522 0.190930529359 0.116884656356
0.231077813127 0.351310526024 0.0629171978124 0.733463554522 0.190930529359 0.116884656356
0.236647674731 0.359779109793 0.0644323713911 0.751151033898 0.195539988592 0.119715787338
0.231077813127 0.351310526024 0.0629171978124 0.733463554522 0.190930529359 0.116884656356
0.231077813127 0.351310526024 0.0629171978124 0.733463554522 0.190930529359 0.116884656356
0.231077813127 0.351310526024 0.0629171978124 0.733463554522 0.190930529359 0.116884656356
0.231077813127 0.351310526024 0.0629171978124 0.733463554522 0.190930529359 0.116884656356
