0.572917606984 0.18691668037 0.102206636359 0.751257151034 0.185950562866 0.395658405675
0.00762681321345 0.00389491597067 0.00039480970183 0.0781635796607 0.269674719987 0.65170445663
0.0492580847911 0.0549010482252 0.444233491639 0.37274118426 0.408709754017 0.441436374335
0.278185693233 0.0859344408415 0.851964662596 0.201876169661 0.0939921405335 0.265342818662
0.131709517371 0.170578426566 0.511513244214 0.558258404989 0.0489224943373 0.133921650224
0.0251663454787 0.0163619080287 0.0350481315289 0.417075372245 0.131192671925 0.728908689271
0.145147181 0.010370155081 0.0112537658492 0.0189204059645 0.872927750892 0.16061476102
0.00181795964475 0.00465444040174 0.0288116204836 0.117766474529 0.300576635289 0.669454166037
0.0785550872646 0.0222345908997 0.173857140835 0.114889785527 0.120806003512 0.698257672263
0.0773292729423 0.000675029617126 0.264095354129 0.250168370071 0.131867453033 0.361792658935
0.265850383105 0.318943974695 0.235710417465 0.212430373986 0.565374820821 0.285824542423
1.28601911047e-05 4.25423187532e-06 4.8497645737e-05 0.000412339227613 0.0541699977546 0.493373279845
0.0186655507197 0.085386791175 0.0321407985059 0.200630211056 0.399458648496 0.334124731366
0.101094276255 0.0989258516637 0.201610765546 0.0205111313565 0.474463107843 0.517691285941
0.00235060425374 0.0252309531988 0.00730594092599 0.0972404836327 0.0745485253259 0.513570887325
0.00494119799153 0.350850329988 0.341337312599 0.0429851844418 0.463088851159 0.00166589887678
0.0406957701548 0.0248369184027 0.0397859623593 0.0996647696683 0.154584914102 0.577646894492
0.0742062573913 0.0496551105976 0.557883306558 0.161156100427 0.552461947662 0.461193576
0.0797906190176 0.0586743198239 0.0720349374399 0.0214103156444 0.421586804973 0.380264030073
0.000792762925551 0.000801051091442 4.10859723986e-05 0.0154009737319 0.0820112485691 0.366002736538
0.0388146703135 0.0127205770334 0.0167763113423 0.0155219723709 0.00434968569746 0.616016906026
0.125483729319 0.847528439206 0.0550293067888 0.0852374913854 0.37905130415 0.138098895072
0.0151771543621 0.0120019949837 0.0252601965396 0.0729942215978 0.744478608111 0.466587156355
0.0568527646901 0.0491676644997 0.0243876104174 0.118016784876 0.0422353740182 0.646332149344
0.112472519021 0.00848102592895 0.118871026567 0.000691498157155 0.848588382426 0.0291897866512
0.000485327451676 0.000134775873165 0.00103917020578 0.268592097264 0.251416046162 0.561366153559
0.697735101113 0.134473474101 0.172621983965 0.0269210292504 0.272446916483 0.377032848103
0.00185834208803 0.0169622813929 0.00621740601035 0.158336091444 0.41918544704 0.432800028182
0.00055141258316 0.00109225599053 0.00102540029394 0.00235941093641 0.00269809078018 0.546040737991
0.17072233897 0.0140415580205 0.0382094020941 0.0288822109761 0.155426480051 0.540968241862
0.0755194526637 0.0996054398586 0.0499166084139 0.0563167610637 0.34830346895 0.509630898993
0.232431441421 0.123368454022 0.0366615644972 0.578589249448 0.16193344131 0.381870554832
0.0168944112072 0.00385852433691 0.00919131502015 0.0697345531613 0.539604507817 0.391815050939
0.0198947679804 0.0110723905833 0.0144445018712 0.0904112475316 0.00795788296852 0.732536642013
0.00760415092551 0.00721616179088 0.00648849676974 0.00578509973632 0.00545308162117 0.704083514931
0.545029401372 0.424951660013 0.0522433393737 0.0484787704401 0.177318477982 0.12521380196
0.0200063723451 0.062365682351 0.0708265854403 0.388014675369 0.624615096835 0.373028346869
0.0290022609982 0.00358080792033 0.0196708085815 0.0462590116251 0.144974801034 0.507389499073
0.000156784977318 4.03765472896e-05 0.00203182196017 0.00267901246064 0.00354812667976 0.614292279872
0.137567509885 0.108041097895 0.202806005782 0.0976064146527 0.621456514989 0.0589546317868
0.345645680581 0.171811495273 0.392391727201 0.0843335429365 0.605447960519 0.423861480091
0.0583277393872 0.0479243864175 0.0202160277992 0.228426574163 0.663792724649 0.688935591339
0.0908170278173 0.040372089358 0.14559898292 0.0761582405713 0.299635071204 0.480441610743
6.90680647452e-05 0.000221049629881 7.17632027411e-05 1.87511812967e-05 0.00195237238281 0.815049216522
0.49010951564 0.402013093953 0.412346258112 0.30870656941 0.122855194535 0.371873783694
0.304613296979 0.421271862413 0.030355509957 0.249423358665 0.377015773634 0.257499912641
0.404895077236 0.0351606275101 0.173038356638 0.0943396514317 0.63639045462 0.0948042406339
0.219301132151 0.192829077247 0.305667179405 0.269975483863 0.293154284419 0.132837101423
0.25390413882 0.0108773577288 0.0373068754728 0.113543003731 0.0248012700038 0.786720738438
0.301606275583 0.121657740015 0.0099295020708 0.599188316576 0.179039246513 0.151869018176
0.572917606984 0.18691668037 0.102206636359 0.751257151034 0.185950562866 0.395658405675
0.572917606984 0.18691668037 0.102206636359 0.751257151034 0.185950562866 0.395658405675
0.572917606984 0.18691668037 0.102206636359 0.751257151034 0.185950562866 0.395658405675
0.528572672348 0.172448948826 0.0942954852674 0.693108435423 0.171556853469 0.364997795885
0.572917606984 0.18691668037 0.102206636359 0.751257151034 0.185950562866 0.395658405675
0.572917606984 0.18691668037 0.102206636359 0.751257151034 0.185950562866 0.395658405675
0.572917606984 0.18691668037 0.102206636359 0.751257151034 0.185950562866 0.395658405675
0.572917606984 0.18691668037 0.102206636359 0.751257151034 0.185950562866 0.395658405675
0.572917606984 0.18691668037 0.102206636359 0.751257151034 0.185950562866 0.395658405675
0.572917606984 0.18691668037 0.102206636359 0.751257151034 0.185950562866 0.395658405675
0.572917606984 0.18691668037 0.102206636359 0.751257151034 0.185950562866 0.395658405675
0.572917606984 0.18691668037 0.102206636359 0.751257151034 0.185950562866 0.395658405675
0.572917606984 0.18691668037 0.102206636359 0.751257151034 0.185950562866 0.395658405675
0.0121445548784 0.00396198574192 0.527295048976 0.751257151034 0.185950562866 0.395658405675
0.572917606984 0.18691668037 0.102206636359 0.751257151034 0.185950562866 0.395658405675
0.577227074481 0.188322663248 0.102975446794 0.756908078293 0.187349352228 0.398638022229
0.572917606984 0.18691668037 0.102206636359 0.751257151034 0.185950562866 0.395658405675
0.572917606984 0.18691668037 0.102206636359 0.751257151034 0.185950562866 0.395658405675
0.572917606984 0.18691668037 0.102206636359 0.751257151034 0.185950562866 0.395658405675
0.572917606984 0.18691668037 0.102206636359 0.751257151034 0.185950562866 0.395658405675
0.572917606984 0.18691668037 0.102206636359 0.751257151034 0.185950562866 0.395658405675
0.572917606984 0.18691668037 0.102206636359 0.751257151034 0.185950562866 0.395658405675
0.572917606984 0.18691668037 0.102206636359 0.751257151034 0.185950562866 0.395658405675
0.572917606984 0.18691668037 0.102206636359 0.751257151034 0.185950562866 0.395658405675
0.572917606984 0.18691668037 0.102206636359 0.751257151034 0.185950562866 0.395658405675
0.572917606984 0.18691668037 0.102206636359 0.751257151034 0.185950562866 0.395658405675
0.572917606984 0.18691668037 0.102206636359 0.751257151034 0.185950562866 0.395658405675
0.572917606984 0.18691668037 0.102206636359 0.751257151034 0.185950562866 0.395658405675
0.572917606984 0.18691668037 0.102206636359 0.751257151034 0.185950562866 0.395658405675
0.572917606984 0.18691668037 0.102206636359 0.751257151034 0.185950562866 0.395658405675
0.572917606984 0.18691668037 0.102206636359 0.751257151034 0.185950562866 0.395658405675
0.572917606984 0.18691668037 0.102206636359 0.751257151034 0.185950562866 0.395658405675
0.572917606984 0.18691668037 0.102206636359 0.751257151034 0.185950562866 0.395658405675
0.582325105577 0.189985918497 0.103884937237 0.763593034822 0.189004097661 0.402162860937
0.572917606984 0.18691668037 0.102206636359 0.751257151034 0.185950562866 0.395658405675
0.611253905318 0.199424067678 0.109045844735 0.801526849878 0.198393957859 0.422164573598
0.572917606984 0.18691668037 0.102206636359 0.751257151034 0.185950562866 0.395658405675
0.572917606984 0.18691668037 0.102206636359 0.751257151034 0.185950562866 0.395658405675
0.572917606984 0.18691668037 0.102206636359 0.751257151034 0.185950562866 0.395658405675
0.572917606984 0.18691668037 0.102206636359 0.751257151034 0.185950562866 0.395658405675
0.572917606984 0.18691668037 0.102206636359 0.751257151034 0.185950562866 0.395658405675
0.572917606984 0.18691668037 0.102206636359 0.751257151034 0.185950562866 0.395658405675
0.572917606984 0.18691668037 0.102206636359 0.751257151034 0.185950562866 0.395658405675
0.572917606984 0.18691668037 0.102206636359 0.751257151034 0.185950562866 0.395658405675
0.572917606984 0.18691668037 0.102206636359 0.751257151034 0.185950562866 0.395658405675
0.572917606984 0.18691668037 0.102206636359 0.751257151034 0.185950562866 0.395658405675
0.572917606984 0.18691668037 0.102206636359 0.751257151034 0.185950562866 0.395658405675
0.572917606984 0.18691668037 0.102206636359 0.751257151034 0.185950562866 0.395658405675
0.572917606984 0.18691668037 0.102206636359 0.751257151034 0.185950562866 0.395658405675
0.572917606984 0.18691668037 0.102206636359 0.751257151034 0.185950562866 0.395658405675
0.572917606984 0.18691668037 0.102206636359 0.751257151034 0.185950562866 0.395658405675
0.572917606984 0.18691668037 0.102206636359 0.751257151034 0.185950562866 0.395658405675
0.572917606984 0.18691668037 0.102206636359 0.751257151034 0.185950562866 0.395658405675
0.572917606984 0.18691668037 0.102206636359 0.751257151034 0.185950562866 0.395658405675
0.576172934944 0.18797874555 0.10278738795 0.755525804067 0.187007194137 0.397909177744
0.572917606984 0.18691668037 0.102206636359 0.751257151034 0.185950562866 0.395658405675
0.572917606984 0.18691668037 0.102206636359 0.751257151034 0.185950562866 0.395658405675
0.572917606984 0.18691668037 0.102206636359 0.751257151034 0.185950562866 0.395658405675
0.572917606984 0.18691668037 0.102206636359 0.751257151034 0.185950562866 0.395658405675
0.572917606984 0.18691668037 0.102206636359 0.751257151034 0.185950562866 0.395658405675
0.572387428133 0.186743707169 0.102112052275 0.750561937038 0.185778474659 0.395291833777
0.572917606984 0.18691668037 0.102206636359 0.751257151034 0.185950562866 0.395658405675
0.572917606984 0.18691668037 0.102206636359 0.751257151034 0.185950562866 0.395658405675
0.572917606984 0.18691668037 0.102206636359 0.751257151034 0.185950562866 0.395658405675
0.572917606984 0.18691668037 0.102206636359 0.751257151034 0.185950562866 0.395658405675
0.572917606984 0.18691668037 0.102206636359 0.751257151034 0.185950562866 0.395658405675
0.549657939879 0.179328110847 0.0980571040094 0.720757167692 0.178400819209 0.37957639805
0.572917606984 0.18691668037 0.102206636359 0.751257151034 0.185950562866 0.395658405675
0.572917606984 0.18691668037 0.102206636359 0.751257151034 0.185950562866 0.395658405675
0.572917606984 0.18691668037 0.102206636359 0.751257151034 0.185950562866 0.395658405675
0.572917606984 0.18691668037 0.102206636359 0.751257151034 0.185950562866 0.395658405675
0.572917606984 0.18691668037 0.102206636359 0.751257151034 0.185950562866 0.395658405675
0.572917606984 0.18691668037 0.102206636359 0.751257151034 0.185950562866 0.395658405675
0.572917606984 0.18691668037 0.102206636359 0.751257151034 0.185950562866 0.395658405675
0.572917606984 0.18691668037 0.102206636359 0.751257151034 0.185950562866 0.395658405675
0.572917606984 0.18691668037 0.102206636359 0.751257151034 0.185950562866 0.395658405675
0.572917606984 0.18691668037 0.102206636359 0.751257151034 0.185950562866 0.395658405675
0.572917606984 0.18691668037 0.102206636359 0.751257151034 0.185950562866 0.395658405675
0.572917606984 0.18691668037 0.102206636359 0.751257151034 0.185950562866 0.395658405675
0.572917606984 0.18691668037 0.102206636359 0.751257151034 0.185950562866 0.395658405675
0.572917606984 0.18691668037 0.102206636359 0.751257151034 0.185950562866 0.395658405675
0.572917606984 0.18691668037 0.102206636359 0.751257151034 0.185950562866 0.395658405675
0.572917606984 0.18691668037 0.102206636359 0.751257151034 0.185950562866 0.395658405675
0.572917606984 0.18691668037 0.102206636359 0.751257151034 0.185950562866 0.395658405675
0.572917606984 0.18691668037 0.102206636359 0.751257151034 0.185950562866 0.395658405675
0.572917606984 0.18691668037 0.102206636359 0.751257151034 0.185950562866 0.395658405675
0.572917606984 0.18691668037 0.102206636359 0.751257151034 0.185950562866 0.395658405675
0.572917606984 0.18691668037 0.102206636359 0.751257151034 0.185950562866 0.395658405675
0.572917606984 0.18691668037 0.102206636359 0.751257151034 0.185950562866 0.395658405675
0.572917606984 0.18691668037 0.102206636359 0.751257151034 0.185950562866 0.395658405675
0.572917606984 0.18691668037 0.102206636359 0.751257151034 0.185950562866 0.395658405675
0.572917606984 0.18691668037 0.102206636359 0.751257151034 0.185950562866 0.395658405675
0.572917606984 0.18691668037 0.102206636359 0.751257151034 0.185950562866 0.395658405675
0.572917606984 0.18691668037 0.102206636359 0.751257151034 0.185950562866 0.395658405675
0.572917606984 0.18691668037 0.102206636359 0.751257151034 0.185950562866 0.395658405675
0.572917606984 0.18691668037 0.102206636359 0.751257151034 0.185950562866 0.395658405675
0.572917606984 0.18691668037 0.102206636359 0.751257151034 0.185950562866 0.395658405675
0.872306343379 0.284593583061 0.155617686528 0.465237936239 0.185950562866 0.395658405675
0.572917606984 0.18691668037 0.102206636359 0.751257151034 0.185950562866 0.395658405675
0.572917606984 0.18691668037 0.102206636359 0.751257151034 0.185950562866 0.395658405675
0.572917606984 0.18691668037 0.102206636359 0.751257151034 0.185950562866 0.395658405675
0.561033074469 0.183039298943 0.100086431804 0.735673177192 0.182093019525 0.387441300002
0.572917606984 0.18691668037 0.102206636359 0.751257151034 0.185950562866 0.395658405675
0.572917606984 0.18691668037 0.102206636359 0.751257151034 0.185950562866 0.395658405675
0.572917606984 0.18691668037 0.102206636359 0.751257151034 0.185950562866 0.395658405675
0.572917606984 0.18691668037 0.102206636359 0.751257151034 0.185950562866 0.395658405675
0.572917606984 0.18691668037 0.102206636359 0.751257151034 0.185950562866 0.395658405675
0.572917606984 0.18691668037 0.102206636359 0.751257151034 0.185950562866 0.395658405675
0.572917606984 0.18691668037 0.102206636359 0.751257151034 0.185950562866 0.395658405675
0.572917606984 0.18691668037 0.102206636359 0.751257151034 0.185950562866 0.395658405675
0.513887080592 0.167657709402 0.250542509997 0.751257151034 0.185950562866 0.395658405675
0.572917606984 0.18691668037 0.102206636359 0.751257151034 0.185950562866 0.395658405675
0.572917606984 0.18691668037 0.102206636359 0.751257151034 0.185950562866 0.395658405675
0.572917606984 0.18691668037 0.102206636359 0.751257151034 0.185950562866 0.395658405675
0.572917606984 0.18691668037 0.102206636359 0.751257151034 0.185950562866 0.395658405675
0.572917606984 0.18691668037 0.102206636359 0.751257151034 0.185950562866 0.395658405675
0.572917606984 0.18691668037 0.102206636359 0.751257151034 0.185950562866 0.395658405675
0.572917606984 0.18691668037 0.102206636359 0.751257151034 0.185950562866 0.395658405675
0.572917606984 0.18691668037 0.102206636359 0.751257151034 0.185950562866 0.395658405675
0.572917606984 0.18691668037 0.102206636359 0.751257151034 0.185950562866 0.395658405675
0.572917606984 0.18691668037 0.102206636359 0.751257151034 0.185950562866 0.395658405675
0.572917606984 0.18691668037 0.102206636359 0.751257151034 0.185950562866 0.395658405675
0.572917606984 0.18691668037 0.102206636359 0.751257151034 0.185950562866 0.395658405675
0.572917606984 0.18691668037 0.102206636359 0.751257151034 0.185950562866 0.395658405675
0.572917606984 0.18691668037 0.102206636359 0.751257151034 0.185950562866 0.395658405675
0.572917606984 0.18691668037 0.102206636359 0.751257151034 0.185950562866 0.395658405675
0.572917606984 0.18691668037 0.102206636359 0.751257151034 0.185950562866 0.395658405675
0.572917606984 0.18691668037 0.102206636359 0.751257151034 0.185950562866 0.395658405675
0.572917606984 0.18691668037 0.102206636359 0.751257151034 0.185950562866 0.395658405675
0.572917606984 0.18691668037 0.102206636359 0.751257151034 0.185950562866 0.395658405675
0.572917606984 0.18691668037 0.102206636359 0.751257151034 0.185950562866 0.395658405675
0.572917606984 0.18691668037 0.102206636359 0.751257151034 0.185950562866 0.395658405675
0.572917606984 0.18691668037 0.102206636359 0.751257151034 0.185950562866 0.395658405675
0.572917606984 0.18691668037 0.102206636359 0.751257151034 0.185950562866 0.395658405675
0.572917606984 0.18691668037 0.102206636359 0.751257151034 0.185950562866 0.395658405675
0.572917606984 0.18691668037 0.102206636359 0.751257151034 0.185950562866 0.395658405675
0.572917606984 0.18691668037 0.102206636359 0.751257151034 0.185950562866 0.395658405675
0.572917606984 0.18691668037 0.102206636359 0.751257151034 0.185950562866 0.395658405675
0.572917606984 0.18691668037 0.102206636359 0.751257151034 0.185950562866 0.395658405675
0.572917606984 0.18691668037 0.102206636359 0.751257151034 0.185950562866 0.395658405675
0.572917606984 0.18691668037 0.102206636359 0.751257151034 0.185950562866 0.395658405675
0.572917606984 0.18691668037 0.102206636359 0.751257151034 0.185950562866 0.395658405675
0.572917606984 0.18691668037 0.102206636359 0.751257151034 0.185950562866 0.395658405675
0.572917606984 0.18691668037 0.102206636359 0.751257151034 0.185950562866 0.395658405675
0.572917606984 0.18691668037 0.102206636359 0.751257151034 0.185950562866 0.395658405675
0.572917606984 0.18691668037 0.102206636359 0.751257151034 0.185950562866 0.395658405675
0.572917606984 0.18691668037 0.102206636359 0.751257151034 0.185950562866 0.395658405675
0.572917606984 0.18691668037 0.102206636359 0.751257151034 0.185950562866 0.395658405675
0.55770700547 0.181954154185 0.0994930599885 0.731311762706 0.181013426759 0.385141616745
0.572917606984 0.18691668037 0.102206636359 0.751257151034 0.185950562866 0.395658405675
0.572917606984 0.18691668037 0.102206636359 0.751257151034 0.185950562866 0.395658405675
0.572917606984 0.18691668037 0.102206636359 0.751257151034 0.185950562866 0.395658405675
0.572917606984 0.18691668037 0.102206636359 0.751257151034 0.185950562866 0.395658405675
0.572917606984 0.18691668037 0.102206636359 0.751257151034 0.185950562866 0.395658405675
0.572917606984 0.18691668037 0.102206636359 0.751257151034 0.185950562866 0.395658405675
0.613885808155 0.00167734980732 0.102206636359 0.751257151034 0.185950562866 0.395658405675
0.572917606984 0.18691668037 0.102206636359 0.751257151034 0.185950562866 0.395658405675
0.572917606984 0.18691668037 0.102206636359 0.751257151034 0.185950562866 0.395658405675
0.572917606984 0.18691668037 0.102206636359 0.751257151034 0.185950562866 0.395658405675
0.572917606984 0.18691668037 0.102206636359 0.751257151034 0.185950562866 0.395658405675
0.572917606984 0.18691668037 0.102206636359 0.751257151034 0.185950562866 0.395658405675
0.572917606984 0.18691668037 0.102206636359 0.751257151034 0.185950562866 0.395658405675
0.572917606984 0.18691668037 0.102206636359 0.751257151034 0.185950562866 0.395658405675
0.572917606984 0.18691668037 0.102206636359 0.751257151034 0.185950562866 0.395658405675
0.572917606984 0.18691668037 0.102206636359 0.751257151034 0.185950562866 0.395658405675
0.572917606984 0.18691668037 0.102206636359 0.751257151034 0.185950562866 0.395658405675
0.572917606984 0.18691668037 0.102206636359 0.751257151034 0.185950562866 0.395658405675
0.572917606984 0.18691668037 0.102206636359 0.751257151034 0.185950562866 0.395658405675
0.572917606984 0.18691668037 0.102206636359 0.751257151034 0.185950562866 0.395658405675
0.572917606984 0.18691668037 0.102206636359 0.751257151034 0.185950562866 0.395658405675
0.646374846854 0.210882430575 0.115311432388 0.847580309155 0.209793695628 0.0347368904675
0.572917606984 0.18691668037 0.102206636359 0.751257151034 0.185950562866 0.395658405675
0.572917606984 0.18691668037 0.102206636359 0.751257151034 0.185950562866 0.395658405675
0.572917606984 0.18691668037 0.102206636359 0.751257151034 0.185950562866 0.395658405675
0.572917606984 0.18691668037 0.102206636359 0.751257151034 0.185950562866 0.395658405675
0.572917606984 0.18691668037 0.102206636359 0.751257151034 0.185950562866 0.395658405675
0.572917606984 0.18691668037 0.102206636359 0.751257151034 0.185950562866 0.395658405675
0.572917606984 0.18691668037 0.102206636359 0.751257151034 0.185950562866 0.395658405675
0.572917606984 0.18691668037 0.102206636359 0.751257151034 0.185950562866 0.395658405675
0.572917606984 0.18691668037 0.102206636359 0.751257151034 0.185950562866 0.395658405675
0.572917606984 0.18691668037 0.102206636359 0.751257151034 0.185950562866 0.395658405675
0.568039696465 0.185325240435 0.101336415499 0.74486083466 0.184367265314 0.392285760924
0.572917606984 0.18691668037 0.102206636359 0.751257151034 0.185950562866 0.395658405675
0.572917606984 0.18691668037 0.102206636359 0.751257151034 0.185950562866 0.395658405675
0.572917606984 0.18691668037 0.102206636359 0.751257151034 0.185950562866 0.395658405675
0.572917606984 0.18691668037 0.102206636359 0.751257151034 0.185950562866 0.395658405675
0.572917606984 0.18691668037 0.102206636359 0.751257151034 0.185950562866 0.395658405675
0.572917606984 0.18691668037 0.102206636359 0.751257151034 0.185950562866 0.395658405675
0.572917606984 0.18691668037 0.102206636359 0.751257151034 0.185950562866 0.395658405675
0.572917606984 0.18691668037 0.102206636359 0.751257151034 0.185950562866 0.395658405675
0.572917606984 0.18691668037 0.102206636359 0.751257151034 0.185950562866 0.395658405675
0.572917606984 0.18691668037 0.102206636359 0.751257151034 0.185950562866 0.395658405675
0.572917606984 0.18691668037 0.102206636359 0.751257151034 0.185950562866 0.395658405675
0.565871410639 0.184617827571 0.100949592587 0.742017600434 0.183663471829 0.390786582581
0.572917606984 0.18691668037 0.102206636359 0.751257151034 0.185950562866 0.395658405675
0.572917606984 0.18691668037 0.102206636359 0.751257151034 0.185950562866 0.395658405675
0.572917606984 0.18691668037 0.102206636359 0.751257151034 0.185950562866 0.395658405675
0.572917606984 0.18691668037 0.102206636359 0.751257151034 0.185950562866 0.395658405675
0.572917606984 0.18691668037 0.102206636359 0.751257151034 0.185950562866 0.395658405675
0.572917606984 0.18691668037 0.102206636359 0.751257151034 0.185950562866 0.395658405675
0.572917606984 0.18691668037 0.102206636359 0.751257151034 0.185950562866 0.395658405675
0.572917606984 0.18691668037 0.102206636359 0.751257151034 0.185950562866 0.395658405675
0.572917606984 0.18691668037 0.102206636359 0.751257151034 0.185950562866 0.395658405675
0.572917606984 0.18691668037 0.102206636359 0.751257151034 0.185950562866 0.395658405675
0.550262339785 0.179525298996 0.0981649291536 0.721549706423 0.178596998472 0.379994287259
0.572917606984 0.18691668037 0.102206636359 0.751257151034 0.185950562866 0.395658405675
0.572917606984 0.18691668037 0.102206636359 0.751257151034 0.185950562866 0.395658405675
0.572917606984 0.18691668037 0.102206636359 0.751257151034 0.185950562866 0.395658405675
0.572917606984 0.18691668037 0.102206636359 0.751257151034 0.185950562866 0.395658405675
0.572917606984 0.18691668037 0.102206636359 0.751257151034 0.185950562866 0.395658405675
0.572917606984 0.18691668037 0.102206636359 0.751257151034 0.185950562866 0.395658405675
0.572917606984 0.18691668037 0.102206636359 0.751257151034 0.185950562866 0.395658405675
0.572917606984 0.18691668037 0.102206636359 0.751257151034 0.185950562866 0.395658405675
0.572917606984 0.18691668037 0.102206636359 0.751257151034 0.185950562866 0.395658405675
0.572917606984 0.18691668037 0.102206636359 0.751257151034 0.185950562866 0.395658405675
0.572917606984 0.18691668037 0.102206636359 0.751257151034 0.185950562866 0.395658405675
0.572917606984 0.18691668037 0.102206636359 0.751257151034 0.185950562866 0.395658405675
0.572917606984 0.18691668037 0.102206636359 0.751257151034 0.185950562866 0.395658405675
0.572917606984 0.18691668037 0.102206636359 0.751257151034 0.185950562866 0.395658405675
0.572917606984 0.18691668037 0.102206636359 0.751257151034 0.185950562866 0.395658405675
0.572917606984 0.18691668037 0.102206636359 0.751257151034 0.185950562866 0.395658405675
0.572917606984 0.18691668037 0.102206636359 0.751257151034 0.185950562866 0.395658405675
0.572917606984 0.18691668037 0.102206636359 0.751257151034 0.185950562866 0.395658405675
0.572917606984 0.18691668037 0.102206636359 0.751257151034 0.185950562866 0.395658405675
0.572917606984 0.18691668037 0.102206636359 0.751257151034 0.185950562866 0.395658405675
0.572917606984 0.18691668037 0.102206636359 0.751257151034 0.185950562866 0.395658405675
0.572917606984 0.18691668037 0.102206636359 0.751257151034 0.185950562866 0.395658405675
0.572917606984 0.18691668037 0.102206636359 0.751257151034 0.185950562866 0.395658405675
0.572917606984 0.18691668037 0.102206636359 0.751257151034 0.185950562866 0.395658405675
0.572917606984 0.18691668037 0.102206636359 0.751257151034 0.185950562866 0.395658405675
0.572917606984 0.18691668037 0.102206636359 0.751257151034 0.185950562866 0.395658405675
0.572917606984 0.18691668037 0.102206636359 0.751257151034 0.185950562866 0.395658405675
0.572917606984 0.18691668037 0.102206636359 0.751257151034 0.185950562866 0.395658405675
0.572917606984 0.18691668037 0.102206636359 0.751257151034 0.185950562866 0.395658405675
0.572917606984 0.18691668037 0.102206636359 0.751257151034 0.185950562866 0.395658405675
0.572917606984 0.18691668037 0.102206636359 0.751257151034 0.185950562866 0.395658405675
0.572917606984 0.18691668037 0.102206636359 0.751257151034 0.185950562866 0.395658405675
0.572917606984 0.18691668037 0.102206636359 0.751257151034 0.185950562866 0.395658405675
0.572917606984 0.18691668037 0.102206636359 0.751257151034 0.185950562866 0.395658405675
0.384256245209 0.125365074596 0.0685493866564 0.503868898853 0.124713877364 0.685670982307
0.572917606984 0.18691668037 0.102206636359 0.751257151034 0.185950562866 0.395658405675
0.572917606984 0.18691668037 0.102206636359 0.751257151034 0.185950562866 0.395658405675
0.572917606984 0.18691668037 0.102206636359 0.751257151034 0.185950562866 0.395658405675
0.572917606984 0.18691668037 0.102206636359 0.751257151034 0.185950562866 0.395658405675
0.572917606984 0.18691668037 0.102206636359 0.751257151034 0.185950562866 0.395658405675
0.572917606984 0.18691668037 0.102206636359 0.751257151034 0.185950562866 0.395658405675
0.572917606984 0.18691668037 0.102206636359 0.751257151034 0.185950562866 0.395658405675
0.572917606984 0.18691668037 0.102206636359 0.751257151034 0.185950562866 0.395658405675
0.572917606984 0.18691668037 0.102206636359 0.751257151034 0.185950562866 0.395658405675
0.572917606984 0.18691668037 0.102206636359 0.751257151034 0.185950562866 0.395658405675
0.572917606984 0.18691668037 0.102206636359 0.751257151034 0.185950562866 0.395658405675
0.572917606984 0.18691668037 0.102206636359 0.751257151034 0.185950562866 0.395658405675
0.572917606984 0.18691668037 0.102206636359 0.751257151034 0.185950562866 0.395658405675
0.572917606984 0.18691668037 0.102206636359 0.751257151034 0.185950562866 0.395658405675
0.572917606984 0.18691668037 0.102206636359 0.751257151034 0.185950562866 0.395658405675
0.572917606984 0.18691668037 0.102206636359 0.751257151034 0.185950562866 0.395658405675
0.572917606984 0.18691668037 0.102206636359 0.751257151034 0.185950562866 0.395658405675
0.572917606984 0.18691668037 0.102206636359 0.751257151034 0.185950562866 0.395658405675
0.572917606984 0.18691668037 0.102206636359 0.751257151034 0.185950562866 0.395658405675
0.572917606984 0.18691668037 0.102206636359 0.751257151034 0.185950562866 0.395658405675
0.572917606984 0.18691668037 0.102206636359 0.751257151034 0.185950562866 0.395658405675
0.572917606984 0.18691668037 0.102206636359 0.751257151034 0.185950562866 0.395658405675
0.572917606984 0.18691668037 0.102206636359 0.751257151034 0.185950562866 0.395658405675
0.572917606984 0.18691668037 0.102206636359 0.751257151034 0.185950562866 0.395658405675
0.572917606984 0.18691668037 0.102206636359 0.751257151034 0.185950562866 0.395658405675
0.572917606984 0.18691668037 0.102206636359 0.751257151034 0.185950562866 0.395658405675
0.572917606984 0.18691668037 0.102206636359 0.751257151034 0.185950562866 0.395658405675
0.572917606984 0.18691668037 0.102206636359 0.751257151034 0.185950562866 0.395658405675
0.572917606984 0.18691668037 0.102206636359 0.751257151034 0.185950562866 0.395658405675
0.572917606984 0.18691668037 0.102206636359 0.751257151034 0.185950562866 0.395658405675
0.572917606984 0.18691668037 0.102206636359 0.751257151034 0.185950562866 0.395658405675
0.572917606984 0.18691668037 0.102206636359 0.751257151034 0.185950562866 0.395658405675
0.572917606984 0.18691668037 0.102206636359 0.751257151034 0.185950562866 0.395658405675
0.572917606984 0.18691668037 0.102206636359 0.751257151034 0.185950562866 0.395658405675
0.572917606984 0.18691668037 0.102206636359 0.751257151034 0.185950562866 0.395658405675
0.572917606984 0.18691668037 0.102206636359 0.751257151034 0.185950562866 0.395658405675
0.572917606984 0.18691668037 0.102206636359 0.751257151034 0.185950562866 0.395658405675
0.572917606984 0.18691668037 0.102206636359 0.751257151034 0.185950562866 0.395658405675
0.572917606984 0.18691668037 0.102206636359 0.751257151034 0.185950562866 0.395658405675
0.572917606984 0.18691668037 0.102206636359 0.751257151034 0.185950562866 0.395658405675
0.572917606984 0.18691668037 0.102206636359 0.751257151034 0.185950562866 0.395658405675
0.572917606984 0.18691668037 0.102206636359 0.751257151034 0.185950562866 0.395658405675
0.572917606984 0.18691668037 0.102206636359 0.751257151034 0.185950562866 0.395658405675
0.572917606984 0.18691668037 0.102206636359 0.751257151034 0.185950562866 0.395658405675
0.572917606984 0.18691668037 0.102206636359 0.751257151034 0.185950562866 0.395658405675
0.572917606984 0.18691668037 0.102206636359 0.751257151034 0.185950562866 0.395658405675
0.572917606984 0.18691668037 0.102206636359 0.751257151034 0.185950562866 0.395658405675
0.124371785375 0.0405766172892 0.0221859125671 0.163087078547 0.0403592284634 0.836513250796
0.572917606984 0.18691668037 0.102206636359 0.751257151034 0.185950562866 0.395658405675
0.572917606984 0.18691668037 0.102206636359 0.751257151034 0.185950562866 0.395658405675
0.572917606984 0.18691668037 0.102206636359 0.751257151034 0.185950562866 0.395658405675
0.572917606984 0.18691668037 0.102206636359 0.751257151034 0.185950562866 0.395658405675
0.572917606984 0.18691668037 0.102206636359 0.751257151034 0.185950562866 0.395658405675
0.572917606984 0.18691668037 0.102206636359 0.751257151034 0.185950562866 0.395658405675
0.572917606984 0.18691668037 0.102206636359 0.751257151034 0.185950562866 0.395658405675
0.572917606984 0.18691668037 0.102206636359 0.751257151034 0.185950562866 0.395658405675
0.572917606984 0.18691668037 0.102206636359 0.751257151034 0.185950562866 0.395658405675
0.572917606984 0.18691668037 0.102206636359 0.751257151034 0.185950562866 0.395658405675
0.572917606984 0.18691668037 0.102206636359 0.751257151034 0.185950562866 0.395658405675
0.572917606984 0.18691668037 0.102206636359 0.751257151034 0.185950562866 0.395658405675
0.572917606984 0.18691668037 0.102206636359 0.751257151034 0.185950562866 0.395658405675
0.572917606984 0.18691668037 0.102206636359 0.751257151034 0.185950562866 0.395658405675
0.572917606984 0.18691668037 0.102206636359 0.751257151034 0.185950562866 0.395658405675
0.572917606984 0.18691668037 0.102206636359 0.751257151034 0.185950562866 0.395658405675
0.572917606984 0.18691668037 0.102206636359 0.751257151034 0.185950562866 0.395658405675
0.572917606984 0.18691668037 0.102206636359 0.751257151034 0.185950562866 0.395658405675
0.572917606984 0.18691668037 0.102206636359 0.751257151034 0.185950562866 0.395658405675
0.572917606984 0.18691668037 0.102206636359 0.751257151034 0.185950562866 0.395658405675
0.572917606984 0.18691668037 0.102206636359 0.751257151034 0.185950562866 0.395658405675
0.572917606984 0.18691668037 0.102206636359 0.751257151034 0.185950562866 0.395658405675
0.555094844269 0.181101925011 0.0990270495613 0.727886482681 0.180165557898 0.383335537743
0.572917606984 0.18691668037 0.102206636359 0.751257151034 0.185950562866 0.395658405675
0.572917606984 0.18691668037 0.102206636359 0.751257151034 0.185950562866 0.395658405675
0.572917606984 0.18691668037 0.102206636359 0.751257151034 0.185950562866 0.395658405675
0.572917606984 0.18691668037 0.102206636359 0.751257151034 0.185950562866 0.395658405675
0.572917606984 0.18691668037 0.102206636359 0.751257151034 0.185950562866 0.395658405675
0.572917606984 0.18691668037 0.102206636359 0.751257151034 0.185950562866 0.395658405675
0.572917606984 0.18691668037 0.102206636359 0.751257151034 0.185950562866 0.395658405675
0.572917606984 0.18691668037 0.102206636359 0.751257151034 0.185950562866 0.395658405675
0.572917606984 0.18691668037 0.102206636359 0.751257151034 0.185950562866 0.395658405675
0.572917606984 0.18691668037 0.102206636359 0.751257151034 0.185950562866 0.395658405675
0.572917606984 0.18691668037 0.102206636359 0.751257151034 0.185950562866 0.395658405675
0.572917606984 0.18691668037 0.102206636359 0.751257151034 0.185950562866 0.395658405675
0.572917606984 0.18691668037 0.102206636359 0.751257151034 0.185950562866 0.395658405675
0.572917606984 0.18691668037 0.102206636359 0.751257151034 0.185950562866 0.395658405675
0.60223835274 0.196482703676 0.107437467156 0.789704917853 0.195467642939 0.415931114424
0.572917606984 0.18691668037 0.102206636359 0.751257151034 0.185950562866 0.395658405675
0.572917606984 0.18691668037 0.102206636359 0.751257151034 0.185950562866 0.395658405675
0.572917606984 0.18691668037 0.102206636359 0.751257151034 0.185950562866 0.395658405675
0.572917606984 0.18691668037 0.102206636359 0.751257151034 0.185950562866 0.395658405675
0.572917606984 0.18691668037 0.102206636359 0.751257151034 0.185950562866 0.395658405675
0.572917606984 0.18691668037 0.102206636359 0.751257151034 0.185950562866 0.395658405675
0.572917606984 0.18691668037 0.102206636359 0.751257151034 0.185950562866 0.395658405675
0.572917606984 0.18691668037 0.102206636359 0.751257151034 0.185950562866 0.395658405675
0.572917606984 0.18691668037 0.102206636359 0.751257151034 0.185950562866 0.395658405675
0.572917606984 0.18691668037 0.102206636359 0.751257151034 0.185950562866 0.395658405675
0.572917606984 0.18691668037 0.102206636359 0.751257151034 0.185950562866 0.395658405675
0.572917606984 0.18691668037 0.102206636359 0.751257151034 0.185950562866 0.395658405675
0.57013202011 0.186007870301 0.101709686734 0.747604461042 0.185046402599 0.393732418121
0.572917606984 0.18691668037 0.102206636359 0.751257151034 0.185950562866 0.395658405675
0.548163672763 0.178840599575 0.0977905262588 0.718797762085 0.177915802221 0.378543244177
0.570770780507 0.186216268713 0.101823641801 0.748442056068 0.185253734769 0.394174064578
0.572917606984 0.18691668037 0.102206636359 0.751257151034 0.185950562866 0.395658405675
0.572917606984 0.18691668037 0.102206636359 0.751257151034 0.185950562866 0.395658405675
0.572917606984 0.18691668037 0.102206636359 0.751257151034 0.185950562866 0.395658405675
0.572917606984 0.18691668037 0.102206636359 0.751257151034 0.185950562866 0.395658405675
0.572917606984 0.18691668037 0.102206636359 0.751257151034 0.185950562866 0.395658405675
0.572917606984 0.18691668037 0.102206636359 0.751257151034 0.185950562866 0.395658405675
0.571335715875 0.186400581382 0.109190254673 0.751257151034 0.185950562866 0.395658405675
0.572917606984 0.18691668037 0.102206636359 0.751257151034 0.185950562866 0.395658405675
0.572917606984 0.18691668037 0.102206636359 0.751257151034 0.185950562866 0.395658405675
0.572917606984 0.18691668037 0.102206636359 0.751257151034 0.185950562866 0.395658405675
0.572917606984 0.18691668037 0.102206636359 0.751257151034 0.185950562866 0.395658405675
0.572917606984 0.18691668037 0.102206636359 0.751257151034 0.185950562866 0.395658405675
0.572917606984 0.18691668037 0.102206636359 0.751257151034 0.185950562866 0.395658405675
0.572917606984 0.18691668037 0.102206636359 0.751257151034 0.185950562866 0.395658405675
0.572917606984 0.18691668037 0.102206636359 0.751257151034 0.185950562866 0.395658405675
0.572917606984 0.18691668037 0.102206636359 0.751257151034 0.185950562866 0.395658405675
0.572917606984 0.18691668037 0.102206636359 0.751257151034 0.185950562866 0.395658405675
0.572917606984 0.18691668037 0.102206636359 0.751257151034 0.185950562866 0.395658405675
0.572917606984 0.18691668037 0.102206636359 0.751257151034 0.185950562866 0.395658405675
0.572917606984 0.18691668037 0.102206636359 0.751257151034 0.185950562866 0.395658405675
0.572917606984 0.18691668037 0.102206636359 0.751257151034 0.185950562866 0.395658405675
0.572917606984 0.18691668037 0.102206636359 0.751257151034 0.185950562866 0.395658405675
0.572917606984 0.18691668037 0.102206636359 0.751257151034 0.185950562866 0.395658405675
0.572917606984 0.18691668037 0.102206636359 0.751257151034 0.185950562866 0.395658405675
0.572917606984 0.18691668037 0.102206636359 0.751257151034 0.185950562866 0.395658405675
0.572917606984 0.18691668037 0.102206636359 0.751257151034 0.185950562866 0.395658405675
0.572917606984 0.18691668037 0.102206636359 0.751257151034 0.185950562866 0.395658405675
0.572917606984 0.18691668037 0.102206636359 0.751257151034 0.185950562866 0.395658405675
0.572917606984 0.18691668037 0.102206636359 0.751257151034 0.185950562866 0.395658405675
0.572917606984 0.18691668037 0.102206636359 0.751257151034 0.185950562866 0.395658405675
0.572917606984 0.18691668037 0.102206636359 0.751257151034 0.185950562866 0.395658405675
0.572917606984 0.18691668037 0.102206636359 0.751257151034 0.185950562866 0.395658405675
0.572917606984 0.18691668037 0.102206636359 0.751257151034 0.185950562866 0.395658405675
0.572917606984 0.18691668037 0.102206636359 0.751257151034 0.185950562866 0.395658405675
0.572917606984 0.18691668037 0.102206636359 0.751257151034 0.185950562866 0.395658405675
0.572917606984 0.18691668037 0.102206636359 0.751257151034 0.185950562866 0.395658405675
0.572917606984 0.18691668037 0.102206636359 0.751257151034 0.185950562866 0.395658405675
0.572917606984 0.18691668037 0.102206636359 0.751257151034 0.185950562866 0.395658405675
0.572917606984 0.18691668037 0.102206636359 0.751257151034 0.185950562866 0.395658405675
0.572917606984 0.18691668037 0.102206636359 0.751257151034 0.185950562866 0.395658405675
0.572917606984 0.18691668037 0.102206636359 0.751257151034 0.185950562866 0.395658405675
0.572917606984 0.18691668037 0.102206636359 0.751257151034 0.185950562866 0.395658405675
0.572917606984 0.18691668037 0.102206636359 0.751257151034 0.185950562866 0.395658405675
0.572917606984 0.18691668037 0.102206636359 0.751257151034 0.185950562866 0.395658405675
0.572917606984 0.18691668037 0.102206636359 0.751257151034 0.185950562866 0.395658405675
0.572917606984 0.18691668037 0.102206636359 0.751257151034 0.185950562866 0.395658405675
0.572917606984 0.18691668037 0.102206636359 0.751257151034 0.185950562866 0.395658405675
0.526965647314 0.171924649784 0.0940087914668 0.691001172385 0.17103523693 0.36388667986
0.572917606984 0.18691668037 0.102206636359 0.751257151034 0.185950562866 0.395658405675
0.572917606984 0.18691668037 0.102206636359 0.751257151034 0.185950562866 0.395658405675
0.572917606984 0.18691668037 0.102206636359 0.751257151034 0.185950562866 0.395658405675
0.572917606984 0.18691668037 0.102206636359 0.751257151034 0.185950562866 0.395658405675
0.572917606984 0.18691668037 0.102206636359 0.751257151034 0.185950562866 0.395658405675
0.572917606984 0.18691668037 0.102206636359 0.751257151034 0.185950562866 0.395658405675
0.572917606984 0.18691668037 0.102206636359 0.751257151034 0.185950562866 0.395658405675
0.572917606984 0.18691668037 0.102206636359 0.751257151034 0.185950562866 0.395658405675
0.572917606984 0.18691668037 0.102206636359 0.751257151034 0.185950562866 0.395658405675
0.572917606984 0.18691668037 0.102206636359 0.751257151034 0.185950562866 0.395658405675
0.572917606984 0.18691668037 0.102206636359 0.751257151034 0.185950562866 0.395658405675
0.572917606984 0.18691668037 0.102206636359 0.751257151034 0.185950562866 0.395658405675
0.572917606984 0.18691668037 0.102206636359 0.751257151034 0.185950562866 0.395658405675
0.572917606984 0.18691668037 0.102206636359 0.751257151034 0.185950562866 0.395658405675
0.572917606984 0.18691668037 0.102206636359 0.751257151034 0.185950562866 0.395658405675
0.572917606984 0.18691668037 0.102206636359 0.751257151034 0.185950562866 0.395658405675
0.572917606984 0.18691668037 0.102206636359 0.751257151034 0.185950562866 0.395658405675
0.572917606984 0.18691668037 0.102206636359 0.751257151034 0.185950562866 0.395658405675
0.572917606984 0.18691668037 0.102206636359 0.751257151034 0.185950562866 0.395658405675
0.572917606984 0.18691668037 0.102206636359 0.751257151034 0.185950562866 0.395658405675
0.572917606984 0.18691668037 0.102206636359 0.751257151034 0.185950562866 0.395658405675
0.572917606984 0.18691668037 0.102206636359 0.751257151034 0.185950562866 0.395658405675
0.572917606984 0.18691668037 0.102206636359 0.751257151034 0.185950562866 0.395658405675
0.572917606984 0.18691668037 0.102206636359 0.751257151034 0.185950562866 0.395658405675
0.572917606984 0.18691668037 0.102206636359 0.751257151034 0.185950562866 0.395658405675
0.572917606984 0.18691668037 0.102206636359 0.751257151034 0.185950562866 0.395658405675
0.572917606984 0.18691668037 0.102206636359 0.751257151034 0.185950562866 0.395658405675
0.572917606984 0.18691668037 0.102206636359 0.751257151034 0.185950562866 0.395658405675
0.572917606984 0.18691668037 0.102206636359 0.751257151034 0.185950562866 0.395658405675
0.572917606984 0.18691668037 0.102206636359 0.751257151034 0.185950562866 0.395658405675
0.572917606984 0.18691668037 0.102206636359 0.751257151034 0.185950562866 0.395658405675
0.572917606984 0.18691668037 0.102206636359 0.751257151034 0.185950562866 0.395658405675
0.572917606984 0.18691668037 0.102206636359 0.751257151034 0.185950562866 0.395658405675
0.572917606984 0.18691668037 0.102206636359 0.751257151034 0.185950562866 0.395658405675
0.572917606984 0.18691668037 0.102206636359 0.751257151034 0.185950562866 0.395658405675
0.572917606984 0.18691668037 0.102206636359 0.751257151034 0.185950562866 0.395658405675
0.572917606984 0.18691668037 0.102206636359 0.751257151034 0.185950562866 0.395658405675
0.572917606984 0.18691668037 0.102206636359 0.751257151034 0.185950562866 0.395658405675
0.572917606984 0.18691668037 0.102206636359 0.751257151034 0.185950562866 0.395658405675
0.572917606984 0.18691668037 0.102206636359 0.751257151034 0.185950562866 0.395658405675
0.572917606984 0.18691668037 0.102206636359 0.751257151034 0.185950562866 0.395658405675
0.572917606984 0.18691668037 0.102206636359 0.751257151034 0.185950562866 0.395658405675
0.572917606984 0.18691668037 0.102206636359 0.751257151034 0.185950562866 0.395658405675
0.572917606984 0.18691668037 0.102206636359 0.751257151034 0.185950562866 0.395658405675
0.572917606984 0.18691668037 0.102206636359 0.751257151034 0.185950562866 0.395658405675
0.572917606984 0.18691668037 0.102206636359 0.751257151034 0.185950562866 0.395658405675
0.572917606984 0.18691668037 0.102206636359 0.751257151034 0.185950562866 0.395658405675
0.572917606984 0.18691668037 0.102206636359 0.751257151034 0.185950562866 0.395658405675
0.572917606984 0.18691668037 0.102206636359 0.751257151034 0.185950562866 0.395658405675
0.519649863375 0.169537842837 0.0927036531784 0.68140811642 0.16866064175 0.358828460731
0.572917606984 0.18691668037 0.102206636359 0.751257151034 0.185950562866 0.395658405675
0.572917606984 0.18691668037 0.102206636359 0.751257151034 0.185950562866 0.395658405675
0.572917606984 0.18691668037 0.102206636359 0.751257151034 0.185950562866 0.395658405675
0.572917606984 0.18691668037 0.102206636359 0.751257151034 0.185950562866 0.395658405675
0.572917606984 0.18691668037 0.102206636359 0.751257151034 0.185950562866 0.395658405675
0.572917606984 0.18691668037 0.102206636359 0.751257151034 0.185950562866 0.395658405675
0.572917606984 0.18691668037 0.102206636359 0.751257151034 0.185950562866 0.395658405675
0.572917606984 0.18691668037 0.102206636359 0.751257151034 0.185950562866 0.395658405675
0.572917606984 0.18691668037 0.102206636359 0.751257151034 0.185950562866 0.395658405675
0.572917606984 0.18691668037 0.102206636359 0.751257151034 0.185950562866 0.395658405675
