0.0314378938263 0.238630329562 0.542074690251 0.0529346488127 0.0403516524326 0.421096809929
0.00664954154412 0.000985182859309 0.00320873869983 0.0134225965943 0.00287822316735 0.907023322894
0.014424689099 0.00163288323394 0.00300465245309 0.0197292080246 0.105341605948 0.683884992338
0.191301260647 0.102302180442 0.0359231684488 0.205188098479 0.253959272859 0.167253682859
0.00517211434652 0.0118110708197 0.0314575535001 0.0459779986627 0.283574431975 0.540925304626
0.0162381569385 0.0123567114057 0.0415819340092 0.0595956250754 0.0611321615051 0.620833666695
0.0126307847582 0.103244492229 0.0394338831216 0.233625925687 0.548148545485 0.16984291242
0.109218542595 0.0326542040755 0.0180921189555 0.0606832961705 0.0878818769157 0.622849329224
0.119443712801 0.461228637743 0.205177581034 0.00282197325126 0.0882890932801 0.441583230776
0.00476628938601 0.00536731316668 0.0199903369658 0.147344808196 0.0473622115669 0.725984935983
0.0206865176227 0.0409663946847 0.127176260048 0.119525430629 0.231877213163 0.402116442006
0.0363274142045 0.148919665195 0.105809046215 0.0906129746391 0.0403595608011 0.301850183691
0.0598309545901 0.139135081961 0.126511601319 0.289799490437 0.124164159481 0.489213055065
0.110030981844 0.259871656595 0.0307798694254 0.785469082657 0.0168632885293 0.0265650989573
0.194797020382 0.0337703391016 0.174194491377 0.000970747967968 0.0685842487317 0.631339629142
0.115142698915 0.0796488043885 0.695033650496 0.230382473812 0.0132515657201 0.27522677609
0.0617278993725 0.0577622590774 0.249223724656 0.126444906306 0.439387296839 0.157205458756
0.00612401231493 0.00398828336532 0.0038681280998 0.035936562883 0.02151844607 0.530582652359
0.0184623144783 0.0498153261139 0.121037807661 0.212031472855 0.327074613995 0.265813753921
0.0593607528739 0.167659263961 0.165612458722 0.213613992724 0.54348505396 0.0551489012905
0.00355779951334 0.00430706410091 0.00554114601337 0.00910033270659 0.00648037088217 0.692165093443
0.011054122641 0.00101577243628 0.00517286758156 0.464493947685 0.190281566672 0.340502499817
0.132503902774 0.153724237969 0.101492513379 0.132123381803 0.289077327504 0.374986482227
0.294384986519 0.095484732332 0.0577339051674 0.262871156688 0.401528035935 0.112249926212
0.0646046145561 0.0142464086591 0.00384701930983 0.0254541502399 0.26431000158 0.507173510273
0.0149025414874 0.0536243512656 0.433245953274 0.115687712001 0.435059358872 0.151818777093
0.0230990781715 0.00965571345412 0.0434840918433 0.00404542189078 0.335365123247 0.303320996865
0.00649070600436 0.000164071824431 0.00720024139179 0.18945761051 0.00633506932664 0.69119731918
9.38133286189e-05 0.0322656378934 0.0278111675872 0.0328743695546 0.00144511128515 0.717425562211
0.0282316739654 0.0199644944207 0.107948552583 0.0966301049476 0.433880878437 0.31581064729
0.468201687943 0.282430189021 0.248443939399 0.0194546922937 0.16349813098 0.187691987368
0.0429063549746 0.0134492413141 0.00268283980192 0.0659749843395 0.0788769245034 0.523433973599
0.047712721037 0.0381916273117 0.0538509703376 0.178296946403 0.28137682978 0.238705460615
8.93697355889e-05 0.00033760968064 0.000181657641965 0.000886068595788 0.0264407789227 0.875973028567
0.0041737461108 0.00431453502867 0.139349270914 0.127320096396 0.0147063182493 0.791475330528
0.122564632908 0.139169533753 0.0783946825602 0.293716348618 0.091748432093 0.337058651022
0.0938408579778 0.153672931924 0.430859393685 0.0352776219337 3.89849773322e-05 0.507004241402
0.0932399429798 0.13595533437 0.0410439297396 0.0540215579488 0.198189812793 0.580499737189
0.0175461077569 0.0407946580225 0.0266356490087 0.15622947435 0.664258514731 0.168769243305
0.00520472960502 0.0055135194786 0.0150447826072 0.139579759172 0.411044552853 0.325956266464
0.0482956588552 0.00452094709894 0.110932822773 0.0956988589016 0.430049188156 0.357558815757
0.0102108533384 0.042354741728 0.491281158639 0.150239068709 0.0233751551988 0.209764118102
0.0246837162532 0.251205325019 0.184869080432 0.0396076239665 0.147644769424 0.369286971464
0.0228880731649 0.119131191311 0.0705304596899 0.00753011259833 0.0434550578903 0.523578507152
0.00654719314524 0.00739517919008 0.00238609822513 0.0129617038685 0.0714885111314 0.832760775425
0.00226276740148 0.0144671382358 0.0270791801702 0.3155830865 0.397325592773 0.125824120446
0.0124318272645 0.00137459857539 0.269011358972 0.201005696569 0.445472783589 0.0985750304262
0.00648743038329 0.000837540039296 0.00559311465338 0.112958860452 0.394180219768 0.302674668393
0.0332386112823 0.0363989911448 0.228904936108 0.352413835077 0.122936332158 0.288419829687
0.00572434194274 0.00323650262988 0.00648130438802 0.00977999674688 0.002930955004 0.880779810438
0.0314378938263 0.238630329562 0.542074690251 0.0529346488127 0.0403516524326 0.421096809929
0.0314378938263 0.238630329562 0.542074690251 0.0529346488127 0.0403516524326 0.421096809929
0.0314378938263 0.238630329562 0.542074690251 0.0529346488127 0.0403516524326 0.421096809929
0.0314378938263 0.238630329562 0.542074690251 0.0529346488127 0.0403516524326 0.421096809929
0.0314378938263 0.238630329562 0.542074690251 0.0529346488127 0.0403516524326 0.421096809929
0.0314378938263 0.238630329562 0.542074690251 0.0529346488127 0.0403516524326 0.421096809929
0.0314378938263 0.238630329562 0.542074690251 0.0529346488127 0.0403516524326 0.421096809929
0.0314378938263 0.238630329562 0.542074690251 0.0529346488127 0.0403516524326 0.421096809929
0.0314378938263 0.238630329562 0.542074690251 0.0529346488127 0.0403516524326 0.421096809929
0.0314378938263 0.238630329562 0.542074690251 0.0529346488127 0.0403516524326 0.421096809929
0.0314378938263 0.238630329562 0.542074690251 0.0529346488127 0.0403516524326 0.421096809929
0.0314378938263 0.238630329562 0.542074690251 0.0529346488127 0.0403516524326 0.421096809929
0.0314378938263 0.238630329562 0.542074690251 0.0529346488127 0.0403516524326 0.421096809929
0.0312861461427 0.23747848412 0.539458145283 0.0526791368727 0.0401557701807 0.419063358621
0.0314378938263 0.238630329562 0.542074690251 0.0529346488127 0.0403516524326 0.421096809929
0.0314378938263 0.238630329562 0.542074690251 0.0529346488127 0.0403516524326 0.421096809929
0.0314378938263 0.238630329562 0.542074690251 0.0529346488127 0.0403516524326 0.421096809929
0.0314378938263 0.238630329562 0.542074690251 0.0529346488127 0.0403516524326 0.421096809929
0.0314378938263 0.238630329562 0.542074690251 0.0529346488127 0.0403516524326 0.421096809929
0.0314378938263 0.238630329562 0.542074690251 0.0529346488127 0.0403516524326 0.421096809929
0.0314378938263 0.238630329562 0.542074690251 0.0529346488127 0.0403516524326 0.421096809929
0.0315636447534 0.239584845828 0.544242980058 0.0531463875529 0.0405139769848 0.422781899159
0.0314378938263 0.238630329562 0.542074690251 0.0529346488127 0.0403516524326 0.421096809929
0.0314378938263 0.238630329562 0.542074690251 0.0529346488127 0.0403516524326 0.421096809929
0.0314378938263 0.238630329562 0.542074690251 0.0529346488127 0.0403516524326 0.421096809929
0.0314378938263 0.238630329562 0.542074690251 0.0529346488127 0.0403516524326 0.421096809929
0.0314378938263 0.238630329562 0.542074690251 0.0529346488127 0.0403516524326 0.421096809929
0.0314378938263 0.238630329562 0.542074690251 0.0529346488127 0.0403516524326 0.421096809929
0.0314378938263 0.238630329562 0.542074690251 0.0529346488127 0.0403516524326 0.421096809929
0.0314378938263 0.238630329562 0.542074690251 0.0529346488127 0.0403516524326 0.421096809929
0.0314378938263 0.238630329562 0.542074690251 0.0529346488127 0.0403516524326 0.421096809929
0.0314378938263 0.238630329562 0.542074690251 0.0529346488127 0.0403516524326 0.421096809929
0.0314378938263 0.238630329562 0.542074690251 0.0529346488127 0.0403516524326 0.421096809929
0.0314378938263 0.238630329562 0.542074690251 0.0529346488127 0.0403516524326 0.421096809929
0.0314378938263 0.238630329562 0.542074690251 0.0529346488127 0.0403516524326 0.421096809929
0.0314378938263 0.238630329562 0.542074690251 0.0529346488127 0.0403516524326 0.421096809929
0.0314378938263 0.238630329562 0.542074690251 0.0529346488127 0.0403516524326 0.421096809929
0.0314378938263 0.238630329562 0.542074690251 0.0529346488127 0.0403516524326 0.421096809929
0.0314378938263 0.238630329562 0.542074690251 0.0529346488127 0.0403516524326 0.421096809929
0.0314378938263 0.238630329562 0.542074690251 0.0529346488127 0.0403516524326 0.421096809929
0.031266121465 0.23732648619 0.539112865088 0.0526454194271 0.0401299214898 0.41879502367
0.0314378938263 0.238630329562 0.542074690251 0.0529346488127 0.0403516524326 0.421096809929
0.0314378938263 0.238630329562 0.542074690251 0.0529346488127 0.0403516524326 0.421096809929
0.0314378938263 0.238630329562 0.542074690251 0.0529346488127 0.0403516524326 0.421096809929
0.0314378938263 0.238630329562 0.542074690251 0.0529346488127 0.0403516524326 0.421096809929
0.0314378938263 0.238630329562 0.542074690251 0.0529346488127 0.0403516524326 0.421096809929
0.0314378938263 0.238630329562 0.542074690251 0.0529346488127 0.0403516524326 0.421096809929
0.0314378938263 0.238630329562 0.542074690251 0.0529346488127 0.0403516524326 0.421096809929
0.0314378938263 0.238630329562 0.542074690251 0.0529346488127 0.0403516524326 0.421096809929
0.0314378938263 0.238630329562 0.542074690251 0.0529346488127 0.0403516524326 0.421096809929
0.0314378938263 0.238630329562 0.542074690251 0.0529346488127 0.0403516524326 0.421096809929
0.0314378938263 0.238630329562 0.542074690251 0.0529346488127 0.0403516524326 0.421096809929
0.0314378938263 0.238630329562 0.542074690251 0.0529346488127 0.0403516524326 0.421096809929
0.0314378938263 0.238630329562 0.542074690251 0.0529346488127 0.0403516524326 0.421096809929
0.0314378938263 0.238630329562 0.542074690251 0.0529346488127 0.0403516524326 0.421096809929
0.0314378938263 0.238630329562 0.542074690251 0.0529346488127 0.0403516524326 0.421096809929
0.0314378938263 0.238630329562 0.542074690251 0.0529346488127 0.0403516524326 0.421096809929
0.0314378938263 0.238630329562 0.542074690251 0.0529346488127 0.0403516524326 0.421096809929
0.0314378938263 0.238630329562 0.542074690251 0.0529346488127 0.0403516524326 0.421096809929
0.0314378938263 0.238630329562 0.542074690251 0.0529346488127 0.0403516524326 0.421096809929
0.0314378938263 0.238630329562 0.542074690251 0.0529346488127 0.0403516524326 0.421096809929
0.0300897860338 0.228397476053 0.518829625957 0.0506647121039 0.038611458553 0.403031878131
0.0314378938263 0.238630329562 0.542074690251 0.0529346488127 0.0403516524326 0.421096809929
0.0314378938263 0.238630329562 0.542074690251 0.0529346488127 0.0403516524326 0.421096809929
0.0314378938263 0.238630329562 0.542074690251 0.0529346488127 0.0403516524326 0.421096809929
0.0314378938263 0.238630329562 0.542074690251 0.0529346488127 0.0403516524326 0.421096809929
0.0314378938263 0.238630329562 0.542074690251 0.0529346488127 0.0403516524326 0.421096809929
0.0314378938263 0.238630329562 0.542074690251 0.0529346488127 0.0403516524326 0.421096809929
0.0314583078943 0.238785283171 0.542426684599 0.0529690219115 0.0403780037647 0.421370362792
0.0314378938263 0.238630329562 0.542074690251 0.0529346488127 0.0403516524326 0.421096809929
0.0314378938263 0.238630329562 0.542074690251 0.0529346488127 0.0403516524326 0.421096809929
0.0314378938263 0.238630329562 0.542074690251 0.0529346488127 0.0403516524326 0.421096809929
0.0314378938263 0.238630329562 0.542074690251 0.0529346488127 0.0403516524326 0.421096809929
0.0314378938263 0.238630329562 0.542074690251 0.0529346488127 0.0403516524326 0.421096809929
0.0314378938263 0.238630329562 0.542074690251 0.0529346488127 0.0403516524326 0.421096809929
0.0314378938263 0.238630329562 0.542074690251 0.0529346488127 0.0403516524326 0.421096809929
0.0314378938263 0.238630329562 0.542074690251 0.0529346488127 0.0403516524326 0.421096809929
0.0314378938263 0.238630329562 0.542074690251 0.0529346488127 0.0403516524326 0.421096809929
0.0314378938263 0.238630329562 0.542074690251 0.0529346488127 0.0403516524326 0.421096809929
0.0314378938263 0.238630329562 0.542074690251 0.0529346488127 0.0403516524326 0.421096809929
0.0314378938263 0.238630329562 0.542074690251 0.0529346488127 0.0403516524326 0.421096809929
0.0314378938263 0.238630329562 0.542074690251 0.0529346488127 0.0403516524326 0.421096809929
0.0314378938263 0.238630329562 0.542074690251 0.0529346488127 0.0403516524326 0.421096809929
0.0314378938263 0.238630329562 0.542074690251 0.0529346488127 0.0403516524326 0.421096809929
0.0314378938263 0.238630329562 0.542074690251 0.0529346488127 0.0403516524326 0.421096809929
0.0314378938263 0.238630329562 0.542074690251 0.0529346488127 0.0403516524326 0.421096809929
0.0314378938263 0.238630329562 0.542074690251 0.0529346488127 0.0403516524326 0.421096809929
0.0314378938263 0.238630329562 0.542074690251 0.0529346488127 0.0403516524326 0.421096809929
0.0314378938263 0.238630329562 0.542074690251 0.0529346488127 0.0403516524326 0.421096809929
0.0314378938263 0.238630329562 0.542074690251 0.0529346488127 0.0403516524326 0.421096809929
0.0314378938263 0.238630329562 0.542074690251 0.0529346488127 0.0403516524326 0.421096809929
0.0314378938263 0.238630329562 0.542074690251 0.0529346488127 0.0403516524326 0.421096809929
0.0314378938263 0.238630329562 0.542074690251 0.0529346488127 0.0403516524326 0.421096809929
0.0314378938263 0.238630329562 0.542074690251 0.0529346488127 0.0403516524326 0.421096809929
0.0314378938263 0.238630329562 0.542074690251 0.0529346488127 0.0403516524326 0.421096809929
0.0314378938263 0.238630329562 0.542074690251 0.0529346488127 0.0403516524326 0.421096809929
0.0314378938263 0.238630329562 0.542074690251 0.0529346488127 0.0403516524326 0.421096809929
0.0314378938263 0.238630329562 0.542074690251 0.0529346488127 0.0403516524326 0.421096809929
0.0314378938263 0.238630329562 0.542074690251 0.0529346488127 0.0403516524326 0.421096809929
0.0314378938263 0.238630329562 0.542074690251 0.0529346488127 0.0403516524326 0.421096809929
0.0314378938263 0.238630329562 0.542074690251 0.0529346488127 0.0403516524326 0.421096809929
0.0314378938263 0.238630329562 0.542074690251 0.0529346488127 0.0403516524326 0.421096809929
0.0314378938263 0.238630329562 0.542074690251 0.0529346488127 0.0403516524326 0.421096809929
0.0314378938263 0.238630329562 0.542074690251 0.0529346488127 0.0403516524326 0.421096809929
0.0314378938263 0.238630329562 0.542074690251 0.0529346488127 0.0403516524326 0.421096809929
0.0314378938263 0.238630329562 0.542074690251 0.0529346488127 0.0403516524326 0.421096809929
0.0314378938263 0.238630329562 0.542074690251 0.0529346488127 0.0403516524326 0.421096809929
0.0314378938263 0.238630329562 0.542074690251 0.0529346488127 0.0403516524326 0.421096809929
0.0313084276076 0.237647612262 0.539842338658 0.0527166542843 0.0401845320267 0.419361935
0.0314378938263 0.238630329562 0.542074690251 0.0529346488127 0.0403516524326 0.421096809929
0.0314378938263 0.238630329562 0.542074690251 0.0529346488127 0.0403516524326 0.421096809929
0.0314378938263 0.238630329562 0.542074690251 0.0529346488127 0.0403516524326 0.421096809929
0.0314378938263 0.238630329562 0.542074690251 0.0529346488127 0.0403516524326 0.421096809929
0.0314378938263 0.238630329562 0.542074690251 0.0529346488127 0.0403516524326 0.421096809929
0.0314378938263 0.238630329562 0.542074690251 0.0529346488127 0.0403516524326 0.421096809929
0.0314378938263 0.238630329562 0.542074690251 0.0529346488127 0.0403516524326 0.421096809929
0.0314378938263 0.238630329562 0.542074690251 0.0529346488127 0.0403516524326 0.421096809929
0.0314378938263 0.238630329562 0.542074690251 0.0529346488127 0.0403516524326 0.421096809929
0.0314378938263 0.238630329562 0.542074690251 0.0529346488127 0.0403516524326 0.421096809929
0.0314378938263 0.238630329562 0.542074690251 0.0529346488127 0.0403516524326 0.421096809929
0.0314378938263 0.238630329562 0.542074690251 0.0529346488127 0.0403516524326 0.421096809929
0.0314378938263 0.238630329562 0.542074690251 0.0529346488127 0.0403516524326 0.421096809929
0.0314378938263 0.238630329562 0.542074690251 0.0529346488127 0.0403516524326 0.421096809929
0.0314378938263 0.238630329562 0.542074690251 0.0529346488127 0.0403516524326 0.421096809929
0.0314378938263 0.238630329562 0.542074690251 0.0529346488127 0.0403516524326 0.421096809929
0.0314378938263 0.238630329562 0.542074690251 0.0529346488127 0.0403516524326 0.421096809929
0.0314378938263 0.238630329562 0.542074690251 0.0529346488127 0.0403516524326 0.421096809929
0.0314378938263 0.238630329562 0.542074690251 0.0529346488127 0.0403516524326 0.421096809929
0.0314378938263 0.238630329562 0.542074690251 0.0529346488127 0.0403516524326 0.421096809929
0.0314378938263 0.238630329562 0.542074690251 0.0529346488127 0.0403516524326 0.421096809929
0.0314378938263 0.238630329562 0.542074690251 0.0529346488127 0.0403516524326 0.421096809929
0.0314378938263 0.238630329562 0.542074690251 0.0529346488127 0.0403516524326 0.421096809929
0.0314378938263 0.238630329562 0.542074690251 0.0529346488127 0.0403516524326 0.421096809929
0.0314378938263 0.238630329562 0.542074690251 0.0529346488127 0.0403516524326 0.421096809929
0.0314378938263 0.238630329562 0.542074690251 0.0529346488127 0.0403516524326 0.421096809929
0.0324970716079 0.24667005097 0.560337811174 0.0547180867106 0.041718883379 0.435290017989
0.0314378938263 0.238630329562 0.542074690251 0.0529346488127 0.0403516524326 0.421096809929
0.0314378938263 0.238630329562 0.542074690251 0.0529346488127 0.0403516524326 0.421096809929
0.0314378938263 0.238630329562 0.542074690251 0.0529346488127 0.0403516524326 0.421096809929
0.0314378938263 0.238630329562 0.542074690251 0.0529346488127 0.0403516524326 0.421096809929
0.0314378938263 0.238630329562 0.542074690251 0.0529346488127 0.0403516524326 0.421096809929
0.0314378938263 0.238630329562 0.542074690251 0.0529346488127 0.0403516524326 0.421096809929
0.0314378938263 0.238630329562 0.542074690251 0.0529346488127 0.0403516524326 0.421096809929
0.0314378938263 0.238630329562 0.542074690251 0.0529346488127 0.0403516524326 0.421096809929
0.0317885144664 0.241291726275 0.548120348742 0.053525021976 0.0408042482082 0.425795201249
0.0314378938263 0.238630329562 0.542074690251 0.0529346488127 0.0403516524326 0.421096809929
0.0314378938263 0.238630329562 0.542074690251 0.0529346488127 0.0403516524326 0.421096809929
0.0314378938263 0.238630329562 0.542074690251 0.0529346488127 0.0403516524326 0.421096809929
0.0314378938263 0.238630329562 0.542074690251 0.0529346488127 0.0403516524326 0.421096809929
0.0314378938263 0.238630329562 0.542074690251 0.0529346488127 0.0403516524326 0.421096809929
0.0306141608558 0.232377759207 0.527871281616 0.0515476516316 0.0392883434882 0.410058612527
0.0314378938263 0.238630329562 0.542074690251 0.0529346488127 0.0403516524326 0.421096809929
0.0314378938263 0.238630329562 0.542074690251 0.0529346488127 0.0403516524326 0.421096809929
0.0314378938263 0.238630329562 0.542074690251 0.0529346488127 0.0403516524326 0.421096809929
0.0325790112315 0.247292016193 0.561750674321 0.0548560562117 0.0418246544696 0.436388026413
0.0314378938263 0.238630329562 0.542074690251 0.0529346488127 0.0403516524326 0.421096809929
0.0314378938263 0.238630329562 0.542074690251 0.0529346488127 0.0403516524326 0.421096809929
0.0314378938263 0.238630329562 0.542074690251 0.0529346488127 0.0403516524326 0.421096809929
0.0314378938263 0.238630329562 0.542074690251 0.0529346488127 0.0403516524326 0.421096809929
0.0314378938263 0.238630329562 0.542074690251 0.0529346488127 0.0403516524326 0.421096809929
0.0314378938263 0.238630329562 0.542074690251 0.0529346488127 0.0403516524326 0.421096809929
0.0314378938263 0.238630329562 0.542074690251 0.0529346488127 0.0403516524326 0.421096809929
0.0314378938263 0.238630329562 0.542074690251 0.0529346488127 0.0403516524326 0.421096809929
0.0314378938263 0.238630329562 0.542074690251 0.0529346488127 0.0403516524326 0.421096809929
0.0314378938263 0.238630329562 0.542074690251 0.0529346488127 0.0403516524326 0.421096809929
0.0314378938263 0.238630329562 0.542074690251 0.0529346488127 0.0403516524326 0.421096809929
0.0314378938263 0.238630329562 0.542074690251 0.0529346488127 0.0403516524326 0.421096809929
0.0314378938263 0.238630329562 0.542074690251 0.0529346488127 0.0403516524326 0.421096809929
0.0314378938263 0.238630329562 0.542074690251 0.0529346488127 0.0403516524326 0.421096809929
0.0314378938263 0.238630329562 0.542074690251 0.0529346488127 0.0403516524326 0.421096809929
0.0314378938263 0.238630329562 0.542074690251 0.0529346488127 0.0403516524326 0.421096809929
0.030965186904 0.235042233183 0.533923930452 0.0521387074189 0.0397414625816 0.414762436403
0.0314378938263 0.238630329562 0.542074690251 0.0529346488127 0.0403516524326 0.421096809929
0.0323502625808 0.245555692551 0.557806422147 0.0544708904541 0.0415293761513 0.433322745731
0.0314378938263 0.238630329562 0.542074690251 0.0529346488127 0.0403516524326 0.421096809929
0.0314378938263 0.238630329562 0.542074690251 0.0529346488127 0.0403516524326 0.421096809929
0.0314378938263 0.238630329562 0.542074690251 0.0529346488127 0.0403516524326 0.421096809929
0.0314378938263 0.238630329562 0.542074690251 0.0529346488127 0.0403516524326 0.421096809929
0.0314378938263 0.238630329562 0.542074690251 0.0529346488127 0.0403516524326 0.421096809929
0.0314378938263 0.238630329562 0.542074690251 0.0529346488127 0.0403516524326 0.421096809929
0.0314378938263 0.238630329562 0.542074690251 0.0529346488127 0.0403516524326 0.421096809929
0.0314378938263 0.238630329562 0.542074690251 0.0529346488127 0.0403516524326 0.421096809929
0.0314378938263 0.238630329562 0.542074690251 0.0529346488127 0.0403516524326 0.421096809929
0.0314378938263 0.238630329562 0.542074690251 0.0529346488127 0.0403516524326 0.421096809929
0.0314378938263 0.238630329562 0.542074690251 0.0529346488127 0.0403516524326 0.421096809929
0.0314378938263 0.238630329562 0.542074690251 0.0529346488127 0.0403516524326 0.421096809929
0.0314378938263 0.238630329562 0.542074690251 0.0529346488127 0.0403516524326 0.421096809929
0.0314378938263 0.238630329562 0.542074690251 0.0529346488127 0.0403516524326 0.421096809929
0.0314378938263 0.238630329562 0.542074690251 0.0529346488127 0.0403516524326 0.421096809929
0.0314378938263 0.238630329562 0.542074690251 0.0529346488127 0.0403516524326 0.421096809929
0.0314378938263 0.238630329562 0.542074690251 0.0529346488127 0.0403516524326 0.421096809929
0.0314378938263 0.238630329562 0.542074690251 0.0529346488127 0.0403516524326 0.421096809929
0.0314378938263 0.238630329562 0.542074690251 0.0529346488127 0.0403516524326 0.421096809929
0.0314378938263 0.238630329562 0.542074690251 0.0529346488127 0.0403516524326 0.421096809929
0.0314378938263 0.238630329562 0.542074690251 0.0529346488127 0.0403516524326 0.421096809929
0.0314378938263 0.238630329562 0.542074690251 0.0529346488127 0.0403516524326 0.421096809929
0.0314378938263 0.238630329562 0.542074690251 0.0529346488127 0.0403516524326 0.421096809929
0.0314378938263 0.238630329562 0.542074690251 0.0529346488127 0.0403516524326 0.421096809929
0.0314378938263 0.238630329562 0.542074690251 0.0529346488127 0.0403516524326 0.421096809929
0.0314378938263 0.238630329562 0.542074690251 0.0529346488127 0.0403516524326 0.421096809929
0.0314378938263 0.238630329562 0.542074690251 0.0529346488127 0.0403516524326 0.421096809929
0.0314378938263 0.238630329562 0.542074690251 0.0529346488127 0.0403516524326 0.421096809929
0.0314378938263 0.238630329562 0.542074690251 0.0529346488127 0.0403516524326 0.421096809929
0.0314378938263 0.238630329562 0.542074690251 0.0529346488127 0.0403516524326 0.421096809929
0.0314378938263 0.238630329562 0.542074690251 0.0529346488127 0.0403516524326 0.421096809929
0.0314378938263 0.238630329562 0.542074690251 0.0529346488127 0.0403516524326 0.421096809929
0.0314378938263 0.238630329562 0.542074690251 0.0529346488127 0.0403516524326 0.421096809929
0.0314378938263 0.238630329562 0.542074690251 0.0529346488127 0.0403516524326 0.421096809929
0.0314378938263 0.238630329562 0.542074690251 0.0529346488127 0.0403516524326 0.421096809929
0.0314378938263 0.238630329562 0.542074690251 0.0529346488127 0.0403516524326 0.421096809929
0.0314378938263 0.238630329562 0.542074690251 0.0529346488127 0.0403516524326 0.421096809929
0.0314378938263 0.238630329562 0.542074690251 0.0529346488127 0.0403516524326 0.421096809929
0.0314378938263 0.238630329562 0.542074690251 0.0529346488127 0.0403516524326 0.421096809929
0.0314378938263 0.238630329562 0.542074690251 0.0529346488127 0.0403516524326 0.421096809929
0.0314378938263 0.238630329562 0.542074690251 0.0529346488127 0.0403516524326 0.421096809929
0.0314378938263 0.238630329562 0.542074690251 0.0529346488127 0.0403516524326 0.421096809929
0.0314378938263 0.238630329562 0.542074690251 0.0529346488127 0.0403516524326 0.421096809929
0.0190857152714 0.144870739731 0.329089359052 0.276092112026 0.0403516524326 0.421096809929
0.0314378938263 0.238630329562 0.542074690251 0.0529346488127 0.0403516524326 0.421096809929
0.0314378938263 0.238630329562 0.542074690251 0.0529346488127 0.0403516524326 0.421096809929
0.0314378938263 0.238630329562 0.542074690251 0.0529346488127 0.0403516524326 0.421096809929
0.0314378938263 0.238630329562 0.542074690251 0.0529346488127 0.0403516524326 0.421096809929
0.0314378938263 0.238630329562 0.542074690251 0.0529346488127 0.0403516524326 0.421096809929
0.0314378938263 0.238630329562 0.542074690251 0.0529346488127 0.0403516524326 0.421096809929
0.0326183964422 0.247590970842 0.56242978304 0.0549223728194 0.0418754945456 0.436915796632
0.0314378938263 0.238630329562 0.542074690251 0.0529346488127 0.0403516524326 0.421096809929
0.0314378938263 0.238630329562 0.542074690251 0.0529346488127 0.0403516524326 0.421096809929
0.0314378938263 0.238630329562 0.542074690251 0.0529346488127 0.0403516524326 0.421096809929
0.0314378938263 0.238630329562 0.542074690251 0.0529346488127 0.0403516524326 0.421096809929
0.0320105568312 0.242977145649 0.551948966211 0.0538988957252 0.0410908697724 0.42877061627
0.0314378938263 0.238630329562 0.542074690251 0.0529346488127 0.0403516524326 0.421096809929
0.0314378938263 0.238630329562 0.542074690251 0.0529346488127 0.0403516524326 0.421096809929
0.0314378938263 0.238630329562 0.542074690251 0.0529346488127 0.0403516524326 0.421096809929
0.0314378938263 0.238630329562 0.542074690251 0.0529346488127 0.0403516524326 0.421096809929
0.0314378938263 0.238630329562 0.542074690251 0.0529346488127 0.0403516524326 0.421096809929
0.0314378938263 0.238630329562 0.542074690251 0.0529346488127 0.0403516524326 0.421096809929
0.0314378938263 0.238630329562 0.542074690251 0.0529346488127 0.0403516524326 0.421096809929
0.0314378938263 0.238630329562 0.542074690251 0.0529346488127 0.0403516524326 0.421096809929
0.0314378938263 0.238630329562 0.542074690251 0.0529346488127 0.0403516524326 0.421096809929
0.0314378938263 0.238630329562 0.542074690251 0.0529346488127 0.0403516524326 0.421096809929
0.0314378938263 0.238630329562 0.542074690251 0.0529346488127 0.0403516524326 0.421096809929
0.0314378938263 0.238630329562 0.542074690251 0.0529346488127 0.0403516524326 0.421096809929
0.0314378938263 0.238630329562 0.542074690251 0.0529346488127 0.0403516524326 0.421096809929
0.0314378938263 0.238630329562 0.542074690251 0.0529346488127 0.0403516524326 0.421096809929
0.0314378938263 0.238630329562 0.542074690251 0.0529346488127 0.0403516524326 0.421096809929
0.0314378938263 0.238630329562 0.542074690251 0.0529346488127 0.0403516524326 0.421096809929
0.0314378938263 0.238630329562 0.542074690251 0.0529346488127 0.0403516524326 0.421096809929
0.0314378938263 0.238630329562 0.542074690251 0.0529346488127 0.0403516524326 0.421096809929
0.0314378938263 0.238630329562 0.542074690251 0.0529346488127 0.0403516524326 0.421096809929
0.0314378938263 0.238630329562 0.542074690251 0.0529346488127 0.0403516524326 0.421096809929
0.0314378938263 0.238630329562 0.542074690251 0.0529346488127 0.0403516524326 0.421096809929
0.0314378938263 0.238630329562 0.542074690251 0.0529346488127 0.0403516524326 0.421096809929
0.0491822770379 0.373319614073 0.848036372916 0.082812546598 0.0632568438682 0.139300595035
0.0314378938263 0.238630329562 0.542074690251 0.0529346488127 0.0403516524326 0.421096809929
0.0314378938263 0.238630329562 0.542074690251 0.0529346488127 0.0403516524326 0.421096809929
0.0314109641455 0.238425918995 0.541610348924 0.0528893047599 0.0403168904752 0.420735946466
0.0314378938263 0.238630329562 0.542074690251 0.0529346488127 0.0403516524326 0.421096809929
0.0314378938263 0.238630329562 0.542074690251 0.0529346488127 0.0403516524326 0.421096809929
0.0314378938263 0.238630329562 0.542074690251 0.0529346488127 0.0403516524326 0.421096809929
0.0314378938263 0.238630329562 0.542074690251 0.0529346488127 0.0403516524326 0.421096809929
0.0314378938263 0.238630329562 0.542074690251 0.0529346488127 0.0403516524326 0.421096809929
0.0314378938263 0.238630329562 0.542074690251 0.0529346488127 0.0403516524326 0.421096809929
0.0314378938263 0.238630329562 0.542074690251 0.0529346488127 0.0403516524326 0.421096809929
0.0314378938263 0.238630329562 0.542074690251 0.0529346488127 0.0403516524326 0.421096809929
0.0314378938263 0.238630329562 0.542074690251 0.0529346488127 0.0403516524326 0.421096809929
0.0314378938263 0.238630329562 0.542074690251 0.0529346488127 0.0403516524326 0.421096809929
0.0314378938263 0.238630329562 0.542074690251 0.0529346488127 0.0403516524326 0.421096809929
0.0314378938263 0.238630329562 0.542074690251 0.0529346488127 0.0403516524326 0.421096809929
0.0314378938263 0.238630329562 0.542074690251 0.0529346488127 0.0403516524326 0.421096809929
0.0314378938263 0.238630329562 0.542074690251 0.0529346488127 0.0403516524326 0.421096809929
0.0314378938263 0.238630329562 0.542074690251 0.0529346488127 0.0403516524326 0.421096809929
0.0314378938263 0.238630329562 0.542074690251 0.0529346488127 0.0403516524326 0.421096809929
0.0314378938263 0.238630329562 0.542074690251 0.0529346488127 0.0403516524326 0.421096809929
0.0314378938263 0.238630329562 0.542074690251 0.0529346488127 0.0403516524326 0.421096809929
0.0314378938263 0.238630329562 0.542074690251 0.0529346488127 0.0403516524326 0.421096809929
0.0314378938263 0.238630329562 0.542074690251 0.0529346488127 0.0403516524326 0.421096809929
0.0314378938263 0.238630329562 0.542074690251 0.0529346488127 0.0403516524326 0.421096809929
0.0314378938263 0.238630329562 0.542074690251 0.0529346488127 0.0403516524326 0.421096809929
0.0314378938263 0.238630329562 0.542074690251 0.0529346488127 0.0403516524326 0.421096809929
0.0314378938263 0.238630329562 0.542074690251 0.0529346488127 0.0403516524326 0.421096809929
0.0314378938263 0.238630329562 0.542074690251 0.0529346488127 0.0403516524326 0.421096809929
0.0314378938263 0.238630329562 0.542074690251 0.0529346488127 0.0403516524326 0.421096809929
0.0314378938263 0.238630329562 0.542074690251 0.0529346488127 0.0403516524326 0.421096809929
0.0314378938263 0.238630329562 0.542074690251 0.0529346488127 0.0403516524326 0.421096809929
0.0314378938263 0.238630329562 0.542074690251 0.0529346488127 0.0403516524326 0.421096809929
0.0314378938263 0.238630329562 0.542074690251 0.0529346488127 0.0403516524326 0.421096809929
0.0314378938263 0.238630329562 0.542074690251 0.0529346488127 0.0403516524326 0.421096809929
0.0314378938263 0.238630329562 0.542074690251 0.0529346488127 0.0403516524326 0.421096809929
0.0314378938263 0.238630329562 0.542074690251 0.0529346488127 0.0403516524326 0.421096809929
0.0314378938263 0.238630329562 0.542074690251 0.0529346488127 0.0403516524326 0.421096809929
0.0314378938263 0.238630329562 0.542074690251 0.0529346488127 0.0403516524326 0.421096809929
0.0314378938263 0.238630329562 0.542074690251 0.0529346488127 0.0403516524326 0.421096809929
0.0314378938263 0.238630329562 0.542074690251 0.0529346488127 0.0403516524326 0.421096809929
0.0314378938263 0.238630329562 0.542074690251 0.0529346488127 0.0403516524326 0.421096809929
0.0326616739073 0.247919469768 0.563176004866 0.0549952431843 0.0419313589063 0.43749572389
0.0314378938263 0.238630329562 0.542074690251 0.0529346488127 0.0403516524326 0.421096809929
0.0314378938263 0.238630329562 0.542074690251 0.0529346488127 0.0403516524326 0.421096809929
0.0314378938263 0.238630329562 0.542074690251 0.0529346488127 0.0403516524326 0.421096809929
0.0314378938263 0.238630329562 0.542074690251 0.0529346488127 0.0403516524326 0.421096809929
0.0314378938263 0.238630329562 0.542074690251 0.0529346488127 0.0403516524326 0.421096809929
0.0314378938263 0.238630329562 0.542074690251 0.0529346488127 0.0403516524326 0.421096809929
0.0314378938263 0.238630329562 0.542074690251 0.0529346488127 0.0403516524326 0.421096809929
0.0314378938263 0.238630329562 0.542074690251 0.0529346488127 0.0403516524326 0.421096809929
0.0314378938263 0.238630329562 0.542074690251 0.0529346488127 0.0403516524326 0.421096809929
0.0314378938263 0.238630329562 0.542074690251 0.0529346488127 0.0403516524326 0.421096809929
0.0314378938263 0.238630329562 0.542074690251 0.0529346488127 0.0403516524326 0.421096809929
0.0314378938263 0.238630329562 0.542074690251 0.0529346488127 0.0403516524326 0.421096809929
0.0314378938263 0.238630329562 0.542074690251 0.0529346488127 0.0403516524326 0.421096809929
0.0314378938263 0.238630329562 0.542074690251 0.0529346488127 0.0403516524326 0.421096809929
0.0314378938263 0.238630329562 0.542074690251 0.0529346488127 0.0403516524326 0.421096809929
0.0314378938263 0.238630329562 0.542074690251 0.0529346488127 0.0403516524326 0.421096809929
0.0314378938263 0.238630329562 0.542074690251 0.0529346488127 0.0403516524326 0.421096809929
0.0314378938263 0.238630329562 0.542074690251 0.0529346488127 0.0403516524326 0.421096809929
0.0314378938263 0.238630329562 0.542074690251 0.0529346488127 0.0403516524326 0.421096809929
0.0314378938263 0.238630329562 0.542074690251 0.0529346488127 0.0403516524326 0.421096809929
0.0314378938263 0.238630329562 0.542074690251 0.0529346488127 0.0403516524326 0.421096809929
0.0314378938263 0.238630329562 0.542074690251 0.0529346488127 0.0403516524326 0.421096809929
0.0314378938263 0.238630329562 0.542074690251 0.0529346488127 0.0403516524326 0.421096809929
0.0314378938263 0.238630329562 0.542074690251 0.0529346488127 0.0403516524326 0.421096809929
0.0314378938263 0.238630329562 0.542074690251 0.0529346488127 0.0403516524326 0.421096809929
0.0314378938263 0.238630329562 0.542074690251 0.0529346488127 0.0403516524326 0.421096809929
0.0314378938263 0.238630329562 0.542074690251 0.0529346488127 0.0403516524326 0.421096809929
0.0314378938263 0.238630329562 0.542074690251 0.0529346488127 0.0403516524326 0.421096809929
0.0314378938263 0.238630329562 0.542074690251 0.0529346488127 0.0403516524326 0.421096809929
0.0314378938263 0.238630329562 0.542074690251 0.0529346488127 0.0403516524326 0.421096809929
0.0314378938263 0.238630329562 0.542074690251 0.0529346488127 0.0403516524326 0.421096809929
0.0314378938263 0.238630329562 0.542074690251 0.0529346488127 0.0403516524326 0.421096809929
0.0314378938263 0.238630329562 0.542074690251 0.0529346488127 0.0403516524326 0.421096809929
0.0314378938263 0.238630329562 0.542074690251 0.0529346488127 0.0403516524326 0.421096809929
0.0314378938263 0.238630329562 0.542074690251 0.0529346488127 0.0403516524326 0.421096809929
0.0314378938263 0.238630329562 0.542074690251 0.0529346488127 0.0403516524326 0.421096809929
0.0314378938263 0.238630329562 0.542074690251 0.0529346488127 0.0403516524326 0.421096809929
0.0314378938263 0.238630329562 0.542074690251 0.0529346488127 0.0403516524326 0.421096809929
0.0314378938263 0.238630329562 0.542074690251 0.0529346488127 0.0403516524326 0.421096809929
0.0314378938263 0.238630329562 0.542074690251 0.0529346488127 0.0403516524326 0.421096809929
0.0314378938263 0.238630329562 0.542074690251 0.0529346488127 0.0403516524326 0.421096809929
0.0314378938263 0.238630329562 0.542074690251 0.0529346488127 0.0403516524326 0.421096809929
0.0314378938263 0.238630329562 0.542074690251 0.0529346488127 0.0403516524326 0.421096809929
0.0314378938263 0.238630329562 0.542074690251 0.0529346488127 0.0403516524326 0.421096809929
0.0314378938263 0.238630329562 0.542074690251 0.0529346488127 0.0403516524326 0.421096809929
0.0314378938263 0.238630329562 0.542074690251 0.0529346488127 0.0403516524326 0.421096809929
0.0314378938263 0.238630329562 0.542074690251 0.0529346488127 0.0403516524326 0.421096809929
0.0314378938263 0.238630329562 0.542074690251 0.0529346488127 0.0403516524326 0.421096809929
0.0314378938263 0.238630329562 0.542074690251 0.0529346488127 0.0403516524326 0.421096809929
0.0314378938263 0.238630329562 0.542074690251 0.0529346488127 0.0403516524326 0.421096809929
0.0314378938263 0.238630329562 0.542074690251 0.0529346488127 0.0403516524326 0.421096809929
0.0314378938263 0.238630329562 0.542074690251 0.0529346488127 0.0403516524326 0.421096809929
0.0314378938263 0.238630329562 0.542074690251 0.0529346488127 0.0403516524326 0.421096809929
0.0299672015192 0.227466994538 0.516715933758 0.0504583049521 0.0384532213383 0.401389219503
0.0314378938263 0.238630329562 0.542074690251 0.0529346488127 0.0403516524326 0.421096809929
0.0314378938263 0.238630329562 0.542074690251 0.0529346488127 0.0403516524326 0.421096809929
0.0314378938263 0.238630329562 0.542074690251 0.0529346488127 0.0403516524326 0.421096809929
0.0314378938263 0.238630329562 0.542074690251 0.0529346488127 0.0403516524326 0.421096809929
0.0314378938263 0.238630329562 0.542074690251 0.0529346488127 0.0403516524326 0.421096809929
0.0314378938263 0.238630329562 0.542074690251 0.0529346488127 0.0403516524326 0.421096809929
0.0314378938263 0.238630329562 0.542074690251 0.0529346488127 0.0403516524326 0.421096809929
0.0314378938263 0.238630329562 0.542074690251 0.0529346488127 0.0403516524326 0.421096809929
0.0314378938263 0.238630329562 0.542074690251 0.0529346488127 0.0403516524326 0.421096809929
0.0314378938263 0.238630329562 0.542074690251 0.0529346488127 0.0403516524326 0.421096809929
0.0314378938263 0.238630329562 0.542074690251 0.0529346488127 0.0403516524326 0.421096809929
0.0314378938263 0.238630329562 0.542074690251 0.0529346488127 0.0403516524326 0.421096809929
0.0314378938263 0.238630329562 0.542074690251 0.0529346488127 0.0403516524326 0.421096809929
0.0314378938263 0.238630329562 0.542074690251 0.0529346488127 0.0403516524326 0.421096809929
0.03158482319 0.2397456014 0.544608154212 0.0531820476916 0.0405413149959 0.423065694725
0.0314378938263 0.238630329562 0.542074690251 0.0529346488127 0.0403516524326 0.421096809929
0.0306545486118 0.232684323707 0.528567676956 0.0516156563197 0.0393404776916 0.410599817067
0.0314378938263 0.238630329562 0.542074690251 0.0529346488127 0.0403516524326 0.421096809929
0.0314378938263 0.238630329562 0.542074690251 0.0529346488127 0.0403516524326 0.421096809929
0.0314378938263 0.238630329562 0.542074690251 0.0529346488127 0.0403516524326 0.421096809929
0.0314378938263 0.238630329562 0.542074690251 0.0529346488127 0.0403516524326 0.421096809929
0.0314378938263 0.238630329562 0.542074690251 0.0529346488127 0.0403516524326 0.421096809929
0.0314378938263 0.238630329562 0.542074690251 0.0529346488127 0.0403516524326 0.421096809929
0.0314378938263 0.238630329562 0.542074690251 0.0529346488127 0.0403516524326 0.421096809929
0.0314378938263 0.238630329562 0.542074690251 0.0529346488127 0.0403516524326 0.421096809929
0.0314378938263 0.238630329562 0.542074690251 0.0529346488127 0.0403516524326 0.421096809929
0.0314378938263 0.238630329562 0.542074690251 0.0529346488127 0.0403516524326 0.421096809929
0.0314378938263 0.238630329562 0.542074690251 0.0529346488127 0.0403516524326 0.421096809929
0.0314378938263 0.238630329562 0.542074690251 0.0529346488127 0.0403516524326 0.421096809929
0.0314378938263 0.238630329562 0.542074690251 0.0529346488127 0.0403516524326 0.421096809929
0.0314378938263 0.238630329562 0.542074690251 0.0529346488127 0.0403516524326 0.421096809929
0.0314378938263 0.238630329562 0.542074690251 0.0529346488127 0.0403516524326 0.421096809929
0.0314378938263 0.238630329562 0.542074690251 0.0529346488127 0.0403516524326 0.421096809929
0.0314378938263 0.238630329562 0.542074690251 0.0529346488127 0.0403516524326 0.421096809929
0.0314378938263 0.238630329562 0.542074690251 0.0529346488127 0.0403516524326 0.421096809929
0.0314378938263 0.238630329562 0.542074690251 0.0529346488127 0.0403516524326 0.421096809929
0.0314378938263 0.238630329562 0.542074690251 0.0529346488127 0.0403516524326 0.421096809929
0.0314378938263 0.238630329562 0.542074690251 0.0529346488127 0.0403516524326 0.421096809929
0.0314378938263 0.238630329562 0.542074690251 0.0529346488127 0.0403516524326 0.421096809929
0.0314378938263 0.238630329562 0.542074690251 0.0529346488127 0.0403516524326 0.421096809929
0.0314378938263 0.238630329562 0.542074690251 0.0529346488127 0.0403516524326 0.421096809929
0.0314378938263 0.238630329562 0.542074690251 0.0529346488127 0.0403516524326 0.421096809929
0.0314378938263 0.238630329562 0.542074690251 0.0529346488127 0.0403516524326 0.421096809929
0.0314378938263 0.238630329562 0.542074690251 0.0529346488127 0.0403516524326 0.421096809929
0.0314378938263 0.238630329562 0.542074690251 0.0529346488127 0.0403516524326 0.421096809929
0.0314378938263 0.238630329562 0.542074690251 0.0529346488127 0.0403516524326 0.421096809929
0.0314378938263 0.238630329562 0.542074690251 0.0529346488127 0.0403516524326 0.421096809929
0.0314378938263 0.238630329562 0.542074690251 0.0529346488127 0.0403516524326 0.421096809929
0.0314378938263 0.238630329562 0.542074690251 0.0529346488127 0.0403516524326 0.421096809929
0.0314378938263 0.238630329562 0.542074690251 0.0529346488127 0.0403516524326 0.421096809929
0.0314378938263 0.238630329562 0.542074690251 0.0529346488127 0.0403516524326 0.421096809929
0.0314378938263 0.238630329562 0.542074690251 0.0529346488127 0.0403516524326 0.421096809929
0.0314378938263 0.238630329562 0.542074690251 0.0529346488127 0.0403516524326 0.421096809929
0.0312494501412 0.237199941995 0.538825405883 0.052617348341 0.0401084014483 0.418571624377
0.0314378938263 0.238630329562 0.542074690251 0.0529346488127 0.0403516524326 0.421096809929
0.0314378938263 0.238630329562 0.542074690251 0.0529346488127 0.0403516524326 0.421096809929
0.0314378938263 0.238630329562 0.542074690251 0.0529346488127 0.0403516524326 0.421096809929
0.0314378938263 0.238630329562 0.542074690251 0.0529346488127 0.0403516524326 0.421096809929
0.0314378938263 0.238630329562 0.542074690251 0.0529346488127 0.0403516524326 0.421096809929
0.0314378938263 0.238630329562 0.542074690251 0.0529346488127 0.0403516524326 0.421096809929
0.0314378938263 0.238630329562 0.542074690251 0.0529346488127 0.0403516524326 0.421096809929
0.0314378938263 0.238630329562 0.542074690251 0.0529346488127 0.0403516524326 0.421096809929
0.0314378938263 0.238630329562 0.542074690251 0.0529346488127 0.0403516524326 0.421096809929
0.0314378938263 0.238630329562 0.542074690251 0.0529346488127 0.0403516524326 0.421096809929
0.0314378938263 0.238630329562 0.542074690251 0.0529346488127 0.0403516524326 0.421096809929
0.0314378938263 0.238630329562 0.542074690251 0.0529346488127 0.0403516524326 0.421096809929
0.0314378938263 0.238630329562 0.542074690251 0.0529346488127 0.0403516524326 0.421096809929
0.0314378938263 0.238630329562 0.542074690251 0.0529346488127 0.0403516524326 0.421096809929
0.0314378938263 0.238630329562 0.542074690251 0.0529346488127 0.0403516524326 0.421096809929
0.0314378938263 0.238630329562 0.542074690251 0.0529346488127 0.0403516524326 0.421096809929
0.0314378938263 0.238630329562 0.542074690251 0.0529346488127 0.0403516524326 0.421096809929
0.031280249498 0.237433725457 0.539356471005 0.0526692081338 0.0401481585453 0.418984342325
0.0314378938263 0.238630329562 0.542074690251 0.0529346488127 0.0403516524326 0.421096809929
0.0314378938263 0.238630329562 0.542074690251 0.0529346488127 0.0403516524326 0.421096809929
0.0314378938263 0.238630329562 0.542074690251 0.0529346488127 0.0403516524326 0.421096809929
0.0305915457669 0.232206098682 0.52748133565 0.0515095724655 0.0392591509863 0.409755565515
0.0314378938263 0.238630329562 0.542074690251 0.0529346488127 0.0403516524326 0.421096809929
0.0314378938263 0.238630329562 0.542074690251 0.0529346488127 0.0403516524326 0.421096809929
0.0314378938263 0.238630329562 0.542074690251 0.0529346488127 0.0403516524326 0.421096809929
0.0314378938263 0.238630329562 0.542074690251 0.0529346488127 0.0403516524326 0.421096809929
0.0159590572373 0.121137746113 0.275177225741 0.332579076826 0.0403516524326 0.421096809929
0.0314378938263 0.238630329562 0.542074690251 0.0529346488127 0.0403516524326 0.421096809929
0.0314378938263 0.238630329562 0.542074690251 0.0529346488127 0.0403516524326 0.421096809929
0.0314378938263 0.238630329562 0.542074690251 0.0529346488127 0.0403516524326 0.421096809929
0.0314378938263 0.238630329562 0.542074690251 0.0529346488127 0.0403516524326 0.421096809929
0.0314378938263 0.238630329562 0.542074690251 0.0529346488127 0.0403516524326 0.421096809929
0.0314378938263 0.238630329562 0.542074690251 0.0529346488127 0.0403516524326 0.421096809929
0.0314378938263 0.238630329562 0.542074690251 0.0529346488127 0.0403516524326 0.421096809929
0.0314378938263 0.238630329562 0.542074690251 0.0529346488127 0.0403516524326 0.421096809929
0.0314378938263 0.238630329562 0.542074690251 0.0529346488127 0.0403516524326 0.421096809929
0.0314378938263 0.238630329562 0.542074690251 0.0529346488127 0.0403516524326 0.421096809929
0.0314378938263 0.238630329562 0.542074690251 0.0529346488127 0.0403516524326 0.421096809929
0.0314378938263 0.238630329562 0.542074690251 0.0529346488127 0.0403516524326 0.421096809929
0.0314378938263 0.238630329562 0.542074690251 0.0529346488127 0.0403516524326 0.421096809929
0.0314378938263 0.238630329562 0.542074690251 0.0529346488127 0.0403516524326 0.421096809929
0.0314378938263 0.238630329562 0.542074690251 0.0529346488127 0.0403516524326 0.421096809929
0.0314378938263 0.238630329562 0.542074690251 0.0529346488127 0.0403516524326 0.421096809929
0.0314378938263 0.238630329562 0.542074690251 0.0529346488127 0.0403516524326 0.421096809929
0.0314378938263 0.238630329562 0.542074690251 0.0529346488127 0.0403516524326 0.421096809929
0.0314378938263 0.238630329562 0.542074690251 0.0529346488127 0.0403516524326 0.421096809929
0.0314378938263 0.238630329562 0.542074690251 0.0529346488127 0.0403516524326 0.421096809929
