0.76223938002 0.359365487554 0.97937264109 0.114877978399 0.77488571903 0.817128521046
-6.16819530399e-05 0.00418598487841 0.460883608251 0.439223915234 0.0499173811826 0.480544186654
0.308097431841 0.460451177602 0.236714892745 0.907073625077 0.177601843994 0.50713590167
0.772559076931 0.0562182857784 0.19465137223 0.28018333886 0.929725130698 0.60177366999
0.177094594542 0.718702241714 0.88187191133 0.821271068772 0.540238579298 0.572315821549
1.00041392086 0.970516064827 0.649638389908 0.672837037328 0.283111252208 0.768131026127
0.0307937191752 0.287651771564 0.135870832157 0.61665915533 0.907404299158 0.388453180901
0.581287586058 0.611052014366 0.31378415744 0.39842654121 0.882989643441 0.61519568253
0.778913081337 0.124449413559 0.628504469337 0.294527992022 0.0407687071127 0.361235067223
0.730617586915 0.536843694354 0.960784875187 0.211195873846 0.597222947715 0.502379427709
0.717206364632 0.310248229773 0.505638734609 0.0646643542314 0.42104193637 0.490653123716
0.0311673741581 0.459309635189 0.93457750312 0.118641492938 0.0564318346378 0.665938415438
0.137551092078 0.635944820022 0.433311352118 0.432494345261 0.998717865907 0.373349569846
0.737704281626 0.900341273425 0.17187394314 0.137341615952 0.597466593666 0.587900881535
0.872271010622 0.021570728364 0.313556155223 0.072225125479 0.886669267784 0.644923437963
0.187249947955 0.161038233488 0.382597136168 0.522744455995 0.0503705777139 0.106740175481
0.157260394037 0.225071935365 0.873587702845 0.218106251566 0.047321284412 0.185178345292
0.496811440386 0.259217584882 0.0529334488676 0.743158365597 0.943158946045 0.711717510375
0.807176381048 0.618460918846 0.805852115139 0.487995181582 0.840382215254 0.414850901299
0.88796498835 0.739139238902 0.722672532125 0.242529336353 0.166961558529 0.787856284083
0.224314353119 0.262472838108 0.118207604999 0.956483728273 0.495363002107 0.465304733239
0.909083407668 0.821626592254 0.354010524331 0.15530554242 0.769421785248 0.845463141373
0.567400948888 0.82703861634 0.0510819561514 0.417854330566 0.708177550561 0.316735148761
0.626619428673 0.598468432317 0.876330773573 0.0334963742917 0.206464083792 0.341249437777
0.446393265945 0.148009464354 0.538136175952 0.134630252503 0.889068403161 0.354504695738
0.688628117769 0.256813232669 0.715313960659 0.442256729153 0.08585402921 0.453901415229
0.361293857657 0.444807026682 0.640793053685 0.925163751456 0.444210864351 0.703198604941
0.638392705083 0.460872649044 0.79585118962 0.532660589298 0.385180320097 0.355710805253
0.625381293206 0.0908962259854 0.583575991994 0.184743806136 0.0227656482689 0.60125079357
0.630381663303 0.491019822342 0.946694796286 0.788283558035 0.835171813125 0.515374631351
0.72658619637 0.958194239231 0.484942290215 0.635636049752 0.925735412833 0.210948502885
0.696844790277 0.339058562048 0.0684888003501 0.0640319047238 0.149657512715 0.35327692625
0.499812303601 0.814640854472 0.486357247695 0.873240029882 0.185165582655 0.45721829222
0.225269258627 0.674025010476 0.668381104664 0.983083214516 0.895480511731 0.433534110386
0.886077113 0.0129429653004 0.301958667643 0.00970050792966 0.763447683214 0.84942095849
0.453830532066 0.14586524306 0.0902473521853 0.777153642536 0.936147812475 0.237848374022
0.661529203641 0.230451181792 0.885761593727 0.267371043473 0.46069668495 0.723547254829
0.33920904607 0.855978953149 0.701879242113 0.125434815569 0.868577513068 0.609391398998
0.669806820496 0.647550030937 0.675829507985 0.722980232262 0.277759047618 0.304856902108
0.739208026638 0.112991884128 0.569360085017 0.920615571829 0.489379397574 0.377716487154
0.347928429364 0.970089851778 0.236502205692 0.6145891854 0.853621466485 0.48971499597
0.134105554673 0.391224313078 0.291814302946 0.958197366432 0.347943743867 0.206821858727
0.518255589185 0.813306292773 0.961460471114 0.94588013923 0.225284758697 0.0998485053999
0.103599561582 0.128171505846 0.652697762718 0.149769501726 0.472698570566 0.393448459858
0.556651956296 0.252603355321 0.426357340659 0.222210154391 0.731193582167 0.536177900987
0.844508285821 0.0173269937985 0.985249070923 0.0126143861439 0.226502301333 0.425022068146
0.998700649575 0.370606059948 0.151494575153 0.162096234184 0.0729635604452 0.360489684155
0.552731597031 0.793571725026 0.797929934821 0.372130663576 0.267464804269 0.638567028929
0.882122041924 0.828947614417 0.68665443869 0.788479218032 0.115692417245 0.474885826851
0.985468242319 0.48550484948 0.438829949442 0.676913737457 0.222723790049 0.348534281677
0.76223938002 0.359365487554 0.0413415641955 0.114877978399 0.77488571903 0.81734551322
0.76223938002 0.359365487554 0.97937264109 0.114877978399 0.77488571903 0.817128521046
0.76223938002 0.359365487554 0.97937264109 0.114877978399 0.77488571903 0.817128521046
0.76223938002 0.359365487554 0.97937264109 0.348078984503 0.77488571903 0.817113053109
0.76223938002 0.359365487554 0.97937264109 0.114877978399 0.77488571903 0.817128521046
0.76223938002 0.359365487554 0.97937264109 0.114877978399 0.77488571903 0.817128521046
0.76223938002 0.359365487554 0.97937264109 0.114877978399 0.77488571903 0.817128521046
0.76223938002 0.359365487554 0.97937264109 0.114877978399 0.77488571903 0.817128521046
0.76223938002 0.359365487554 0.97937264109 0.114877978399 0.77488571903 0.817128521046
0.76223938002 0.359365487554 0.97937264109 0.114877978399 0.77488571903 0.817128521046
0.76223938002 0.359365487554 0.97937264109 0.114877978399 0.77488571903 0.817128521046
0.76223938002 0.359365487554 0.97937264109 0.114877978399 0.77488571903 0.817128521046
0.76223938002 0.241532830266 0.97937264109 0.114877978399 0.77488571903 0.817098468453
0.76223938002 0.359365487554 0.97937264109 0.114877978399 0.77488571903 0.817128521046
0.76223938002 0.359365487554 0.97937264109 0.114877978399 0.77488571903 0.817128521046
0.76223938002 0.359365487554 0.97937264109 0.114877978399 0.77488571903 0.817128521046
0.76223938002 0.359365487554 0.97937264109 0.114877978399 0.77488571903 0.817128521046
0.76223938002 0.359365487554 0.97937264109 0.114877978399 0.77488571903 0.817128521046
0.76223938002 0.359365487554 0.97937264109 0.114877978399 0.77488571903 0.817128521046
0.76223938002 0.359365487554 0.97937264109 0.114877978399 0.77488571903 0.817128521046
0.76223938002 0.359365487554 0.97937264109 0.114877978399 0.77488571903 0.817128521046
0.76223938002 0.359365487554 0.97937264109 0.114877978399 0.77488571903 0.817128521046
0.76223938002 0.359365487554 0.97937264109 0.114877978399 0.77488571903 0.817128521046
0.76223938002 0.359365487554 0.97937264109 0.114877978399 0.77488571903 0.817128521046
0.76223938002 0.359365487554 0.97937264109 0.114877978399 0.77488571903 0.817128521046
0.76223938002 0.359365487554 0.97937264109 0.114877978399 0.77488571903 0.817128521046
0.76223938002 0.359365487554 0.97937264109 0.114877978399 0.77488571903 0.817128521046
0.76223938002 0.359365487554 0.97937264109 0.114877978399 0.77488571903 0.817128521046
0.76223938002 0.359365487554 0.97937264109 0.114877978399 0.77488571903 0.817128521046
0.76223938002 0.359365487554 0.97937264109 0.114877978399 0.77488571903 0.817128521046
0.76223938002 0.359365487554 0.97937264109 0.114877978399 0.77488571903 0.817128521046
0.76223938002 0.359365487554 0.97937264109 0.114877978399 0.77488571903 0.817128521046
0.76223938002 0.359365487554 0.97937264109 0.114877978399 0.77488571903 0.817128521046
0.76223938002 0.359365487554 0.97937264109 0.114877978399 0.77488571903 0.817128521046
0.76223938002 0.359365487554 0.97937264109 0.114877978399 0.77488571903 0.817128521046
0.76223938002 0.359365487554 0.97937264109 0.114877978399 0.77488571903 0.817128521046
0.76223938002 0.359365487554 0.97937264109 0.114877978399 0.77488571903 0.817128521046
0.066418205668 0.359365487554 0.97937264109 0.114877978399 0.77488571903 0.817370888397
0.76223938002 0.359365487554 0.97937264109 0.114877978399 0.77488571903 0.817128521046
0.76223938002 0.359365487554 0.97937264109 0.114877978399 0.77488571903 0.817128521046
0.76223938002 0.359365487554 0.97937264109 0.114877978399 0.77488571903 0.817128521046
0.76223938002 0.359365487554 0.97937264109 0.114877978399 0.77488571903 0.817128521046
0.76223938002 0.359365487554 0.97937264109 0.114877978399 0.77488571903 0.817128521046
0.76223938002 0.359365487554 0.97937264109 0.114877978399 0.77488571903 0.817128521046
0.76223938002 0.359365487554 0.97937264109 0.114877978399 0.77488571903 0.817128521046
0.76223938002 0.359365487554 0.97937264109 0.114877978399 0.77488571903 0.817128521046
0.76223938002 0.359365487554 0.97937264109 0.114877978399 0.77488571903 0.817128521046
0.76223938002 0.359365487554 0.97937264109 0.114877978399 0.77488571903 0.817128521046
0.76223938002 0.359365487554 0.97937264109 0.114877978399 0.77488571903 0.817128521046
0.76223938002 0.359365487554 0.97937264109 0.114877978399 0.77488571903 0.817128521046
0.76223938002 0.359365487554 0.97937264109 0.114877978399 0.77488571903 0.817128521046
0.76223938002 0.359365487554 0.97937264109 0.114877978399 0.77488571903 0.817128521046
0.76223938002 0.359365487554 0.97937264109 0.114877978399 0.77488571903 0.817128521046
0.76223938002 0.359365487554 0.97937264109 0.114877978399 0.77488571903 0.817128521046
0.76223938002 0.359365487554 0.97937264109 0.114877978399 0.77488571903 0.817128521046
0.76223938002 0.359365487554 0.97937264109 0.114877978399 0.77488571903 0.826004321413
0.76223938002 0.359365487554 0.97937264109 0.114877978399 0.77488571903 0.817128521046
0.76223938002 0.359365487554 0.97937264109 0.114877978399 0.77488571903 0.817128521046
0.76223938002 0.359365487554 0.97937264109 0.114877978399 0.77488571903 0.817128521046
0.76223938002 0.359365487554 0.97937264109 0.114877978399 0.77488571903 0.817128521046
0.76223938002 0.359365487554 0.97937264109 0.114877978399 0.77488571903 0.817128521046
0.76223938002 0.359365487554 0.97937264109 0.114877978399 0.77488571903 0.817128521046
0.76223938002 0.359365487554 0.97937264109 0.114877978399 0.77488571903 0.817128521046
0.76223938002 0.359365487554 0.97937264109 0.114877978399 0.77488571903 0.817128521046
0.76223938002 0.359365487554 0.97937264109 0.114877978399 0.77488571903 0.817128521046
0.76223938002 0.359365487554 0.97937264109 0.114877978399 0.77488571903 0.817128521046
0.76223938002 0.359365487554 0.97937264109 0.114877978399 0.77488571903 0.817128521046
0.76223938002 0.359365487554 0.97937264109 0.114877978399 0.77488571903 0.813877965364
0.76223938002 0.359365487554 0.97937264109 0.114877978399 0.77488571903 0.817128521046
0.76223938002 0.359365487554 0.97937264109 0.114877978399 0.77488571903 0.817128521046
0.76223938002 0.359365487554 0.97937264109 0.114877978399 0.77488571903 0.817128521046
0.76223938002 0.359365487554 0.97937264109 0.114877978399 0.77488571903 0.817128521046
0.76223938002 0.359365487554 0.97937264109 0.114877978399 0.77488571903 0.817128521046
0.76223938002 0.359365487554 0.97937264109 0.114877978399 0.77488571903 0.817128521046
0.76223938002 0.359365487554 0.97937264109 0.114877978399 0.77488571903 0.817128521046
0.76223938002 0.359365487554 0.97937264109 0.114877978399 0.77488571903 0.817128521046
0.76223938002 0.359365487554 0.97937264109 0.114877978399 0.77488571903 0.817128521046
0.76223938002 0.359365487554 0.97937264109 0.114877978399 0.77488571903 0.817128521046
0.76223938002 0.359365487554 0.97937264109 0.114877978399 0.77488571903 0.817128521046
0.76223938002 0.359365487554 0.97937264109 0.114877978399 0.77488571903 0.817128521046
0.76223938002 0.359365487554 0.97937264109 0.114877978399 0.77488571903 0.817128521046
0.76223938002 0.359365487554 0.97937264109 0.114877978399 0.77488571903 0.817128521046
0.76223938002 0.359365487554 0.97937264109 0.114877978399 0.77488571903 0.749075425347
0.76223938002 0.359365487554 0.97937264109 0.114877978399 0.77488571903 0.817128521046
0.76223938002 0.359365487554 0.97937264109 0.114877978399 0.77488571903 0.817128521046
0.76223938002 0.359365487554 0.97937264109 0.114877978399 0.77488571903 0.817128521046
0.76223938002 0.359365487554 0.97937264109 0.114877978399 0.77488571903 0.817128521046
0.76223938002 0.359365487554 0.97937264109 0.114877978399 0.77488571903 0.817128521046
0.76223938002 0.359365487554 0.97937264109 0.114877978399 0.77488571903 0.817128521046
0.76223938002 0.359365487554 0.97937264109 0.114877978399 0.77488571903 0.817128521046
0.76223938002 0.359365487554 0.97937264109 0.114877978399 0.77488571903 0.817128521046
0.76223938002 0.359365487554 0.97937264109 0.114877978399 0.77488571903 0.817128521046
0.76223938002 0.359365487554 0.97937264109 0.114877978399 0.77488571903 0.817128521046
0.76223938002 0.359365487554 0.97937264109 0.114877978399 0.77488571903 0.817128521046
0.76223938002 0.359365487554 0.97937264109 0.114877978399 0.77488571903 0.817128521046
0.76223938002 0.359365487554 0.97937264109 0.114877978399 0.77488571903 0.817128521046
0.76223938002 0.359365487554 0.97937264109 0.114877978399 0.77488571903 0.817128521046
0.76223938002 0.359365487554 0.97937264109 0.114877978399 0.77488571903 0.817128521046
0.76223938002 0.359365487554 0.97937264109 0.114877978399 0.77488571903 0.817128521046
0.76223938002 0.359365487554 0.97937264109 0.114877978399 0.77488571903 0.817128521046
0.76223938002 0.359365487554 0.97937264109 0.114877978399 0.77488571903 0.817128521046
0.76223938002 0.359365487554 0.97937264109 0.114877978399 0.77488571903 0.817128521046
0.76223938002 0.359365487554 0.97937264109 0.114877978399 0.77488571903 0.817128521046
0.76223938002 0.359365487554 0.97937264109 0.114877978399 0.77488571903 0.817128521046
0.76223938002 0.359365487554 0.97937264109 0.114877978399 0.77488571903 0.817128521046
0.76223938002 0.359365487554 0.97937264109 0.114877978399 0.77488571903 0.817128521046
0.76223938002 0.359365487554 0.97937264109 0.114877978399 0.77488571903 0.817128521046
0.76223938002 0.359365487554 0.97937264109 0.114877978399 0.77488571903 0.817128521046
0.76223938002 0.359365487554 0.97937264109 0.114877978399 0.77488571903 0.817128521046
0.76223938002 0.359365487554 0.97937264109 0.114877978399 0.77488571903 0.817128521046
0.76223938002 0.359365487554 0.97937264109 0.114877978399 0.77488571903 0.817128521046
0.76223938002 0.359365487554 0.97937264109 0.114877978399 0.77488571903 0.817128521046
0.76223938002 0.359365487554 0.97937264109 0.114877978399 0.77488571903 0.817128521046
0.76223938002 0.359365487554 0.97937264109 0.114877978399 0.77488571903 0.817128521046
0.76223938002 0.359365487554 0.97937264109 0.114877978399 0.77488571903 0.817128521046
0.76223938002 0.359365487554 0.97937264109 0.114877978399 0.77488571903 0.817128521046
0.76223938002 0.359365487554 0.97937264109 0.114877978399 0.77488571903 0.817128521046
0.76223938002 0.359365487554 0.97937264109 0.114877978399 0.77488571903 0.817128521046
0.76223938002 0.359365487554 0.97937264109 0.114877978399 0.77488571903 0.817128521046
0.76223938002 0.359365487554 0.97937264109 0.114877978399 0.77488571903 0.817128521046
0.76223938002 0.359365487554 0.97937264109 0.114877978399 0.77488571903 0.817128521046
0.76223938002 0.359365487554 0.97937264109 0.114877978399 0.77488571903 0.817128521046
0.76223938002 0.359365487554 0.97937264109 0.114877978399 0.77488571903 0.817128521046
0.76223938002 0.359365487554 0.97937264109 0.114877978399 0.77488571903 0.817128521046
0.76223938002 0.359365487554 0.97937264109 0.114877978399 0.77488571903 0.817128521046
0.76223938002 0.359365487554 0.97937264109 0.114877978399 0.77488571903 0.817128521046
0.76223938002 0.359365487554 0.97937264109 0.114877978399 0.77488571903 0.817128521046
0.76223938002 0.359365487554 0.97937264109 0.114877978399 0.77488571903 0.817128521046
0.76223938002 0.359365487554 0.97937264109 0.114877978399 0.77488571903 0.817128521046
0.76223938002 0.359365487554 0.97937264109 0.114877978399 0.77488571903 0.817128521046
0.76223938002 0.359365487554 0.97937264109 0.114877978399 0.77488571903 0.817128521046
0.76223938002 0.359365487554 0.97937264109 0.114877978399 0.77488571903 0.817128521046
0.76223938002 0.359365487554 0.97937264109 0.114877978399 0.77488571903 0.817128521046
0.76223938002 0.359365487554 0.97937264109 0.114877978399 0.77488571903 0.817128521046
0.76223938002 0.359365487554 0.97937264109 0.114877978399 0.77488571903 0.817128521046
0.76223938002 0.359365487554 0.97937264109 0.114877978399 0.77488571903 0.817128521046
0.76223938002 0.359365487554 0.97937264109 0.114877978399 0.77488571903 0.817128521046
0.76223938002 0.359365487554 0.97937264109 0.114877978399 0.77488571903 0.817128521046
0.76223938002 0.359365487554 0.97937264109 0.114877978399 0.77488571903 0.817128521046
0.76223938002 0.359365487554 0.97937264109 0.114877978399 0.77488571903 0.817128521046
0.76223938002 0.359365487554 0.97937264109 0.114877978399 0.77488571903 0.817128521046
0.76223938002 0.359365487554 0.97937264109 0.114877978399 0.77488571903 0.817128521046
0.76223938002 0.359365487554 0.97937264109 0.114877978399 0.77488571903 0.817128521046
0.76223938002 0.359365487554 0.97937264109 0.114877978399 0.77488571903 0.817128521046
0.76223938002 0.359365487554 0.97937264109 0.114877978399 0.77488571903 0.817128521046
0.76223938002 0.359365487554 0.97937264109 0.114877978399 0.77488571903 0.817128521046
0.76223938002 0.359365487554 0.97937264109 0.114877978399 0.77488571903 0.817128521046
0.76223938002 0.359365487554 0.97937264109 0.114877978399 0.77488571903 0.817128521046
0.76223938002 0.359365487554 0.97937264109 0.114877978399 0.77488571903 0.817128521046
0.76223938002 0.359365487554 0.97937264109 0.114877978399 0.77488571903 0.817128521046
0.76223938002 0.359365487554 0.97937264109 0.114877978399 0.77488571903 0.817128521046
0.76223938002 0.359365487554 0.97937264109 0.114877978399 0.77488571903 0.817128521046
0.76223938002 0.359365487554 0.97937264109 0.114877978399 0.77488571903 0.817128521046
0.76223938002 0.359365487554 0.97937264109 0.114877978399 0.77488571903 0.817128521046
0.76223938002 0.359365487554 0.97937264109 0.114877978399 0.77488571903 0.817128521046
0.76223938002 0.359365487554 0.97937264109 0.114877978399 0.77488571903 0.817128521046
0.76223938002 0.359365487554 0.97937264109 0.114877978399 0.77488571903 0.817128521046
0.76223938002 0.359365487554 0.97937264109 0.114877978399 0.77488571903 0.817128521046
0.76223938002 0.359365487554 0.97937264109 0.114877978399 0.77488571903 0.817128521046
0.76223938002 0.359365487554 0.97937264109 0.114877978399 0.77488571903 0.817128521046
0.76223938002 0.359365487554 0.97937264109 0.114877978399 0.77488571903 0.817128521046
0.76223938002 0.359365487554 0.97937264109 0.114877978399 0.77488571903 0.817128521046
0.76223938002 0.359365487554 0.97937264109 0.114877978399 0.77488571903 0.817128521046
0.76223938002 0.359365487554 0.97937264109 0.114877978399 0.77488571903 0.817128521046
0.76223938002 0.359365487554 0.97937264109 0.114877978399 0.77488571903 0.817128521046
0.76223938002 0.359365487554 0.97937264109 0.114877978399 0.77488571903 0.817128521046
0.76223938002 0.359365487554 0.97937264109 0.114877978399 0.77488571903 0.817128521046
0.76223938002 0.359365487554 0.97937264109 0.114877978399 0.77488571903 0.817128521046
0.76223938002 0.359365487554 0.97937264109 0.114877978399 0.77488571903 0.817128521046
0.76223938002 0.359365487554 0.97937264109 0.114877978399 0.77488571903 0.817128521046
0.76223938002 0.359365487554 0.97937264109 0.114877978399 0.77488571903 0.817128521046
0.76223938002 0.359365487554 0.97937264109 0.114877978399 0.77488571903 0.817128521046
0.76223938002 0.359365487554 0.97937264109 0.114877978399 0.77488571903 0.817128521046
0.76223938002 0.359365487554 0.97937264109 0.114877978399 0.77488571903 0.817128521046
0.76223938002 0.359365487554 0.97937264109 0.114877978399 0.77488571903 0.817128521046
0.76223938002 0.359365487554 0.97937264109 0.114877978399 0.77488571903 0.817128521046
0.76223938002 0.359365487554 0.97937264109 0.114877978399 0.77488571903 0.817128521046
0.76223938002 0.359365487554 0.97937264109 0.114877978399 0.77488571903 0.817128521046
0.76223938002 0.359365487554 0.97937264109 0.114877978399 0.77488571903 0.817128521046
0.76223938002 0.359365487554 0.97937264109 0.114877978399 0.77488571903 0.817128521046
0.76223938002 0.359365487554 0.97937264109 0.114877978399 0.77488571903 0.817128521046
0.76223938002 0.359365487554 0.97937264109 0.114877978399 0.77488571903 0.817128521046
0.76223938002 0.359365487554 0.97937264109 0.114877978399 0.77488571903 0.817128521046
0.76223938002 0.359365487554 0.97937264109 0.114877978399 0.77488571903 0.817128521046
0.76223938002 0.359365487554 0.97937264109 0.114877978399 0.77488571903 0.817128521046
0.76223938002 0.359365487554 0.97937264109 0.114877978399 0.77488571903 0.817128521046
0.76223938002 0.359365487554 0.97937264109 0.114877978399 0.77488571903 0.817128521046
0.76223938002 0.359365487554 0.97937264109 0.114877978399 0.77488571903 0.817128521046
0.76223938002 0.359365487554 0.97937264109 0.114877978399 0.77488571903 0.817128521046
0.76223938002 0.359365487554 0.97937264109 0.114877978399 0.77488571903 0.817128521046
0.76223938002 0.359365487554 0.97937264109 0.114877978399 0.77488571903 0.817128521046
0.76223938002 0.359365487554 0.97937264109 0.114877978399 0.77488571903 0.817128521046
0.76223938002 0.359365487554 0.97937264109 0.114877978399 0.77488571903 0.817128521046
0.76223938002 0.359365487554 0.97937264109 0.114877978399 0.77488571903 0.817128521046
0.76223938002 0.359365487554 0.97937264109 0.114877978399 0.77488571903 0.817128521046
0.76223938002 0.359365487554 0.97937264109 0.114877978399 0.77488571903 0.817128521046
0.76223938002 0.359365487554 0.97937264109 0.114877978399 0.77488571903 0.817128521046
0.76223938002 0.359365487554 0.97937264109 0.114877978399 0.77488571903 0.817128521046
0.76223938002 0.359365487554 0.97937264109 0.114877978399 0.77488571903 0.817128521046
0.76223938002 0.359365487554 0.97937264109 0.114877978399 0.77488571903 0.817128521046
0.76223938002 0.359365487554 0.97937264109 0.114877978399 0.77488571903 0.817128521046
0.76223938002 0.359365487554 0.97937264109 0.114877978399 0.77488571903 0.817128521046
0.76223938002 0.359365487554 0.97937264109 0.114877978399 0.77488571903 0.817128521046
0.76223938002 0.359365487554 0.97937264109 0.114877978399 0.77488571903 0.817128521046
0.76223938002 0.359365487554 0.97937264109 0.114877978399 0.77488571903 0.817128521046
0.76223938002 0.359365487554 0.97937264109 0.114877978399 0.77488571903 0.817128521046
0.76223938002 0.359365487554 0.97937264109 0.114877978399 0.77488571903 0.817128521046
0.76223938002 0.359365487554 0.97937264109 0.114877978399 0.77488571903 0.817128521046
0.76223938002 0.359365487554 0.97937264109 0.114877978399 0.77488571903 0.817128521046
0.76223938002 0.359365487554 0.97937264109 0.114877978399 0.77488571903 0.817128521046
0.76223938002 0.359365487554 0.97937264109 0.114877978399 0.77488571903 0.817128521046
0.76223938002 0.359365487554 0.97937264109 0.114877978399 0.77488571903 0.817128521046
0.76223938002 0.359365487554 0.97937264109 0.114877978399 0.77488571903 0.817128521046
0.76223938002 0.359365487554 0.97937264109 0.114877978399 0.77488571903 0.817128521046
0.76223938002 0.359365487554 0.97937264109 0.114877978399 0.77488571903 0.817128521046
0.76223938002 0.359365487554 0.97937264109 0.114877978399 0.77488571903 0.817128521046
0.76223938002 0.359365487554 0.97937264109 0.114877978399 0.77488571903 0.817128521046
0.76223938002 0.359365487554 0.97937264109 0.114877978399 0.77488571903 0.817128521046
0.76223938002 0.359365487554 0.97937264109 0.114877978399 0.77488571903 0.817128521046
0.76223938002 0.359365487554 0.97937264109 0.114877978399 0.77488571903 0.817128521046
0.76223938002 0.359365487554 0.97937264109 0.114877978399 0.77488571903 0.817128521046
0.76223938002 0.359365487554 0.97937264109 0.114877978399 0.77488571903 0.817128521046
0.76223938002 0.359365487554 0.97937264109 0.114877978399 0.77488571903 0.817128521046
0.76223938002 0.359365487554 0.97937264109 0.114877978399 0.77488571903 0.817128521046
0.76223938002 0.359365487554 0.97937264109 0.114877978399 0.77488571903 0.817128521046
0.76223938002 0.359365487554 0.97937264109 0.114877978399 0.77488571903 0.817128521046
0.76223938002 0.359365487554 0.97937264109 0.114877978399 0.77488571903 0.817128521046
0.76223938002 0.359365487554 0.97937264109 0.114877978399 0.77488571903 0.817128521046
0.76223938002 0.359365487554 0.97937264109 0.114877978399 0.77488571903 0.817128521046
0.76223938002 0.359365487554 0.97937264109 0.114877978399 0.77488571903 0.817128521046
0.76223938002 0.359365487554 0.97937264109 0.114877978399 0.77488571903 0.817128521046
0.76223938002 0.359365487554 0.97937264109 0.114877978399 0.77488571903 0.817128521046
0.76223938002 0.359365487554 0.97937264109 0.114877978399 0.77488571903 0.817128521046
0.76223938002 0.359365487554 0.97937264109 0.114877978399 0.77488571903 0.817128521046
0.76223938002 0.359365487554 0.97937264109 0.114877978399 0.77488571903 0.817128521046
0.76223938002 0.359365487554 0.97937264109 0.114877978399 0.77488571903 0.817128521046
0.76223938002 0.359365487554 0.97937264109 0.114877978399 0.77488571903 0.817128521046
0.76223938002 0.359365487554 0.97937264109 0.114877978399 0.77488571903 0.817128521046
0.76223938002 0.359365487554 0.97937264109 0.114877978399 0.77488571903 0.817128521046
0.76223938002 0.359365487554 0.97937264109 0.114877978399 0.77488571903 0.817128521046
0.76223938002 0.359365487554 0.97937264109 0.114877978399 0.77488571903 0.817128521046
0.76223938002 0.359365487554 0.97937264109 0.114877978399 0.77488571903 0.817128521046
0.76223938002 0.359365487554 0.97937264109 0.114877978399 0.77488571903 0.817128521046
0.76223938002 0.359365487554 0.97937264109 0.114877978399 0.77488571903 0.817128521046
0.76223938002 0.359365487554 0.97937264109 0.114877978399 0.77488571903 0.817128521046
0.76223938002 0.359365487554 0.97937264109 0.114877978399 0.77488571903 0.817128521046
0.76223938002 0.359365487554 0.97937264109 0.114877978399 0.77488571903 0.817128521046
0.76223938002 0.980174883428 0.97937264109 0.114877978399 0.77488571903 0.816953841851
0.76223938002 0.359365487554 0.97937264109 0.114877978399 0.77488571903 0.817128521046
0.76223938002 0.359365487554 0.97937264109 0.114877978399 0.77488571903 0.817128521046
0.76223938002 0.359365487554 0.97937264109 0.114877978399 0.77488571903 0.817128521046
0.76223938002 0.359365487554 0.97937264109 0.114877978399 0.77488571903 0.817128521046
0.76223938002 0.359365487554 0.97937264109 0.114877978399 0.77488571903 0.817128521046
0.76223938002 0.359365487554 0.97937264109 0.114877978399 0.77488571903 0.817128521046
0.76223938002 0.359365487554 0.97937264109 0.114877978399 0.77488571903 0.817128521046
0.76223938002 0.359365487554 0.97937264109 0.114877978399 0.77488571903 0.817128521046
0.76223938002 0.359365487554 0.97937264109 0.114877978399 0.77488571903 0.817128521046
0.76223938002 0.359365487554 0.97937264109 0.114877978399 0.77488571903 0.817128521046
0.76223938002 0.359365487554 0.97937264109 0.114877978399 0.77488571903 0.817128521046
0.76223938002 0.359365487554 0.97937264109 0.114877978399 0.77488571903 0.817128521046
0.76223938002 0.359365487554 0.97937264109 0.114877978399 0.77488571903 0.817128521046
0.76223938002 0.359365487554 0.97937264109 0.114877978399 0.77488571903 0.817128521046
0.76223938002 0.359365487554 0.97937264109 0.114877978399 0.77488571903 0.817128521046
0.76223938002 0.359365487554 0.97937264109 0.114877978399 0.77488571903 0.817128521046
0.76223938002 0.359365487554 0.97937264109 0.114877978399 0.77488571903 0.817128521046
0.76223938002 0.359365487554 0.97937264109 0.114877978399 0.77488571903 0.896603620858
0.76223938002 0.359365487554 0.97937264109 0.114877978399 0.77488571903 0.817128521046
0.76223938002 0.359365487554 0.97937264109 0.114877978399 0.77488571903 0.817128521046
0.76223938002 0.359365487554 0.97937264109 0.114877978399 0.77488571903 0.817128521046
0.76223938002 0.359365487554 0.97937264109 0.114877978399 0.77488571903 0.817128521046
0.76223938002 0.359365487554 0.97937264109 0.114877978399 0.77488571903 0.817128521046
0.76223938002 0.359365487554 0.97937264109 0.114877978399 0.77488571903 0.817128521046
0.76223938002 0.359365487554 0.97937264109 0.114877978399 0.77488571903 0.817128521046
0.76223938002 0.359365487554 0.97937264109 0.114877978399 0.77488571903 0.817128521046
0.76223938002 0.359365487554 0.97937264109 0.114877978399 0.77488571903 0.817128521046
0.76223938002 0.359365487554 0.97937264109 0.114877978399 0.77488571903 0.817128521046
0.76223938002 0.359365487554 0.97937264109 0.114877978399 0.77488571903 0.821444001145
0.76223938002 0.359365487554 0.97937264109 0.114877978399 0.77488571903 0.817128521046
0.76223938002 0.359365487554 0.97937264109 0.114877978399 0.77488571903 0.817128521046
0.76223938002 0.359365487554 0.97937264109 0.114877978399 0.77488571903 0.841044213872
0.76223938002 0.359365487554 0.97937264109 0.114877978399 0.77488571903 0.817128521046
0.76223938002 0.359365487554 0.97937264109 0.114877978399 0.77488571903 0.817128521046
0.76223938002 0.359365487554 0.97937264109 0.114877978399 0.77488571903 0.817128521046
0.76223938002 0.359365487554 0.97937264109 0.114877978399 0.77488571903 0.817128521046
0.76223938002 0.359365487554 0.97937264109 0.114877978399 0.77488571903 0.817128521046
0.76223938002 0.359365487554 0.97937264109 0.114877978399 0.77488571903 0.817128521046
0.76223938002 0.359365487554 0.97937264109 0.114877978399 0.77488571903 0.817128521046
0.76223938002 0.359365487554 0.97937264109 0.114877978399 0.77488571903 0.817128521046
0.76223938002 0.359365487554 0.97937264109 0.114877978399 0.77488571903 0.817128521046
0.76223938002 0.359365487554 0.97937264109 0.114877978399 0.77488571903 0.817128521046
0.76223938002 0.359365487554 0.97937264109 0.114877978399 0.77488571903 0.817128521046
0.76223938002 0.359365487554 0.97937264109 0.114877978399 0.77488571903 0.817128521046
0.76223938002 0.359365487554 0.97937264109 0.114877978399 0.77488571903 0.817128521046
0.76223938002 0.359365487554 0.97937264109 0.114877978399 0.77488571903 0.817128521046
0.76223938002 0.359365487554 0.97937264109 0.114877978399 0.77488571903 0.817128521046
0.76223938002 0.359365487554 0.97937264109 0.114877978399 0.77488571903 0.817128521046
0.76223938002 0.359365487554 0.97937264109 0.114877978399 0.77488571903 0.817128521046
0.76223938002 0.359365487554 0.97937264109 0.114877978399 0.77488571903 0.817128521046
0.76223938002 0.359365487554 0.97937264109 0.114877978399 0.77488571903 0.817128521046
0.76223938002 0.359365487554 0.97937264109 0.114877978399 0.77488571903 0.817128521046
0.76223938002 0.359365487554 0.97937264109 0.114877978399 0.77488571903 0.817128521046
0.76223938002 0.359365487554 0.97937264109 0.114877978399 0.77488571903 0.817128521046
0.76223938002 0.359365487554 0.97937264109 0.114877978399 0.77488571903 0.817128521046
0.76223938002 0.359365487554 0.97937264109 0.114877978399 0.77488571903 0.817128521046
0.76223938002 0.359365487554 0.97937264109 0.114877978399 0.77488571903 0.817128521046
0.76223938002 0.359365487554 0.97937264109 0.114877978399 0.77488571903 0.817128521046
0.76223938002 0.359365487554 0.97937264109 0.114877978399 0.77488571903 0.817128521046
0.76223938002 0.359365487554 0.97937264109 0.114877978399 0.77488571903 0.817128521046
0.76223938002 0.359365487554 0.97937264109 0.114877978399 0.77488571903 0.817128521046
0.76223938002 0.359365487554 0.97937264109 0.114877978399 0.77488571903 0.817128521046
0.76223938002 0.359365487554 0.97937264109 0.114877978399 0.77488571903 0.817128521046
0.76223938002 0.359365487554 0.97937264109 0.114877978399 0.77488571903 0.817128521046
0.76223938002 0.359365487554 0.97937264109 0.114877978399 0.77488571903 0.817128521046
0.76223938002 0.359365487554 0.97937264109 0.114877978399 0.77488571903 0.817128521046
0.76223938002 0.359365487554 0.97937264109 0.114877978399 0.77488571903 0.817128521046
0.76223938002 0.359365487554 0.97937264109 0.114877978399 0.77488571903 0.817128521046
0.76223938002 0.359365487554 0.97937264109 0.114877978399 0.77488571903 0.817128521046
0.76223938002 0.359365487554 0.97937264109 0.114877978399 0.77488571903 0.817128521046
0.76223938002 0.359365487554 0.97937264109 0.114877978399 0.77488571903 0.817128521046
0.76223938002 0.359365487554 0.97937264109 0.114877978399 0.77488571903 0.817128521046
0.76223938002 0.359365487554 0.97937264109 0.114877978399 0.77488571903 0.817128521046
0.76223938002 0.359365487554 0.97937264109 0.114877978399 0.77488571903 0.817128521046
0.76223938002 0.359365487554 0.97937264109 0.114877978399 0.77488571903 0.817128521046
0.76223938002 0.359365487554 0.97937264109 0.114877978399 0.77488571903 0.817128521046
0.76223938002 0.359365487554 0.97937264109 0.114877978399 0.77488571903 0.817128521046
0.76223938002 0.359365487554 0.97937264109 0.114877978399 0.77488571903 0.817128521046
0.76223938002 0.359365487554 0.97937264109 0.114877978399 0.77488571903 0.817128521046
0.76223938002 0.359365487554 0.97937264109 0.114877978399 0.77488571903 0.817128521046
0.76223938002 0.359365487554 0.97937264109 0.114877978399 0.77488571903 0.817128521046
0.76223938002 0.359365487554 0.97937264109 0.114877978399 0.77488571903 0.817128521046
0.76223938002 0.359365487554 0.97937264109 0.114877978399 0.77488571903 0.817128521046
0.76223938002 0.359365487554 0.97937264109 0.114877978399 0.77488571903 0.817128521046
0.76223938002 0.359365487554 0.97937264109 0.114877978399 0.77488571903 0.817128521046
0.76223938002 0.359365487554 0.97937264109 0.114877978399 0.77488571903 0.817128521046
0.76223938002 0.359365487554 0.97937264109 0.114877978399 0.77488571903 0.817128521046
0.76223938002 0.359365487554 0.97937264109 0.114877978399 0.77488571903 0.817128521046
0.76223938002 0.359365487554 0.97937264109 0.114877978399 0.77488571903 0.817128521046
0.76223938002 0.359365487554 0.97937264109 0.114877978399 0.77488571903 0.601064295909
0.76223938002 0.359365487554 0.97937264109 0.114877978399 0.77488571903 0.817128521046
0.76223938002 0.359365487554 0.97937264109 0.114877978399 0.77488571903 0.817128521046
0.76223938002 0.359365487554 0.97937264109 0.114877978399 0.77488571903 0.817128521046
0.76223938002 0.359365487554 0.97937264109 0.114877978399 0.77488571903 0.817128521046
0.76223938002 0.359365487554 0.97937264109 0.114877978399 0.77488571903 0.817128521046
0.76223938002 0.359365487554 0.97937264109 0.114877978399 0.77488571903 0.817128521046
0.76223938002 0.359365487554 0.97937264109 0.114877978399 0.77488571903 0.817128521046
0.76223938002 0.359365487554 0.97937264109 0.114877978399 0.77488571903 0.817128521046
0.76223938002 0.359365487554 0.97937264109 0.114877978399 0.77488571903 0.817128521046
0.76223938002 0.359365487554 0.97937264109 0.114877978399 0.77488571903 0.817128521046
0.76223938002 0.359365487554 0.97937264109 0.114877978399 0.77488571903 0.806798366696
0.76223938002 0.359365487554 0.97937264109 0.114877978399 0.77488571903 0.817128521046
0.76223938002 0.359365487554 0.97937264109 0.114877978399 0.77488571903 0.817128521046
0.76223938002 0.359365487554 0.97937264109 0.114877978399 0.77488571903 0.817128521046
0.76223938002 0.359365487554 0.97937264109 0.114877978399 0.77488571903 0.817128521046
0.76223938002 0.359365487554 0.97937264109 0.114877978399 0.77488571903 0.817128521046
0.76223938002 0.359365487554 0.97937264109 0.114877978399 0.77488571903 0.817128521046
0.76223938002 0.359365487554 0.97937264109 0.114877978399 0.77488571903 0.817128521046
0.76223938002 0.359365487554 0.97937264109 0.114877978399 0.77488571903 0.817128521046
0.76223938002 0.359365487554 0.97937264109 0.114877978399 0.77488571903 0.817128521046
0.76223938002 0.359365487554 0.97937264109 0.114877978399 0.77488571903 0.817128521046
0.76223938002 0.359365487554 0.97937264109 0.114877978399 0.77488571903 0.817128521046
0.76223938002 0.359365487554 0.97937264109 0.114877978399 0.77488571903 0.817128521046
0.76223938002 0.359365487554 0.97937264109 0.114877978399 0.77488571903 0.817128521046
0.76223938002 0.359365487554 0.97937264109 0.114877978399 0.77488571903 0.817128521046
0.76223938002 0.359365487554 0.97937264109 0.114877978399 0.77488571903 0.817128521046
0.76223938002 0.359365487554 0.97937264109 0.114877978399 0.77488571903 0.817128521046
0.76223938002 0.359365487554 0.97937264109 0.114877978399 0.77488571903 0.817128521046
0.76223938002 0.359365487554 0.97937264109 0.114877978399 0.77488571903 0.817128521046
0.76223938002 0.359365487554 0.97937264109 0.114877978399 0.77488571903 0.817128521046
0.76223938002 0.359365487554 0.97937264109 0.114877978399 0.77488571903 0.817128521046
0.76223938002 0.359365487554 0.97937264109 0.114877978399 0.77488571903 0.817128521046
0.76223938002 0.359365487554 0.97937264109 0.114877978399 0.77488571903 0.817128521046
0.76223938002 0.359365487554 0.97937264109 0.114877978399 0.77488571903 0.817128521046
0.76223938002 0.359365487554 0.97937264109 0.114877978399 0.77488571903 0.817128521046
0.76223938002 0.359365487554 0.97937264109 0.114877978399 0.77488571903 0.817128521046
0.76223938002 0.359365487554 0.97937264109 0.114877978399 0.77488571903 0.817128521046
0.76223938002 0.359365487554 0.97937264109 0.114877978399 0.77488571903 0.817128521046
0.76223938002 0.359365487554 0.97937264109 0.114877978399 0.77488571903 0.817128521046
0.76223938002 0.359365487554 0.97937264109 0.114877978399 0.77488571903 0.817128521046
0.76223938002 0.359365487554 0.97937264109 0.114877978399 0.77488571903 0.817128521046
0.76223938002 0.359365487554 0.97937264109 0.114877978399 0.77488571903 0.817128521046
0.76223938002 0.359365487554 0.97937264109 0.114877978399 0.77488571903 0.817128521046
0.76223938002 0.359365487554 0.97937264109 0.114877978399 0.77488571903 0.817128521046
0.76223938002 0.359365487554 0.97937264109 0.114877978399 0.77488571903 0.817128521046
0.76223938002 0.359365487554 0.97937264109 0.114877978399 0.77488571903 0.817128521046
0.76223938002 0.359365487554 0.97937264109 0.114877978399 0.77488571903 0.817128521046
0.76223938002 0.359365487554 0.97937264109 0.114877978399 0.77488571903 0.817128521046
0.76223938002 0.359365487554 0.97937264109 0.114877978399 0.77488571903 0.817128521046
0.76223938002 0.359365487554 0.97937264109 0.114877978399 0.77488571903 0.817128521046
0.76223938002 0.359365487554 0.97937264109 0.114877978399 0.77488571903 0.817128521046
0.76223938002 0.359365487554 0.97937264109 0.114877978399 0.77488571903 0.817128521046
0.76223938002 0.359365487554 0.97937264109 0.114877978399 0.77488571903 0.817128521046
0.76223938002 0.359365487554 0.97937264109 0.114877978399 0.77488571903 0.817128521046
0.76223938002 0.359365487554 0.97937264109 0.114877978399 0.77488571903 0.66110992512
0.76223938002 0.359365487554 0.97937264109 0.114877978399 0.77488571903 0.817128521046
0.76223938002 0.359365487554 0.97937264109 0.114877978399 0.77488571903 0.817128521046
0.76223938002 0.359365487554 0.97937264109 0.114877978399 0.77488571903 0.635558561227
0.76223938002 0.359365487554 0.97937264109 0.114877978399 0.77488571903 0.817128521046
0.76223938002 0.359365487554 0.97937264109 0.114877978399 0.77488571903 0.817128521046
0.76223938002 0.359365487554 0.97937264109 0.114877978399 0.77488571903 0.817128521046
0.76223938002 0.359365487554 0.97937264109 0.114877978399 0.77488571903 0.817128521046
0.76223938002 0.359365487554 0.97937264109 0.114877978399 0.77488571903 0.817128521046
0.76223938002 0.359365487554 0.97937264109 0.114877978399 0.77488571903 0.817128521046
0.76223938002 0.359365487554 0.97937264109 0.114877978399 0.77488571903 0.817128521046
0.76223938002 0.359365487554 0.97937264109 0.114877978399 0.77488571903 0.817128521046
0.76223938002 0.359365487554 0.97937264109 0.114877978399 0.77488571903 0.817128521046
0.76223938002 0.359365487554 0.97937264109 0.114877978399 0.77488571903 0.817128521046
0.76223938002 0.359365487554 0.97937264109 0.114877978399 0.77488571903 0.817128521046
0.76223938002 0.359365487554 0.97937264109 0.114877978399 0.77488571903 0.817128521046
0.76223938002 0.359365487554 0.97937264109 0.114877978399 0.77488571903 0.817128521046
0.76223938002 0.359365487554 0.97937264109 0.114877978399 0.77488571903 0.817128521046
0.76223938002 0.359365487554 0.97937264109 0.114877978399 0.77488571903 0.817128521046
0.76223938002 0.359365487554 0.97937264109 0.114877978399 0.77488571903 0.817128521046
0.76223938002 0.359365487554 0.97937264109 0.114877978399 0.77488571903 0.817128521046
0.76223938002 0.359365487554 0.97937264109 0.114877978399 0.77488571903 0.817128521046
0.76223938002 0.359365487554 0.97937264109 0.114877978399 0.77488571903 0.817128521046
0.76223938002 0.359365487554 0.97937264109 0.114877978399 0.77488571903 0.817128521046
0.76223938002 0.359365487554 0.97937264109 0.114877978399 0.77488571903 0.817128521046
0.76223938002 0.359365487554 0.97937264109 0.114877978399 0.77488571903 0.817128521046
0.76223938002 0.359365487554 0.97937264109 0.114877978399 0.77488571903 0.817128521046
0.76223938002 0.359365487554 0.97937264109 0.114877978399 0.77488571903 0.817128521046
0.76223938002 0.359365487554 0.97937264109 0.114877978399 0.77488571903 0.817128521046
0.76223938002 0.359365487554 0.97937264109 0.114877978399 0.77488571903 0.817128521046
0.76223938002 0.359365487554 0.97937264109 0.114877978399 0.77488571903 0.817128521046
0.76223938002 0.359365487554 0.97937264109 0.114877978399 0.77488571903 0.817128521046
0.76223938002 0.359365487554 0.97937264109 0.114877978399 0.77488571903 0.817128521046
0.76223938002 0.359365487554 0.97937264109 0.114877978399 0.77488571903 0.817128521046
0.76223938002 0.359365487554 0.97937264109 0.114877978399 0.77488571903 0.817128521046
0.76223938002 0.359365487554 0.97937264109 0.114877978399 0.77488571903 0.817128521046
0.76223938002 0.359365487554 0.97937264109 0.114877978399 0.77488571903 0.817128521046
0.76223938002 0.359365487554 0.97937264109 0.114877978399 0.77488571903 0.817128521046
0.76223938002 0.359365487554 0.97937264109 0.114877978399 0.77488571903 0.817128521046
0.76223938002 0.359365487554 0.97937264109 0.114877978399 0.77488571903 0.817128521046
0.76223938002 0.359365487554 0.97937264109 0.114877978399 0.77488571903 0.817128521046
0.76223938002 0.821869589926 0.97937264109 0.114877978399 0.77488571903 0.81686388367
0.76223938002 0.359365487554 0.97937264109 0.114877978399 0.77488571903 0.817128521046
0.76223938002 0.359365487554 0.97937264109 0.114877978399 0.77488571903 0.817128521046
0.76223938002 0.359365487554 0.97937264109 0.114877978399 0.77488571903 0.817128521046
0.76223938002 0.359365487554 0.97937264109 0.114877978399 0.77488571903 0.817128521046
0.76223938002 0.359365487554 0.97937264109 0.114877978399 0.77488571903 0.817128521046
0.76223938002 0.359365487554 0.97937264109 0.114877978399 0.77488571903 0.817128521046
0.76223938002 0.359365487554 0.97937264109 0.114877978399 0.77488571903 0.817128521046
0.76223938002 0.359365487554 0.97937264109 0.114877978399 0.77488571903 0.817128521046
0.76223938002 0.359365487554 0.97937264109 0.114877978399 0.77488571903 0.817128521046
0.76223938002 0.359365487554 0.97937264109 0.114877978399 0.77488571903 0.817128521046
0.76223938002 0.359365487554 0.97937264109 0.114877978399 0.77488571903 0.817128521046
0.76223938002 0.359365487554 0.97937264109 0.114877978399 0.77488571903 0.817128521046
0.76223938002 0.359365487554 0.05862401183 0.114877978399 0.77488571903 0.817339191459
0.76223938002 0.359365487554 0.97937264109 0.114877978399 0.77488571903 0.817128521046
0.76223938002 0.359365487554 0.97937264109 0.114877978399 0.77488571903 0.817128521046
0.76223938002 0.359365487554 0.97937264109 0.114877978399 0.77488571903 0.817128521046
