0.551549745521 0.967196854874 0.112795977493 0.168992408215 0.751931198246 0.664830017918
0.846750246408 0.527081579156 0.113939127351 0.855937289065 0.00867655649337 0.374714796614
0.199886566665 0.730579711619 0.328208805457 0.34826368315 0.424232760526 0.458882957869
0.503091502175 0.282316764465 0.378300193431 0.300794273622 0.873208101007 0.537444088832
0.599318871877 0.643898644941 0.411620454851 0.523291231212 0.647075611672 0.624180022973
0.364584803246 0.581638714871 0.748265843247 0.672969900098 0.243118991945 0.624785670646
0.253525748841 0.94616647699 0.831330032719 0.912985532442 0.944575578992 0.433961460081
0.28427612733 0.228417480958 0.982564102032 0.46625770598 0.978712833833 0.760621273214
-0.000189955611566 0.0240965409986 0.313912122962 0.447059437914 0.431792440414 0.358973498315
0.997560791389 0.717220657202 0.221063039484 0.895849853211 0.485264094056 0.446569374943
0.476396818178 0.305969828381 0.541551012945 0.359206228186 0.250066130411 0.54002033967
0.343407510277 0.472239575428 0.831489093304 0.393130943767 0.697140370275 0.492240405726
0.969561927987 0.771128094807 0.850547819746 0.22539635791 0.0610606401198 0.308889135793
0.743410136514 0.979570771997 0.0408842221673 0.233983726561 0.806225165759 0.24373627921
0.502474797463 0.57734332522 0.261370173574 0.227431467574 0.0859416305257 0.599117455608
0.0206995449275 0.596917833567 0.639855052463 0.705853674268 0.375253512141 0.815046310896
0.549567698308 0.777112810861 0.999527619624 0.0484546021184 0.442030947755 0.602789091279
0.925223645165 0.131977662147 0.810536986322 0.10532254842 0.964466987502 0.540249092184
0.0713710870776 0.975186096972 0.996699065698 0.39854205214 0.39829833775 0.427710847241
0.80420983529 0.743947187228 0.958368877257 0.151542669053 0.3473615061 0.412786320996
0.812282280327 0.334280234748 0.373970763935 0.568559040768 0.135809341167 0.372837568653
0.736425472825 0.483813296639 0.361762694102 0.723971772152 0.732034395347 0.649165012402
0.309068666678 0.791742188376 0.108814695238 0.111355988211 0.23918293628 0.663661313458
0.19215244957 0.947730086379 0.681935818202 0.904046342479 0.780627227093 0.314425868408
0.659989408887 0.429876668043 0.117672727939 0.6793664173 0.599978990903 0.378934009835
0.0592969587119 0.968539984635 0.541624060771 0.308668285888 0.507676848826 0.538970603349
0.493488511378 0.925685922416 0.931113354652 0.150130462102 0.980155201536 0.39179310558
0.110703994527 0.203165899639 0.967865556174 0.444847565694 0.946915156377 0.572691485493
0.0972315721826 0.357713009057 0.125188757909 0.888562595309 0.044602077122 0.245322668938
0.86397764432 0.409576718095 0.902573967161 0.625780412762 0.422333836654 0.405353751771
0.528017197821 0.700163264598 0.24640105031 0.0734131857146 0.153752968654 0.25350128137
0.533762434479 0.800741261245 0.245806457891 0.427679010378 0.142174916497 0.266624452321
0.936213265549 0.7942804306 0.925853419466 0.993932803086 0.320859824921 0.522521077979
0.518248002063 0.934101548757 0.725482303065 0.688174856771 0.267726359348 0.611551274147
0.770042192326 0.505422119237 0.302037224485 0.271985479758 0.735578767365 0.486887244574
0.113392081898 0.869285213366 0.69552025219 0.763369723619 0.903190533604 0.6376335242
0.0742743937074 0.64450981321 0.543121513241 0.935843378677 0.794557824379 0.516934330361
0.892245537167 0.588720500162 0.342232341567 0.601152453208 0.373206884124 0.580051240724
0.505904286483 0.866760085104 0.940100991489 0.00966094386197 0.249704814157 0.228406131052
0.395766992457 0.546955856941 0.627806150604 0.679574937382 0.888461187703 0.0868759477245
0.911252037323 0.361428189871 0.873369757847 0.650554148962 0.10985068627 0.14953949205
0.5218251044 0.321184930359 0.671474265001 0.708537070054 0.15133110184 0.386274833957
0.551295127423 0.954296934043 0.966164142903 0.234248895389 0.756659717605 0.21173730509
0.898932983684 0.200546234923 0.931029076477 0.520820368072 0.619264492536 0.38133052494
0.312626904499 0.398572370414 0.942478551192 0.205142790074 0.334509846428 0.45470584712
0.399026290935 0.319600329151 0.893587427251 0.737070873968 0.748842311786 0.501778146003
0.967450953532 0.959827271398 0.5158659563 0.0143146930474 0.154663322997 0.339475634611
0.738841180732 0.553638396449 0.12693044933 0.357015308249 0.836321989315 0.115999110503
0.00444147747481 0.396764030825 0.0506987653743 0.17356877743 0.911559324418 0.207038299568
0.27036829832 0.881476269565 0.981416426385 0.488469489142 0.463566760259 0.359501974821
0.551549745521 0.967196854874 0.112795977493 0.168992408215 0.751931198246 0.664830017918
0.551549745521 0.967196854874 0.112795977493 0.168992408215 0.751931198246 0.664830017918
0.551549745521 0.967196854874 0.112795977493 0.168992408215 0.751931198246 0.664830017918
0.551549745521 0.967196854874 0.112795977493 0.168992408215 0.751931198246 0.664830017918
0.551549745521 0.967196854874 0.112795977493 0.168992408215 0.751931198246 0.664830017918
0.551549745521 0.967196854874 0.112795977493 0.168992408215 0.751931198246 0.664830017918
0.551549745521 0.967196854874 0.112795977493 0.168992408215 0.751931198246 0.664830017918
0.551549745521 0.967196854874 0.112795977493 0.168992408215 0.751931198246 0.664830017918
0.551549745521 0.967196854874 0.112795977493 0.168992408215 0.751931198246 0.664830017918
0.551549745521 0.967196854874 0.112795977493 0.168992408215 0.751931198246 0.664830017918
0.551549745521 0.967196854874 0.112795977493 0.168992408215 0.751931198246 0.664830017918
0.551549745521 0.967196854874 0.112795977493 0.168992408215 0.751931198246 0.610200606282
0.551549745521 0.967196854874 0.112795977493 0.168992408215 0.751931198246 0.664830017918
0.551549745521 0.967196854874 0.112795977493 0.168992408215 0.751931198246 0.664830017918
0.551549745521 0.967196854874 0.112795977493 0.168992408215 0.751931198246 0.664830017918
0.551549745521 0.967196854874 0.112795977493 0.168992408215 0.751931198246 0.664830017918
0.551549745521 0.967196854874 0.112795977493 0.168992408215 0.751931198246 0.664830017918
0.551549745521 0.967196854874 0.112795977493 0.168992408215 0.751931198246 0.664830017918
0.551549745521 0.967196854874 0.112795977493 0.168992408215 0.751931198246 0.664830017918
0.551549745521 0.967196854874 0.112795977493 0.168992408215 0.751931198246 0.664830017918
0.551549745521 0.967196854874 0.112795977493 0.168992408215 0.751931198246 0.664830017918
0.551549745521 0.967196854874 0.112795977493 0.168992408215 0.751931198246 0.664830017918
0.551549745521 0.967196854874 0.112795977493 0.168992408215 0.751931198246 0.664830017918
0.551549745521 0.967196854874 0.112795977493 0.168992408215 0.751931198246 0.664830017918
0.551549745521 0.967196854874 0.112795977493 0.168992408215 0.751931198246 0.664830017918
0.551549745521 0.967196854874 0.112795977493 0.168992408215 0.751931198246 0.664830017918
0.551549745521 0.967196854874 0.112795977493 0.168992408215 0.751931198246 0.664830017918
0.551549745521 0.967196854874 0.112795977493 0.168992408215 0.751931198246 0.664830017918
0.551549745521 0.967196854874 0.112795977493 0.168992408215 0.751931198246 0.664830017918
0.551549745521 0.967196854874 0.112795977493 0.168992408215 0.751931198246 0.664830017918
0.551549745521 0.967196854874 0.112795977493 0.168992408215 0.751931198246 0.664830017918
0.551549745521 0.967196854874 0.112795977493 0.168992408215 0.751931198246 0.664830017918
0.551549745521 0.967196854874 0.112795977493 0.168992408215 0.751931198246 0.664830017918
0.551549745521 0.967196854874 0.112795977493 0.168992408215 0.751931198246 0.664830017918
0.551549745521 0.967196854874 0.112795977493 0.168992408215 0.751931198246 0.664830017918
0.551549745521 0.967196854874 0.112795977493 0.168992408215 0.751931198246 0.664830017918
0.551549745521 0.967196854874 0.112795977493 0.168992408215 0.751931198246 0.664830017918
0.551549745521 0.967196854874 0.112795977493 0.168992408215 0.751931198246 0.664830017918
0.551549745521 0.967196854874 0.112795977493 0.168992408215 0.751931198246 0.664830017918
0.551549745521 0.967196854874 0.112795977493 0.168992408215 0.751931198246 0.664830017918
0.551549745521 0.967196854874 0.112795977493 0.168992408215 0.751931198246 0.664830017918
0.551549745521 0.967196854874 0.112795977493 0.168992408215 0.751931198246 0.664830017918
0.551549745521 0.967196854874 0.112795977493 0.168992408215 0.751931198246 0.664830017918
0.551549745521 0.967196854874 0.112795977493 0.168992408215 0.751931198246 0.664830017918
0.551549745521 0.967196854874 0.112795977493 0.168992408215 0.751931198246 0.664830017918
0.551549745521 0.967196854874 0.112795977493 0.168992408215 0.751931198246 0.664830017918
0.551549745521 0.967196854874 0.112795977493 0.168992408215 0.751931198246 0.664830017918
0.551549745521 0.967196854874 0.112795977493 0.168992408215 0.751931198246 0.664830017918
0.551549745521 0.967196854874 0.112795977493 0.168992408215 0.751931198246 0.637121871924
0.551549745521 0.967196854874 0.112795977493 0.168992408215 0.751931198246 0.664830017918
0.551549745521 0.967196854874 0.112795977493 0.168992408215 0.751931198246 0.664830017918
0.551549745521 0.967196854874 0.112795977493 0.168992408215 0.751931198246 0.664830017918
0.551549745521 0.967196854874 0.112795977493 0.168992408215 0.751931198246 0.664830017918
0.551549745521 0.967196854874 0.112795977493 0.168992408215 0.751931198246 0.664830017918
0.551549745521 0.967196854874 0.112795977493 0.168992408215 0.751931198246 0.623484880848
0.551549745521 0.967196854874 0.112795977493 0.168992408215 0.751931198246 0.664830017918
0.551549745521 0.967196854874 0.112795977493 0.168992408215 0.751931198246 0.664830017918
0.551549745521 0.967196854874 0.112795977493 0.168992408215 0.751931198246 0.664830017918
0.551549745521 0.967196854874 0.112795977493 0.168992408215 0.751931198246 0.664830017918
0.551549745521 0.967196854874 0.112795977493 0.168992408215 0.751931198246 0.664830017918
0.551549745521 0.967196854874 0.112795977493 0.168992408215 0.751931198246 0.664830017918
0.551549745521 0.967196854874 0.112795977493 0.168992408215 0.751931198246 0.664830017918
0.551549745521 0.967196854874 0.112795977493 0.168992408215 0.751931198246 0.664830017918
0.551549745521 0.967196854874 0.112795977493 0.168992408215 0.751931198246 0.664830017918
0.551549745521 0.967196854874 0.112795977493 0.168992408215 0.751931198246 0.664830017918
0.551549745521 0.967196854874 0.112795977493 0.168992408215 0.751931198246 0.664830017918
0.551549745521 0.967196854874 0.112795977493 0.168992408215 0.751931198246 0.664830017918
0.551549745521 0.967196854874 0.112795977493 0.168992408215 0.751931198246 0.664830017918
0.551549745521 0.967196854874 0.112795977493 0.168992408215 0.751931198246 0.664830017918
0.551549745521 0.967196854874 0.112795977493 0.168992408215 0.751931198246 0.664830017918
0.551549745521 0.967196854874 0.112795977493 0.168992408215 0.751931198246 0.664830017918
0.551549745521 0.967196854874 0.112795977493 0.168992408215 0.751931198246 0.664830017918
0.551549745521 0.967196854874 0.112795977493 0.168992408215 0.751931198246 0.664830017918
0.551549745521 0.967196854874 0.112795977493 0.168992408215 0.751931198246 0.664830017918
0.551549745521 0.967196854874 0.112795977493 0.168992408215 0.751931198246 0.664830017918
0.551549745521 0.967196854874 0.112795977493 0.168992408215 0.751931198246 0.664830017918
0.551549745521 0.967196854874 0.112795977493 0.168992408215 0.751931198246 0.664830017918
0.551549745521 0.967196854874 0.112795977493 0.168992408215 0.751931198246 0.644584324529
0.551549745521 0.967196854874 0.112795977493 0.168992408215 0.751931198246 0.664830017918
0.551549745521 0.967196854874 0.112795977493 0.168992408215 0.751931198246 0.664830017918
0.551549745521 0.967196854874 0.112795977493 0.168992408215 0.751931198246 0.664830017918
0.551549745521 0.967196854874 0.112795977493 0.168992408215 0.751931198246 0.664830017918
0.551549745521 0.967196854874 0.112795977493 0.168992408215 0.751931198246 0.664830017918
0.551549745521 0.967196854874 0.112795977493 0.168992408215 0.751931198246 0.664830017918
0.551549745521 0.967196854874 0.112795977493 0.168992408215 0.751931198246 0.664830017918
0.551549745521 0.967196854874 0.112795977493 0.168992408215 0.751931198246 0.664830017918
0.551549745521 0.967196854874 0.112795977493 0.168992408215 0.651563007617 0.66490851253
0.551549745521 0.967196854874 0.112795977493 0.168992408215 0.751931198246 0.664830017918
0.551549745521 0.967196854874 0.112795977493 0.168992408215 0.751931198246 0.664830017918
0.551549745521 0.967196854874 0.112795977493 0.168992408215 0.751931198246 0.664830017918
0.551549745521 0.967196854874 0.112795977493 0.168992408215 0.751931198246 0.664830017918
0.551549745521 0.967196854874 0.112795977493 0.168992408215 0.751931198246 0.664830017918
0.551549745521 0.967196854874 0.112795977493 0.168992408215 0.751931198246 0.664830017918
0.551549745521 0.967196854874 0.112795977493 0.168992408215 0.751931198246 0.664830017918
0.551549745521 0.967196854874 0.112795977493 0.168992408215 0.751931198246 0.664830017918
0.551549745521 0.967196854874 0.112795977493 0.168992408215 0.751931198246 0.664830017918
0.551549745521 0.967196854874 0.112795977493 0.168992408215 0.751931198246 0.664830017918
0.551549745521 0.967196854874 0.112795977493 0.168992408215 0.751931198246 0.664830017918
0.551549745521 0.967196854874 0.112795977493 0.168992408215 0.751931198246 0.664830017918
0.551549745521 0.967196854874 0.112795977493 0.168992408215 0.751931198246 0.664830017918
0.551549745521 0.967196854874 0.112795977493 0.168992408215 0.751931198246 0.664830017918
0.551549745521 0.967196854874 0.112795977493 0.168992408215 0.751931198246 0.664830017918
0.551549745521 0.967196854874 0.112795977493 0.168992408215 0.751931198246 0.664830017918
0.551549745521 0.967196854874 0.112795977493 0.168992408215 0.751931198246 0.664830017918
0.551549745521 0.967196854874 0.112795977493 0.168992408215 0.751931198246 0.664830017918
0.551549745521 0.967196854874 0.112795977493 0.168992408215 0.751931198246 0.664830017918
0.551549745521 0.967196854874 0.112795977493 0.168992408215 0.751931198246 0.664830017918
0.551549745521 0.967196854874 0.112795977493 0.168992408215 0.751931198246 0.664830017918
0.551549745521 0.967196854874 0.112795977493 0.168992408215 0.751931198246 0.664830017918
0.551549745521 0.967196854874 0.112795977493 0.168992408215 0.751931198246 0.664830017918
0.551549745521 0.967196854874 0.112795977493 0.168992408215 0.751931198246 0.664830017918
0.551549745521 0.967196854874 0.112795977493 0.168992408215 0.751931198246 0.664830017918
0.551549745521 0.967196854874 0.112795977493 0.168992408215 0.751931198246 0.664830017918
0.551549745521 0.967196854874 0.112795977493 0.168992408215 0.751931198246 0.664830017918
0.551549745521 0.967196854874 0.112795977493 0.168992408215 0.751931198246 0.664830017918
0.551549745521 0.967196854874 0.112795977493 0.168992408215 0.751931198246 0.664830017918
0.551549745521 0.967196854874 0.112795977493 0.168992408215 0.751931198246 0.664830017918
0.551549745521 0.967196854874 0.112795977493 0.168992408215 0.751931198246 0.664830017918
0.551549745521 0.967196854874 0.112795977493 0.168992408215 0.751931198246 0.664830017918
0.551549745521 0.967196854874 0.112795977493 0.168992408215 0.751931198246 0.664830017918
0.551549745521 0.967196854874 0.112795977493 0.168992408215 0.751931198246 0.664830017918
0.551549745521 0.967196854874 0.112795977493 0.168992408215 0.751931198246 0.664830017918
0.551549745521 0.967196854874 0.112795977493 0.168992408215 0.751931198246 0.588031571405
0.551549745521 0.967196854874 0.112795977493 0.168992408215 0.751931198246 0.664830017918
0.551549745521 0.967196854874 0.112795977493 0.168992408215 0.751931198246 0.664830017918
0.551549745521 0.967196854874 0.112795977493 0.168992408215 0.751931198246 0.664830017918
0.551549745521 0.967196854874 0.112795977493 0.168992408215 0.751931198246 0.664830017918
0.551549745521 0.967196854874 0.112795977493 0.168992408215 0.751931198246 0.664830017918
0.551549745521 0.967196854874 0.112795977493 0.168992408215 0.751931198246 0.664830017918
0.551549745521 0.967196854874 0.112795977493 0.168992408215 0.751931198246 0.664830017918
0.551549745521 0.967196854874 0.112795977493 0.168992408215 0.751931198246 0.664830017918
0.551549745521 0.967196854874 0.112795977493 0.168992408215 0.751931198246 0.664830017918
0.551549745521 0.967196854874 0.112795977493 0.168992408215 0.751931198246 0.664830017918
0.551549745521 0.967196854874 0.112795977493 0.168992408215 0.751931198246 0.664830017918
0.551549745521 0.967196854874 0.112795977493 0.168992408215 0.751931198246 0.664830017918
0.551549745521 0.967196854874 0.112795977493 0.168992408215 0.751931198246 0.664830017918
0.551549745521 0.967196854874 0.112795977493 0.168992408215 0.751931198246 0.664830017918
0.551549745521 0.967196854874 0.112795977493 0.168992408215 0.751931198246 0.664830017918
0.551549745521 0.967196854874 0.112795977493 0.168992408215 0.751931198246 0.664830017918
0.551549745521 0.967196854874 0.112795977493 0.168992408215 0.751931198246 0.664830017918
0.551549745521 0.967196854874 0.112795977493 0.168992408215 0.751931198246 0.664830017918
0.551549745521 0.967196854874 0.112795977493 0.168992408215 0.751931198246 0.664830017918
0.551549745521 0.967196854874 0.112795977493 0.168992408215 0.751931198246 0.664830017918
0.551549745521 0.967196854874 0.112795977493 0.168992408215 0.751931198246 0.664830017918
0.551549745521 0.967196854874 0.112795977493 0.168992408215 0.751931198246 0.664830017918
0.551549745521 0.967196854874 0.112795977493 0.168992408215 0.751931198246 0.664830017918
0.551549745521 0.967196854874 0.112795977493 0.168992408215 0.751931198246 0.664830017918
0.551549745521 0.967196854874 0.112795977493 0.168992408215 0.751931198246 0.664830017918
0.551549745521 0.967196854874 0.112795977493 0.168992408215 0.751931198246 0.664830017918
0.551549745521 0.967196854874 0.112795977493 0.168992408215 0.751931198246 0.664830017918
0.551549745521 0.967196854874 0.112795977493 0.168992408215 0.751931198246 0.570847157319
0.551549745521 0.967196854874 0.112795977493 0.168992408215 0.751931198246 0.664830017918
0.551549745521 0.967196854874 0.112795977493 0.168992408215 0.751931198246 0.664830017918
0.551549745521 0.967196854874 0.112795977493 0.168992408215 0.751931198246 0.664830017918
0.551549745521 0.967196854874 0.112795977493 0.168992408215 0.751931198246 0.664830017918
0.551549745521 0.967196854874 0.112795977493 0.168992408215 0.751931198246 0.664830017918
0.551549745521 0.967196854874 0.112795977493 0.168992408215 0.751931198246 0.664830017918
0.551549745521 0.967196854874 0.112795977493 0.168992408215 0.751931198246 0.664830017918
0.551549745521 0.967196854874 0.112795977493 0.168992408215 0.751931198246 0.664830017918
0.551549745521 0.967196854874 0.112795977493 0.168992408215 0.751931198246 0.664830017918
0.551549745521 0.967196854874 0.112795977493 0.168992408215 0.751931198246 0.664830017918
0.551549745521 0.967196854874 0.112795977493 0.168992408215 0.751931198246 0.664830017918
0.551549745521 0.967196854874 0.112795977493 0.168992408215 0.751931198246 0.737865992145
0.551549745521 0.967196854874 0.112795977493 0.168992408215 0.751931198246 0.768444966445
0.551549745521 0.967196854874 0.112795977493 0.168992408215 0.751931198246 0.664830017918
0.551549745521 0.967196854874 0.112795977493 0.168992408215 0.751931198246 0.664830017918
0.551549745521 0.967196854874 0.112795977493 0.168992408215 0.751931198246 0.664830017918
0.551549745521 0.967196854874 0.112795977493 0.168992408215 0.751931198246 0.664830017918
0.551549745521 0.967196854874 0.112795977493 0.168992408215 0.751931198246 0.664830017918
0.551549745521 0.967196854874 0.112795977493 0.168992408215 0.751931198246 0.664830017918
0.551549745521 0.967196854874 0.112795977493 0.168992408215 0.751931198246 0.664830017918
0.551549745521 0.967196854874 0.112795977493 0.168992408215 0.751931198246 0.664830017918
0.551549745521 0.967196854874 0.112795977493 0.168992408215 0.751931198246 0.664830017918
0.551549745521 0.967196854874 0.112795977493 0.168992408215 0.751931198246 0.664830017918
0.551549745521 0.967196854874 0.112795977493 0.168992408215 0.751931198246 0.664830017918
0.551549745521 0.967196854874 0.112795977493 0.168992408215 0.751931198246 0.664830017918
0.551549745521 0.967196854874 0.112795977493 0.168992408215 0.751931198246 0.664830017918
0.551549745521 0.967196854874 0.112795977493 0.168992408215 0.751931198246 0.664830017918
0.551549745521 0.967196854874 0.112795977493 0.168992408215 0.751931198246 0.664830017918
0.551549745521 0.967196854874 0.112795977493 0.168992408215 0.751931198246 0.664830017918
0.551549745521 0.967196854874 0.112795977493 0.168992408215 0.751931198246 0.664830017918
0.551549745521 0.967196854874 0.112795977493 0.168992408215 0.751931198246 0.664830017918
0.551549745521 0.967196854874 0.112795977493 0.168992408215 0.751931198246 0.664830017918
0.551549745521 0.967196854874 0.112795977493 0.168992408215 0.751931198246 0.664830017918
0.551549745521 0.967196854874 0.112795977493 0.168992408215 0.751931198246 0.664830017918
0.551549745521 0.967196854874 0.112795977493 0.168992408215 0.751931198246 0.664830017918
0.551549745521 0.967196854874 0.112795977493 0.168992408215 0.751931198246 0.664830017918
0.551549745521 0.967196854874 0.112795977493 0.168992408215 0.751931198246 0.664830017918
0.551549745521 0.967196854874 0.112795977493 0.168992408215 0.751931198246 0.664830017918
0.551549745521 0.967196854874 0.112795977493 0.168992408215 0.751931198246 0.664830017918
0.551549745521 0.967196854874 0.112795977493 0.168992408215 0.751931198246 0.664830017918
0.551549745521 0.967196854874 0.112795977493 0.168992408215 0.751931198246 0.664830017918
0.551549745521 0.967196854874 0.112795977493 0.168992408215 0.751931198246 0.697874589289
0.551549745521 0.967196854874 0.112795977493 0.168992408215 0.751931198246 0.664830017918
0.551549745521 0.967196854874 0.112795977493 0.168992408215 0.751931198246 0.664830017918
0.551549745521 0.967196854874 0.112795977493 0.168992408215 0.751931198246 0.664830017918
0.551549745521 0.967196854874 0.112795977493 0.168992408215 0.751931198246 0.664830017918
0.551549745521 0.967196854874 0.112795977493 0.168992408215 0.751931198246 0.696698747019
0.551549745521 0.967196854874 0.112795977493 0.168992408215 0.751931198246 0.664830017918
0.551549745521 0.967196854874 0.112795977493 0.168992408215 0.751931198246 0.664830017918
0.551549745521 0.967196854874 0.112795977493 0.168992408215 0.751931198246 0.664830017918
0.551549745521 0.967196854874 0.112795977493 0.168992408215 0.751931198246 0.664830017918
0.551549745521 0.967196854874 0.112795977493 0.168992408215 0.751931198246 0.664830017918
0.551549745521 0.967196854874 0.112795977493 0.168992408215 0.751931198246 0.664830017918
0.551549745521 0.967196854874 0.112795977493 0.168992408215 0.751931198246 0.664830017918
0.551549745521 0.967196854874 0.112795977493 0.168992408215 0.751931198246 0.664830017918
0.551549745521 0.967196854874 0.112795977493 0.168992408215 0.751931198246 0.664830017918
0.551549745521 0.967196854874 0.112795977493 0.168992408215 0.751931198246 0.664830017918
0.551549745521 0.967196854874 0.112795977493 0.168992408215 0.751931198246 0.664830017918
0.551549745521 0.967196854874 0.112795977493 0.168992408215 0.751931198246 0.664830017918
0.551549745521 0.967196854874 0.112795977493 0.168992408215 0.751931198246 0.664830017918
0.551549745521 0.967196854874 0.112795977493 0.168992408215 0.751931198246 0.664830017918
0.551549745521 0.967196854874 0.112795977493 0.168992408215 0.751931198246 0.664830017918
0.551549745521 0.967196854874 0.112795977493 0.168992408215 0.751931198246 0.664830017918
0.551549745521 0.967196854874 0.112795977493 0.168992408215 0.751931198246 0.664830017918
0.551549745521 0.967196854874 0.112795977493 0.168992408215 0.751931198246 0.664830017918
0.551549745521 0.967196854874 0.112795977493 0.168992408215 0.751931198246 0.664830017918
0.551549745521 0.967196854874 0.112795977493 0.168992408215 0.751931198246 0.629333980169
0.551549745521 0.967196854874 0.112795977493 0.168992408215 0.751931198246 0.567324609174
0.551549745521 0.967196854874 0.112795977493 0.168992408215 0.751931198246 0.664830017918
0.551549745521 0.967196854874 0.112795977493 0.168992408215 0.751931198246 0.664830017918
0.551549745521 0.967196854874 0.112795977493 0.168992408215 0.751931198246 0.664830017918
0.551549745521 0.967196854874 0.112795977493 0.168992408215 0.751931198246 0.664830017918
0.551549745521 0.967196854874 0.112795977493 0.168992408215 0.751931198246 0.664830017918
0.551549745521 0.967196854874 0.112795977493 0.168992408215 0.751931198246 0.664830017918
0.551549745521 0.967196854874 0.112795977493 0.168992408215 0.751931198246 0.664830017918
0.551549745521 0.967196854874 0.112795977493 0.168992408215 0.751931198246 0.664830017918
0.551549745521 0.967196854874 0.112795977493 0.168992408215 0.751931198246 0.664830017918
0.551549745521 0.967196854874 0.112795977493 0.168992408215 0.751931198246 0.664830017918
0.551549745521 0.967196854874 0.112795977493 0.168992408215 0.751931198246 0.664830017918
0.551549745521 0.967196854874 0.112795977493 0.168992408215 0.751931198246 0.534619681924
0.551549745521 0.967196854874 0.112795977493 0.168992408215 0.751931198246 0.664830017918
0.551549745521 0.967196854874 0.112795977493 0.168992408215 0.751931198246 0.664830017918
0.551549745521 0.967196854874 0.112795977493 0.168992408215 0.751931198246 0.664830017918
0.551549745521 0.967196854874 0.112795977493 0.168992408215 0.751931198246 0.664830017918
0.551549745521 0.967196854874 0.112795977493 0.168992408215 0.751931198246 0.664830017918
0.551549745521 0.967196854874 0.112795977493 0.168992408215 0.751931198246 0.664830017918
0.551549745521 0.967196854874 0.112795977493 0.168992408215 0.751931198246 0.664830017918
0.551549745521 0.967196854874 0.112795977493 0.168992408215 0.751931198246 0.664830017918
0.551549745521 0.967196854874 0.112795977493 0.168992408215 0.751931198246 0.664830017918
0.551549745521 0.967196854874 0.112795977493 0.168992408215 0.751931198246 0.664830017918
0.551549745521 0.967196854874 0.112795977493 0.168992408215 0.751931198246 0.664830017918
0.551549745521 0.967196854874 0.112795977493 0.168992408215 0.751931198246 0.664830017918
0.551549745521 0.967196854874 0.112795977493 0.168992408215 0.751931198246 0.664830017918
0.551549745521 0.967196854874 0.112795977493 0.168992408215 0.751931198246 0.664830017918
0.551549745521 0.967196854874 0.112795977493 0.168992408215 0.751931198246 0.664830017918
0.551549745521 0.967196854874 0.112795977493 0.168992408215 0.751931198246 0.666512065161
0.551549745521 0.967196854874 0.112795977493 0.168992408215 0.751931198246 0.664830017918
0.551549745521 0.967196854874 0.112795977493 0.168992408215 0.751931198246 0.664830017918
0.551549745521 0.967196854874 0.112795977493 0.168992408215 0.751931198246 0.664830017918
0.551549745521 0.967196854874 0.112795977493 0.168992408215 0.751931198246 0.664830017918
0.551549745521 0.967196854874 0.112795977493 0.168992408215 0.751931198246 0.664830017918
0.551549745521 0.967196854874 0.112795977493 0.168992408215 0.751931198246 0.664830017918
0.551549745521 0.967196854874 0.112795977493 0.168992408215 0.751931198246 0.664830017918
0.551549745521 0.967196854874 0.112795977493 0.168992408215 0.751931198246 0.664830017918
0.551549745521 0.967196854874 0.112795977493 0.168992408215 0.751931198246 0.664830017918
0.551549745521 0.967196854874 0.112795977493 0.168992408215 0.751931198246 0.664830017918
0.551549745521 0.967196854874 0.112795977493 0.168992408215 0.751931198246 0.664830017918
0.551549745521 0.967196854874 0.112795977493 0.168992408215 0.751931198246 0.664830017918
0.551549745521 0.967196854874 0.112795977493 0.168992408215 0.751931198246 0.664830017918
0.551549745521 0.967196854874 0.112795977493 0.168992408215 0.751931198246 0.664830017918
0.551549745521 0.967196854874 0.112795977493 0.168992408215 0.751931198246 0.664830017918
0.551549745521 0.967196854874 0.112795977493 0.168992408215 0.751931198246 0.664830017918
0.551549745521 0.967196854874 0.112795977493 0.168992408215 0.751931198246 0.664830017918
0.551549745521 0.967196854874 0.112795977493 0.168992408215 0.751931198246 0.664830017918
0.551549745521 0.967196854874 0.112795977493 0.168992408215 0.751931198246 0.664830017918
0.551549745521 0.967196854874 0.112795977493 0.168992408215 0.751931198246 0.664830017918
0.551549745521 0.967196854874 0.112795977493 0.168992408215 0.751931198246 0.664830017918
0.551549745521 0.967196854874 0.112795977493 0.168992408215 0.751931198246 0.664830017918
0.551549745521 0.967196854874 0.112795977493 0.168992408215 0.751931198246 0.664830017918
0.551549745521 0.967196854874 0.112795977493 0.168992408215 0.751931198246 0.664830017918
0.551549745521 0.967196854874 0.112795977493 0.168992408215 0.751931198246 0.664830017918
0.551549745521 0.967196854874 0.112795977493 0.168992408215 0.751931198246 0.664830017918
0.551549745521 0.967196854874 0.112795977493 0.168992408215 0.751931198246 0.568388770437
0.551549745521 0.967196854874 0.112795977493 0.168992408215 0.751931198246 0.664830017918
0.551549745521 0.967196854874 0.112795977493 0.168992408215 0.751931198246 0.664830017918
0.551549745521 0.967196854874 0.112795977493 0.168992408215 0.751931198246 0.664830017918
0.551549745521 0.967196854874 0.112795977493 0.168992408215 0.751931198246 0.664830017918
0.551549745521 0.967196854874 0.112795977493 0.168992408215 0.751931198246 0.664830017918
0.551549745521 0.967196854874 0.112795977493 0.168992408215 0.751931198246 0.664830017918
0.551549745521 0.967196854874 0.112795977493 0.168992408215 0.751931198246 0.664830017918
0.551549745521 0.967196854874 0.112795977493 0.168992408215 0.751931198246 0.664830017918
0.551549745521 0.967196854874 0.112795977493 0.168992408215 0.751931198246 0.664830017918
0.551549745521 0.967196854874 0.112795977493 0.168992408215 0.751931198246 0.664830017918
0.551549745521 0.967196854874 0.112795977493 0.168992408215 0.751931198246 0.664830017918
0.551549745521 0.967196854874 0.112795977493 0.168992408215 0.751931198246 0.664830017918
0.551549745521 0.967196854874 0.112795977493 0.168992408215 0.751931198246 0.664830017918
0.551549745521 0.967196854874 0.112795977493 0.168992408215 0.751931198246 0.664830017918
0.551549745521 0.967196854874 0.112795977493 0.168992408215 0.751931198246 0.664830017918
0.551549745521 0.967196854874 0.112795977493 0.168992408215 0.751931198246 0.664830017918
0.551549745521 0.967196854874 0.112795977493 0.168992408215 0.751931198246 0.664830017918
0.551549745521 0.967196854874 0.112795977493 0.168992408215 0.751931198246 0.664830017918
0.551549745521 0.967196854874 0.112795977493 0.168992408215 0.751931198246 0.664830017918
0.551549745521 0.967196854874 0.112795977493 0.168992408215 0.751931198246 0.664830017918
0.551549745521 0.967196854874 0.112795977493 0.168992408215 0.751931198246 0.664830017918
0.551549745521 0.967196854874 0.112795977493 0.168992408215 0.751931198246 0.664830017918
0.551549745521 0.967196854874 0.112795977493 0.168992408215 0.751931198246 0.664830017918
0.551549745521 0.967196854874 0.112795977493 0.168992408215 0.751931198246 0.664830017918
0.551549745521 0.967196854874 0.112795977493 0.168992408215 0.751931198246 0.664830017918
0.551549745521 0.967196854874 0.112795977493 0.168992408215 0.751931198246 0.664830017918
0.551549745521 0.967196854874 0.112795977493 0.168992408215 0.751931198246 0.664830017918
0.551549745521 0.967196854874 0.112795977493 0.168992408215 0.751931198246 0.664830017918
0.551549745521 0.967196854874 0.112795977493 0.168992408215 0.751931198246 0.6384654506
0.551549745521 0.967196854874 0.112795977493 0.168992408215 0.751931198246 0.664830017918
0.551549745521 0.967196854874 0.112795977493 0.168992408215 0.751931198246 0.664830017918
0.551549745521 0.967196854874 0.112795977493 0.168992408215 0.751931198246 0.664830017918
0.551549745521 0.967196854874 0.112795977493 0.168992408215 0.751931198246 0.664830017918
0.551549745521 0.967196854874 0.112795977493 0.168992408215 0.751931198246 0.664830017918
0.551549745521 0.967196854874 0.112795977493 0.168992408215 0.751931198246 0.664830017918
0.551549745521 0.967196854874 0.112795977493 0.168992408215 0.751931198246 0.664830017918
0.551549745521 0.967196854874 0.112795977493 0.168992408215 0.751931198246 0.664830017918
0.551549745521 0.967196854874 0.112795977493 0.168992408215 0.751931198246 0.664830017918
0.551549745521 0.967196854874 0.112795977493 0.168992408215 0.751931198246 0.664830017918
0.551549745521 0.967196854874 0.112795977493 0.168992408215 0.751931198246 0.664830017918
0.551549745521 0.967196854874 0.112795977493 0.168992408215 0.751931198246 0.664830017918
0.551549745521 0.967196854874 0.112795977493 0.168992408215 0.751931198246 0.664890116527
0.551549745521 0.967196854874 0.112795977493 0.168992408215 0.751931198246 0.664830017918
0.551549745521 0.967196854874 0.112795977493 0.168992408215 0.751931198246 0.664830017918
0.551549745521 0.967196854874 0.112795977493 0.168992408215 0.751931198246 0.664830017918
0.551549745521 0.967196854874 0.112795977493 0.168992408215 0.751931198246 0.664830017918
0.551549745521 0.967196854874 0.112795977493 0.168992408215 0.751931198246 0.664830017918
0.551549745521 0.967196854874 0.112795977493 0.168992408215 0.751931198246 0.664830017918
0.551549745521 0.967196854874 0.112795977493 0.168992408215 0.751931198246 0.664830017918
0.551549745521 0.967196854874 0.112795977493 0.168992408215 0.751931198246 0.664830017918
0.551549745521 0.967196854874 0.112795977493 0.168992408215 0.751931198246 0.664830017918
0.551549745521 0.967196854874 0.112795977493 0.168992408215 0.751931198246 0.682601971167
0.551549745521 0.967196854874 0.112795977493 0.168992408215 0.751931198246 0.664830017918
0.551549745521 0.967196854874 0.112795977493 0.168992408215 0.751931198246 0.664830017918
0.551549745521 0.967196854874 0.112795977493 0.168992408215 0.751931198246 0.664830017918
0.551549745521 0.967196854874 0.112795977493 0.168992408215 0.751931198246 0.664830017918
0.551549745521 0.967196854874 0.112795977493 0.168992408215 0.751931198246 0.664830017918
0.551549745521 0.967196854874 0.112795977493 0.168992408215 0.751931198246 0.664830017918
0.551549745521 0.967196854874 0.112795977493 0.168992408215 0.751931198246 0.664830017918
0.551549745521 0.967196854874 0.112795977493 0.168992408215 0.751931198246 0.664830017918
0.551549745521 0.967196854874 0.112795977493 0.168992408215 0.751931198246 0.664830017918
0.551549745521 0.967196854874 0.112795977493 0.168992408215 0.751931198246 0.664830017918
0.551549745521 0.967196854874 0.112795977493 0.168992408215 0.751931198246 0.664830017918
0.551549745521 0.967196854874 0.112795977493 0.168992408215 0.751931198246 0.664830017918
0.551549745521 0.967196854874 0.112795977493 0.168992408215 0.751931198246 0.664830017918
0.551549745521 0.967196854874 0.112795977493 0.168992408215 0.751931198246 0.664830017918
0.551549745521 0.967196854874 0.112795977493 0.168992408215 0.751931198246 0.664830017918
0.551549745521 0.967196854874 0.112795977493 0.168992408215 0.751931198246 0.664830017918
0.551549745521 0.967196854874 0.112795977493 0.168992408215 0.751931198246 0.664830017918
0.551549745521 0.967196854874 0.112795977493 0.168992408215 0.751931198246 0.664830017918
0.551549745521 0.967196854874 0.112795977493 0.168992408215 0.751931198246 0.664830017918
0.551549745521 0.967196854874 0.112795977493 0.168992408215 0.751931198246 0.664830017918
0.551549745521 0.967196854874 0.112795977493 0.168992408215 0.751931198246 0.664830017918
0.551549745521 0.967196854874 0.112795977493 0.168992408215 0.751931198246 0.664830017918
0.551549745521 0.967196854874 0.112795977493 0.168992408215 0.751931198246 0.664830017918
0.551549745521 0.967196854874 0.112795977493 0.168992408215 0.751931198246 0.664830017918
0.551549745521 0.967196854874 0.112795977493 0.168992408215 0.751931198246 0.664830017918
0.551549745521 0.967196854874 0.112795977493 0.168992408215 0.751931198246 0.664830017918
0.551549745521 0.967196854874 0.112795977493 0.168992408215 0.751931198246 0.664830017918
0.551549745521 0.967196854874 0.112795977493 0.168992408215 0.751931198246 0.664830017918
0.551549745521 0.967196854874 0.112795977493 0.168992408215 0.751931198246 0.664830017918
0.551549745521 0.967196854874 0.112795977493 0.168992408215 0.751931198246 0.664830017918
0.551549745521 0.967196854874 0.112795977493 0.168992408215 0.751931198246 0.664830017918
0.551549745521 0.967196854874 0.112795977493 0.168992408215 0.751931198246 0.664830017918
0.551549745521 0.967196854874 0.112795977493 0.168992408215 0.751931198246 0.664830017918
0.551549745521 0.967196854874 0.112795977493 0.168992408215 0.751931198246 0.664830017918
0.551549745521 0.967196854874 0.112795977493 0.168992408215 0.751931198246 0.664830017918
0.551549745521 0.967196854874 0.112795977493 0.168992408215 0.751931198246 0.664830017918
0.551549745521 0.967196854874 0.112795977493 0.168992408215 0.751931198246 0.664830017918
0.551549745521 0.967196854874 0.112795977493 0.168992408215 0.751931198246 0.664830017918
0.551549745521 0.967196854874 0.112795977493 0.168992408215 0.751931198246 0.664830017918
0.551549745521 0.967196854874 0.112795977493 0.168992408215 0.751931198246 0.664830017918
0.551549745521 0.967196854874 0.112795977493 0.168992408215 0.751931198246 0.664830017918
0.551549745521 0.967196854874 0.112795977493 0.168992408215 0.751931198246 0.664830017918
0.551549745521 0.967196854874 0.112795977493 0.168992408215 0.751931198246 0.664830017918
0.551549745521 0.967196854874 0.112795977493 0.168992408215 0.751931198246 0.664830017918
0.551549745521 0.967196854874 0.112795977493 0.168992408215 0.751931198246 0.664830017918
0.551549745521 0.967196854874 0.112795977493 0.168992408215 0.751931198246 0.694680622269
0.551549745521 0.967196854874 0.112795977493 0.168992408215 0.751931198246 0.664830017918
0.551549745521 0.967196854874 0.112795977493 0.168992408215 0.751931198246 0.664830017918
0.551549745521 0.967196854874 0.112795977493 0.168992408215 0.751931198246 0.664830017918
0.551549745521 0.967196854874 0.112795977493 0.168992408215 0.751931198246 0.664830017918
0.551549745521 0.967196854874 0.112795977493 0.168992408215 0.751931198246 0.664830017918
0.551549745521 0.967196854874 0.112795977493 0.168992408215 0.751931198246 0.664830017918
0.551549745521 0.967196854874 0.112795977493 0.168992408215 0.751931198246 0.664830017918
0.551549745521 0.967196854874 0.112795977493 0.168992408215 0.751931198246 0.664830017918
0.551549745521 0.967196854874 0.112795977493 0.168992408215 0.751931198246 0.664830017918
0.551549745521 0.967196854874 0.112795977493 0.168992408215 0.751931198246 0.664830017918
0.551549745521 0.967196854874 0.112795977493 0.168992408215 0.751931198246 0.664830017918
0.551549745521 0.967196854874 0.112795977493 0.168992408215 0.751931198246 0.664830017918
0.551549745521 0.967196854874 0.112795977493 0.168992408215 0.751931198246 0.664830017918
0.551549745521 0.967196854874 0.112795977493 0.168992408215 0.751931198246 0.664830017918
0.551549745521 0.967196854874 0.112795977493 0.168992408215 0.751931198246 0.664830017918
0.551549745521 0.967196854874 0.112795977493 0.168992408215 0.751931198246 0.619293231221
0.551549745521 0.967196854874 0.112795977493 0.168992408215 0.751931198246 0.664830017918
0.551549745521 0.967196854874 0.112795977493 0.168992408215 0.751931198246 0.664830017918
0.551549745521 0.967196854874 0.112795977493 0.168992408215 0.751931198246 0.664830017918
0.551549745521 0.967196854874 0.112795977493 0.168992408215 0.751931198246 0.664830017918
0.551549745521 0.967196854874 0.112795977493 0.168992408215 0.751931198246 0.664830017918
0.551549745521 0.967196854874 0.112795977493 0.168992408215 0.751931198246 0.664830017918
0.551549745521 0.967196854874 0.112795977493 0.168992408215 0.751931198246 0.664830017918
0.551549745521 0.967196854874 0.112795977493 0.168992408215 0.751931198246 0.664830017918
0.551549745521 0.967196854874 0.112795977493 0.168992408215 0.751931198246 0.664830017918
0.551549745521 0.967196854874 0.112795977493 0.168992408215 0.751931198246 0.664830017918
0.551549745521 0.967196854874 0.112795977493 0.168992408215 0.751931198246 0.664830017918
0.551549745521 0.967196854874 0.112795977493 0.168992408215 0.751931198246 0.664830017918
0.551549745521 0.967196854874 0.112795977493 0.168992408215 0.751931198246 0.664830017918
0.551549745521 0.967196854874 0.112795977493 0.168992408215 0.751931198246 0.664830017918
0.551549745521 0.967196854874 0.112795977493 0.168992408215 0.751931198246 0.664830017918
0.551549745521 0.967196854874 0.112795977493 0.168992408215 0.751931198246 0.664830017918
0.551549745521 0.967196854874 0.112795977493 0.168992408215 0.751931198246 0.664830017918
0.551549745521 0.967196854874 0.112795977493 0.168992408215 0.751931198246 0.664830017918
0.551549745521 0.967196854874 0.112795977493 0.168992408215 0.751931198246 0.664830017918
0.551549745521 0.967196854874 0.112795977493 0.168992408215 0.751931198246 0.664830017918
0.551549745521 0.967196854874 0.112795977493 0.168992408215 0.751931198246 0.664830017918
0.551549745521 0.967196854874 0.112795977493 0.168992408215 0.751931198246 0.664830017918
0.551549745521 0.967196854874 0.112795977493 0.168992408215 0.751931198246 0.664830017918
0.551549745521 0.967196854874 0.112795977493 0.168992408215 0.751931198246 0.664830017918
0.551549745521 0.967196854874 0.112795977493 0.168992408215 0.751931198246 0.664830017918
0.551549745521 0.967196854874 0.112795977493 0.168992408215 0.751931198246 0.664830017918
0.551549745521 0.967196854874 0.112795977493 0.168992408215 0.751931198246 0.664830017918
0.551549745521 0.967196854874 0.112795977493 0.168992408215 0.751931198246 0.664830017918
0.551549745521 0.967196854874 0.112795977493 0.168992408215 0.751931198246 0.664830017918
0.551549745521 0.967196854874 0.112795977493 0.168992408215 0.751931198246 0.664830017918
0.551549745521 0.967196854874 0.112795977493 0.168992408215 0.751931198246 0.664830017918
0.551549745521 0.967196854874 0.112795977493 0.168992408215 0.751931198246 0.664830017918
0.551549745521 0.967196854874 0.112795977493 0.168992408215 0.751931198246 0.664830017918
0.551549745521 0.967196854874 0.112795977493 0.168992408215 0.751931198246 0.664830017918
0.551549745521 0.967196854874 0.112795977493 0.168992408215 0.751931198246 0.664830017918
0.551549745521 0.967196854874 0.112795977493 0.168992408215 0.751931198246 0.664830017918
0.551549745521 0.967196854874 0.112795977493 0.168992408215 0.751931198246 0.664830017918
0.551549745521 0.967196854874 0.112795977493 0.168992408215 0.751931198246 0.664830017918
0.551549745521 0.967196854874 0.112795977493 0.168992408215 0.751931198246 0.664830017918
0.551549745521 0.967196854874 0.112795977493 0.168992408215 0.751931198246 0.664830017918
0.551549745521 0.967196854874 0.112795977493 0.168992408215 0.751931198246 0.664830017918
0.551549745521 0.967196854874 0.112795977493 0.168992408215 0.751931198246 0.664830017918
0.551549745521 0.967196854874 0.112795977493 0.168992408215 0.751931198246 0.664830017918
0.551549745521 0.967196854874 0.112795977493 0.168992408215 0.751931198246 0.664830017918
0.551549745521 0.967196854874 0.112795977493 0.168992408215 0.751931198246 0.664830017918
0.551549745521 0.967196854874 0.112795977493 0.168992408215 0.751931198246 0.664830017918
0.551549745521 0.967196854874 0.112795977493 0.168992408215 0.751931198246 0.664830017918
0.551549745521 0.967196854874 0.112795977493 0.168992408215 0.751931198246 0.664830017918
0.551549745521 0.967196854874 0.112795977493 0.168992408215 0.751931198246 0.664830017918
0.551549745521 0.967196854874 0.112795977493 0.168992408215 0.751931198246 0.664830017918
0.551549745521 0.967196854874 0.112795977493 0.168992408215 0.751931198246 0.693461621577
0.551549745521 0.967196854874 0.112795977493 0.168992408215 0.751931198246 0.664830017918
0.551549745521 0.967196854874 0.112795977493 0.168992408215 0.751931198246 0.664830017918
0.551549745521 0.967196854874 0.112795977493 0.168992408215 0.751931198246 0.664830017918
0.551549745521 0.967196854874 0.112795977493 0.168992408215 0.751931198246 0.664830017918
0.551549745521 0.967196854874 0.112795977493 0.168992408215 0.751931198246 0.664830017918
0.551549745521 0.967196854874 0.112795977493 0.168992408215 0.751931198246 0.664830017918
0.551549745521 0.967196854874 0.112795977493 0.168992408215 0.751931198246 0.664830017918
0.551549745521 0.967196854874 0.112795977493 0.168992408215 0.751931198246 0.664830017918
0.551549745521 0.967196854874 0.112795977493 0.168992408215 0.751931198246 0.664830017918
0.551549745521 0.967196854874 0.112795977493 0.168992408215 0.751931198246 0.664830017918
0.551549745521 0.967196854874 0.112795977493 0.168992408215 0.751931198246 0.664830017918
