0.0917223856123 0.217774585352 0.785947876165 0.270045305402 0.924752319706 0.529538622614
0.208074839302 0.869850411894 0.342832282415 0.553377626528 0.314073459023 0.246895540906
0.883057770287 0.246106413491 0.86795263384 0.315606200836 0.804520920981 0.594813599523
0.0917465363781 0.760487147517 0.160119267019 0.0988254520226 0.0128615623611 0.704129091414
0.313314941151 0.170242440862 0.344851806886 0.977379486753 0.969273035374 0.368254650089
0.444152634013 0.503130820241 0.683385611541 0.398250795189 0.761400173076 0.409549190422
0.12136734921 0.0773162857728 0.351744851107 0.751762177913 0.588465785202 0.462412856831
0.344417141494 0.224113967802 0.199412869787 0.347932358438 0.0670826530161 0.509738874768
0.443326549519 0.345048486469 0.531474168078 0.549761715989 0.535923048579 0.643183353036
0.649777282444 0.196533274094 0.817153641299 0.253969547924 0.98912852747 0.529628683771
0.439223404978 0.168691914554 0.0913739286308 0.95064009232 0.559664015216 0.385636457616
0.834479732569 0.399075966801 0.796618917382 0.395683086515 0.251140243558 0.57096869251
0.0346694110974 0.294222380167 0.301361645558 0.197269770907 0.91051631192 0.554490377696
0.535283269785 0.187894749959 0.136435450628 0.950132433957 0.861493281193 0.409654402235
0.30794742881 0.214888425758 0.186093642279 0.727034536291 0.399620233196 0.392246688381
0.481323291523 0.95860445557 0.600376846643 0.835657711361 0.859043757141 0.463658356786
0.759026452977 0.0283923340912 0.0781189996031 0.252285976058 0.679582759424 0.258341922908
0.122056553922 0.211972753571 0.748519619261 0.370108549832 0.335666943506 0.536973406151
0.613581042302 0.0545823320279 0.579718577371 0.688912159374 0.675103472508 0.563063460636
0.424985245576 0.286222953278 0.278880103738 0.540923914277 0.12616230544 0.568696686759
0.000939907539416 0.102347485607 0.599723440313 0.126779607698 0.900011534578 0.302103555619
0.248031717886 0.888415983388 0.454852916944 0.787474904516 0.116819398347 0.442341921178
0.491374480629 0.4765968589 0.232031933913 0.380002165997 0.527332738786 0.473017489384
0.704704964046 0.343840050356 0.89399481509 0.27167628025 0.824315436838 0.491678345988
0.598957131244 0.643607634344 0.985622739994 0.143906835164 0.401461809414 0.570199860205
0.351747829062 0.186154864091 0.460655219322 0.383301936134 0.921930368372 0.561825139887
0.464806872434 0.030375622414 0.984919957606 0.801575612827 0.345186902797 0.479390053529
0.106390582637 0.427270773898 0.129030991514 0.428113032777 0.34772889379 0.591941364181
0.40224396922 0.937153929255 0.491826105163 0.22818851918 0.955554083631 0.506066227189
0.886642194543 0.906013025318 0.959469137221 0.981528563009 0.150271447368 0.431072658633
0.741898255066 0.202093424784 0.363688695199 0.830332745197 0.221107867556 0.231519046848
0.0797190634441 0.853288924517 0.321702597008 0.832481478285 0.542078692485 0.429056396167
0.693483436345 0.140068980364 0.122791635144 0.00963228924704 0.560154310219 0.435176407951
0.49829561899 0.146597819959 0.420934365492 0.921795887595 0.614291198418 0.563622631847
0.819859730226 0.681526830138 0.435179876514 0.329112665766 0.570193613138 0.301611681015
0.395843595495 0.0397641540092 0.610785686067 0.665347865244 0.871592787783 0.558187186841
0.409410863582 0.608213613011 0.824443244969 0.322969205021 0.579660936942 0.609668846599
0.00598046468651 0.442401281558 0.260633758609 0.920892649891 0.67428863742 0.449575579382
0.322913291562 0.851177424769 0.261919621867 0.355096628349 0.743867821315 0.603105203806
0.173796788949 0.950009717161 0.903432754893 0.55887031831 0.500640974174 0.743198708118
0.991609555997 0.119455487398 0.303235723878 0.366696573781 0.335903727807 0.461955286711
0.988538308191 0.880014662866 0.0417197646496 0.883015087975 0.62279905087 0.489656087082
0.0916464525659 0.42529577617 0.284964387644 0.653676388305 0.0905057341406 0.569090554277
0.209889163137 0.841697987645 0.994617477002 0.22620190752 0.731392132865 0.531344872043
0.438502920974 0.660734685231 0.38465434385 0.142189436757 0.9851653683 0.537414897856
0.254123514521 0.445427261135 0.387865015558 0.854589892123 0.252167503122 0.491293466544
0.94528019493 0.85751817737 0.692506419222 0.420061944195 0.0464808838611 0.35342540021
0.627059032221 0.920876224655 0.227293520831 0.0480438932724 0.996415045286 0.624097021761
0.0265787773651 0.678056909773 0.113368206489 0.82236742506 0.711170909929 0.324794063078
0.603723342773 0.98598431432 0.158586296682 0.557666299739 0.416823362711 0.295551695803
0.0917223856123 0.217774585352 0.785947876165 0.270045305402 0.924752319706 0.518992489536
0.0917223856123 0.217774585352 0.785947876165 0.270045305402 0.924752319706 0.529538622614
0.0917223856123 0.217774585352 0.785947876165 0.270045305402 0.924752319706 0.529538622614
0.0917223856123 0.217774585352 0.785947876165 0.270045305402 0.924752319706 0.529538622614
0.0917223856123 0.217774585352 0.785947876165 0.270045305402 0.924752319706 0.529538622614
0.0917223856123 0.217774585352 0.785947876165 0.270045305402 0.924752319706 0.529538622614
0.0917223856123 0.217774585352 0.785947876165 0.270045305402 0.924752319706 0.529538622614
0.0917223856123 0.217774585352 0.785947876165 0.270045305402 0.924752319706 0.529538622614
0.0917223856123 0.217774585352 0.785947876165 0.270045305402 0.924752319706 0.529538622614
0.0917223856123 0.217774585352 0.785947876165 0.270045305402 0.924752319706 0.529538622614
0.0917223856123 0.217774585352 0.785947876165 0.270045305402 0.924752319706 0.529538622614
0.0917223856123 0.217774585352 0.785947876165 0.270045305402 0.924752319706 0.529538622614
0.0917223856123 0.217774585352 0.785947876165 0.270045305402 0.924752319706 0.529538622614
0.0917223856123 0.217774585352 0.785947876165 0.270045305402 0.924752319706 0.529538622614
0.0917223856123 0.217774585352 0.785947876165 0.270045305402 0.924752319706 0.529538622614
0.0917223856123 0.217774585352 0.785947876165 0.270045305402 0.924752319706 0.529538622614
0.0917223856123 0.217774585352 0.785947876165 0.270045305402 0.924752319706 0.529538622614
0.0917223856123 0.217774585352 0.785947876165 0.270045305402 0.924752319706 0.529538622614
0.0917223856123 0.217774585352 0.785947876165 0.270045305402 0.924752319706 0.529538622614
0.0917223856123 0.217774585352 0.785947876165 0.270045305402 0.924752319706 0.529538622614
0.0917223856123 0.217774585352 0.785947876165 0.270045305402 0.924752319706 0.529538622614
0.0917223856123 0.217774585352 0.785947876165 0.270045305402 0.924752319706 0.529538622614
0.0917223856123 0.217774585352 0.785947876165 0.270045305402 0.924752319706 0.529538622614
0.0917223856123 0.217774585352 0.785947876165 0.270045305402 0.924752319706 0.529538622614
0.0917223856123 0.217774585352 0.785947876165 0.270045305402 0.924752319706 0.529538622614
0.0917223856123 0.217774585352 0.785947876165 0.270045305402 0.924752319706 0.529538622614
0.0917223856123 0.217774585352 0.785947876165 0.270045305402 0.924752319706 0.529538622614
0.0917223856123 0.217774585352 0.785947876165 0.270045305402 0.924752319706 0.529538622614
0.0917223856123 0.217774585352 0.785947876165 0.270045305402 0.924752319706 0.529538622614
0.0917223856123 0.217774585352 0.785947876165 0.270045305402 0.924752319706 0.529538622614
0.0917223856123 0.217774585352 0.785947876165 0.270045305402 0.924752319706 0.529538622614
0.0917223856123 0.217774585352 0.785947876165 0.270045305402 0.924752319706 0.529538622614
0.0917223856123 0.217774585352 0.785947876165 0.270045305402 0.924752319706 0.529538622614
0.0917223856123 0.217774585352 0.785947876165 0.270045305402 0.924752319706 0.529538622614
0.0917223856123 0.217774585352 0.785947876165 0.270045305402 0.924752319706 0.529538622614
0.0917223856123 0.217774585352 0.785947876165 0.270045305402 0.924752319706 0.529538622614
0.0917223856123 0.217774585352 0.785947876165 0.270045305402 0.924752319706 0.529538622614
0.0917223856123 0.217774585352 0.785947876165 0.270045305402 0.924752319706 0.529538622614
0.0917223856123 0.217774585352 0.785947876165 0.270045305402 0.924752319706 0.529538622614
0.0917223856123 0.217774585352 0.785947876165 0.270045305402 0.924752319706 0.529538622614
0.0917223856123 0.217774585352 0.785947876165 0.270045305402 0.924752319706 0.529538622614
0.0917223856123 0.217774585352 0.785947876165 0.270045305402 0.924752319706 0.529538622614
0.0917223856123 0.217774585352 0.785947876165 0.270045305402 0.924752319706 0.529538622614
0.0917223856123 0.217774585352 0.785947876165 0.270045305402 0.924752319706 0.529538622614
0.0917223856123 0.217774585352 0.785947876165 0.270045305402 0.924752319706 0.529538622614
0.0917223856123 0.217774585352 0.785947876165 0.270045305402 0.924752319706 0.529538622614
0.0917223856123 0.217774585352 0.785947876165 0.270045305402 0.924752319706 0.529538622614
0.0917223856123 0.217774585352 0.785947876165 0.270045305402 0.924752319706 0.529538622614
0.0917223856123 0.217774585352 0.785947876165 0.270045305402 0.924752319706 0.529538622614
0.0917223856123 0.217774585352 0.785947876165 0.270045305402 0.924752319706 0.529538622614
0.0917223856123 0.217774585352 0.785947876165 0.270045305402 0.924752319706 0.529538622614
0.0917223856123 0.217774585352 0.785947876165 0.270045305402 0.924752319706 0.529538622614
0.0917223856123 0.217774585352 0.785947876165 0.270045305402 0.924752319706 0.529538622614
0.0917223856123 0.217774585352 0.785947876165 0.270045305402 0.924752319706 0.529538622614
0.0917223856123 0.217774585352 0.785947876165 0.270045305402 0.924752319706 0.529538622614
0.0917223856123 0.217774585352 0.785947876165 0.270045305402 0.924752319706 0.529538622614
0.0917223856123 0.217774585352 0.785947876165 0.270045305402 0.924752319706 0.529538622614
0.0917223856123 0.217774585352 0.785947876165 0.270045305402 0.924752319706 0.529538622614
0.0917223856123 0.217774585352 0.785947876165 0.270045305402 0.924752319706 0.529538622614
0.0917223856123 0.217774585352 0.785947876165 0.270045305402 0.924752319706 0.529538622614
0.0917223856123 0.217774585352 0.785947876165 0.270045305402 0.924752319706 0.529538622614
0.0917223856123 0.217774585352 0.785947876165 0.270045305402 0.924752319706 0.529538622614
0.0917223856123 0.217774585352 0.785947876165 0.270045305402 0.924752319706 0.529538622614
0.0917223856123 0.217774585352 0.785947876165 0.270045305402 0.924752319706 0.529538622614
0.0917223856123 0.217774585352 0.785947876165 0.270045305402 0.924752319706 0.529538622614
0.0917223856123 0.217774585352 0.785947876165 0.270045305402 0.924752319706 0.529538622614
0.0917223856123 0.217774585352 0.785947876165 0.270045305402 0.924752319706 0.529538622614
0.0917223856123 0.217774585352 0.785947876165 0.270045305402 0.924752319706 0.529538622614
0.0917223856123 0.217774585352 0.785947876165 0.270045305402 0.924752319706 0.529538622614
0.0917223856123 0.217774585352 0.785947876165 0.270045305402 0.924752319706 0.529538622614
0.0917223856123 0.217774585352 0.785947876165 0.270045305402 0.924752319706 0.529538622614
0.0917223856123 0.217774585352 0.785947876165 0.270045305402 0.924752319706 0.529538622614
0.0917223856123 0.217774585352 0.785947876165 0.270045305402 0.924752319706 0.529538622614
0.0917223856123 0.217774585352 0.785947876165 0.270045305402 0.924752319706 0.529538622614
0.0917223856123 0.217774585352 0.785947876165 0.270045305402 0.924752319706 0.529538622614
0.0917223856123 0.217774585352 0.785947876165 0.270045305402 0.924752319706 0.529538622614
0.0917223856123 0.217774585352 0.785947876165 0.270045305402 0.924752319706 0.529538622614
0.0917223856123 0.217774585352 0.785947876165 0.270045305402 0.924752319706 0.529538622614
0.0917223856123 0.217774585352 0.785947876165 0.270045305402 0.924752319706 0.529538622614
0.0917223856123 0.217774585352 0.785947876165 0.270045305402 0.924752319706 0.529538622614
0.0917223856123 0.217774585352 0.785947876165 0.270045305402 0.924752319706 0.529538622614
0.0917223856123 0.217774585352 0.785947876165 0.270045305402 0.924752319706 0.529538622614
0.0917223856123 0.217774585352 0.785947876165 0.270045305402 0.924752319706 0.529538622614
0.0917223856123 0.217774585352 0.785947876165 0.270045305402 0.924752319706 0.529538622614
0.0917223856123 0.217774585352 0.785947876165 0.270045305402 0.924752319706 0.529538622614
0.0917223856123 0.217774585352 0.785947876165 0.270045305402 0.924752319706 0.529538622614
0.0917223856123 0.217774585352 0.785947876165 0.270045305402 0.924752319706 0.529538622614
0.0917223856123 0.217774585352 0.785947876165 0.270045305402 0.924752319706 0.529538622614
0.0917223856123 0.217774585352 0.785947876165 0.270045305402 0.924752319706 0.529538622614
0.0917223856123 0.217774585352 0.785947876165 0.270045305402 0.924752319706 0.567260116711
0.0917223856123 0.217774585352 0.785947876165 0.270045305402 0.924752319706 0.529538622614
0.0917223856123 0.217774585352 0.785947876165 0.270045305402 0.924752319706 0.529538622614
0.0917223856123 0.217774585352 0.785947876165 0.270045305402 0.924752319706 0.529538622614
0.0917223856123 0.217774585352 0.785947876165 0.270045305402 0.924752319706 0.529538622614
0.0917223856123 0.217774585352 0.785947876165 0.270045305402 0.924752319706 0.529538622614
0.0917223856123 0.217774585352 0.785947876165 0.270045305402 0.924752319706 0.529538622614
0.0917223856123 0.217774585352 0.785947876165 0.270045305402 0.924752319706 0.529538622614
0.0917223856123 0.217774585352 0.785947876165 0.270045305402 0.924752319706 0.529538622614
0.822825939484 0.217774585352 0.785947876165 0.270045305402 0.924752319706 0.5294591089
0.0917223856123 0.217774585352 0.785947876165 0.270045305402 0.924752319706 0.529538622614
0.0917223856123 0.217774585352 0.785947876165 0.270045305402 0.924752319706 0.529538622614
0.0917223856123 0.217774585352 0.785947876165 0.270045305402 0.924752319706 0.529538622614
0.0917223856123 0.217774585352 0.785947876165 0.270045305402 0.924752319706 0.529538622614
0.0917223856123 0.217774585352 0.785947876165 0.270045305402 0.924752319706 0.529538622614
0.0917223856123 0.217774585352 0.785947876165 0.270045305402 0.924752319706 0.529538622614
0.0917223856123 0.217774585352 0.785947876165 0.270045305402 0.924752319706 0.529538622614
0.0917223856123 0.217774585352 0.785947876165 0.270045305402 0.924752319706 0.529538622614
0.0917223856123 0.217774585352 0.785947876165 0.270045305402 0.924752319706 0.529538622614
0.0917223856123 0.217774585352 0.785947876165 0.270045305402 0.924752319706 0.529538622614
0.0917223856123 0.217774585352 0.785947876165 0.270045305402 0.924752319706 0.529538622614
0.0917223856123 0.217774585352 0.785947876165 0.270045305402 0.924752319706 0.529538622614
0.0917223856123 0.217774585352 0.785947876165 0.270045305402 0.924752319706 0.529538622614
0.0917223856123 0.217774585352 0.785947876165 0.270045305402 0.924752319706 0.529538622614
0.0917223856123 0.217774585352 0.785947876165 0.270045305402 0.924752319706 0.529538622614
0.0917223856123 0.217774585352 0.785947876165 0.270045305402 0.924752319706 0.529538622614
0.0917223856123 0.217774585352 0.785947876165 0.270045305402 0.924752319706 0.529538622614
0.0917223856123 0.217774585352 0.785947876165 0.270045305402 0.924752319706 0.529538622614
0.0917223856123 0.217774585352 0.785947876165 0.270045305402 0.924752319706 0.529538622614
0.0917223856123 0.217774585352 0.785947876165 0.270045305402 0.924752319706 0.529538622614
0.0917223856123 0.217774585352 0.785947876165 0.270045305402 0.924752319706 0.529538622614
0.0917223856123 0.217774585352 0.785947876165 0.270045305402 0.924752319706 0.529538622614
0.0917223856123 0.217774585352 0.785947876165 0.270045305402 0.924752319706 0.529538622614
0.0917223856123 0.217774585352 0.785947876165 0.270045305402 0.924752319706 0.529538622614
0.0917223856123 0.217774585352 0.785947876165 0.270045305402 0.924752319706 0.529538622614
0.0917223856123 0.217774585352 0.785947876165 0.270045305402 0.924752319706 0.529538622614
0.0917223856123 0.217774585352 0.785947876165 0.270045305402 0.924752319706 0.529538622614
0.0917223856123 0.217774585352 0.785947876165 0.270045305402 0.924752319706 0.529538622614
0.0917223856123 0.217774585352 0.785947876165 0.270045305402 0.924752319706 0.529538622614
0.0917223856123 0.217774585352 0.785947876165 0.270045305402 0.924752319706 0.529538622614
0.0917223856123 0.217774585352 0.785947876165 0.270045305402 0.924752319706 0.473509360111
0.0917223856123 0.217774585352 0.785947876165 0.270045305402 0.924752319706 0.529538622614
0.0917223856123 0.217774585352 0.785947876165 0.270045305402 0.924752319706 0.529538622614
0.0917223856123 0.217774585352 0.785947876165 0.270045305402 0.924752319706 0.529538622614
0.0917223856123 0.217774585352 0.785947876165 0.270045305402 0.924752319706 0.529538622614
0.0917223856123 0.217774585352 0.785947876165 0.270045305402 0.924752319706 0.529538622614
0.0917223856123 0.217774585352 0.785947876165 0.270045305402 0.924752319706 0.529538622614
0.0917223856123 0.217774585352 0.785947876165 0.270045305402 0.924752319706 0.529538622614
0.0917223856123 0.217774585352 0.785947876165 0.270045305402 0.924752319706 0.529538622614
0.0917223856123 0.217774585352 0.785947876165 0.270045305402 0.924752319706 0.529538622614
0.0917223856123 0.217774585352 0.785947876165 0.270045305402 0.924752319706 0.529538622614
0.0917223856123 0.217774585352 0.785947876165 0.270045305402 0.924752319706 0.529538622614
0.0917223856123 0.217774585352 0.785947876165 0.270045305402 0.924752319706 0.529538622614
0.0917223856123 0.217774585352 0.785947876165 0.270045305402 0.924752319706 0.529538622614
0.0917223856123 0.217774585352 0.785947876165 0.270045305402 0.924752319706 0.529538622614
0.0917223856123 0.217774585352 0.785947876165 0.270045305402 0.924752319706 0.529538622614
0.0917223856123 0.217774585352 0.463484849994 0.270045305402 0.924752319706 0.529617427881
0.0917223856123 0.217774585352 0.785947876165 0.270045305402 0.924752319706 0.529538622614
0.0917223856123 0.217774585352 0.785947876165 0.270045305402 0.924752319706 0.529538622614
0.0917223856123 0.217774585352 0.785947876165 0.270045305402 0.924752319706 0.529538622614
0.0917223856123 0.217774585352 0.785947876165 0.270045305402 0.924752319706 0.529538622614
0.0917223856123 0.217774585352 0.785947876165 0.270045305402 0.924752319706 0.529538622614
0.0917223856123 0.217774585352 0.785947876165 0.270045305402 0.924752319706 0.529538622614
0.0917223856123 0.217774585352 0.785947876165 0.270045305402 0.924752319706 0.533866069491
0.0917223856123 0.217774585352 0.785947876165 0.270045305402 0.924752319706 0.529538622614
0.0917223856123 0.217774585352 0.785947876165 0.270045305402 0.924752319706 0.529538622614
0.0917223856123 0.217774585352 0.785947876165 0.270045305402 0.924752319706 0.529538622614
0.0917223856123 0.217774585352 0.785947876165 0.270045305402 0.924752319706 0.529538622614
0.0917223856123 0.217774585352 0.785947876165 0.270045305402 0.924752319706 0.529538622614
0.0917223856123 0.217774585352 0.785947876165 0.270045305402 0.924752319706 0.529538622614
0.0917223856123 0.217774585352 0.785947876165 0.270045305402 0.924752319706 0.529538622614
0.0917223856123 0.217774585352 0.785947876165 0.270045305402 0.924752319706 0.529538622614
0.0917223856123 0.217774585352 0.785947876165 0.270045305402 0.924752319706 0.529538622614
0.0917223856123 0.217774585352 0.785947876165 0.270045305402 0.924752319706 0.529538622614
0.0917223856123 0.217774585352 0.785947876165 0.270045305402 0.924752319706 0.529538622614
0.0917223856123 0.217774585352 0.785947876165 0.270045305402 0.924752319706 0.529538622614
0.0917223856123 0.217774585352 0.785947876165 0.270045305402 0.924752319706 0.529538622614
0.0917223856123 0.217774585352 0.785947876165 0.270045305402 0.924752319706 0.529538622614
0.0917223856123 0.217774585352 0.785947876165 0.270045305402 0.924752319706 0.529538622614
0.0917223856123 0.217774585352 0.785947876165 0.270045305402 0.924752319706 0.529538622614
0.0917223856123 0.217774585352 0.785947876165 0.270045305402 0.924752319706 0.529538622614
0.0917223856123 0.217774585352 0.785947876165 0.270045305402 0.924752319706 0.529538622614
0.0917223856123 0.217774585352 0.785947876165 0.270045305402 0.924752319706 0.529538622614
0.0917223856123 0.217774585352 0.785947876165 0.270045305402 0.924752319706 0.529538622614
0.0917223856123 0.217774585352 0.785947876165 0.270045305402 0.924752319706 0.529538622614
0.0917223856123 0.217774585352 0.785947876165 0.270045305402 0.924752319706 0.529538622614
0.0917223856123 0.217774585352 0.785947876165 0.270045305402 0.924752319706 0.529538622614
0.0917223856123 0.217774585352 0.785947876165 0.270045305402 0.924752319706 0.529538622614
0.0917223856123 0.217774585352 0.785947876165 0.270045305402 0.924752319706 0.474703560362
0.0917223856123 0.217774585352 0.785947876165 0.270045305402 0.924752319706 0.529538622614
0.0917223856123 0.217774585352 0.785947876165 0.270045305402 0.924752319706 0.529538622614
0.0917223856123 0.217774585352 0.785947876165 0.270045305402 0.924752319706 0.529538622614
0.0917223856123 0.217774585352 0.785947876165 0.270045305402 0.924752319706 0.529538622614
0.0917223856123 0.217774585352 0.785947876165 0.270045305402 0.924752319706 0.529538622614
0.0917223856123 0.217774585352 0.785947876165 0.270045305402 0.924752319706 0.529538622614
0.0917223856123 0.217774585352 0.785947876165 0.270045305402 0.924752319706 0.529538622614
0.0917223856123 0.217774585352 0.785947876165 0.270045305402 0.924752319706 0.529538622614
0.0917223856123 0.217774585352 0.785947876165 0.270045305402 0.924752319706 0.529538622614
0.0917223856123 0.217774585352 0.785947876165 0.270045305402 0.924752319706 0.529538622614
0.0917223856123 0.217774585352 0.785947876165 0.270045305402 0.924752319706 0.529538622614
0.0917223856123 0.217774585352 0.785947876165 0.270045305402 0.924752319706 0.529538622614
0.0917223856123 0.217774585352 0.785947876165 0.270045305402 0.924752319706 0.529538622614
0.0917223856123 0.217774585352 0.785947876165 0.270045305402 0.924752319706 0.529538622614
0.0917223856123 0.217774585352 0.785947876165 0.270045305402 0.924752319706 0.529538622614
0.0917223856123 0.217774585352 0.785947876165 0.270045305402 0.924752319706 0.529538622614
0.0917223856123 0.217774585352 0.785947876165 0.270045305402 0.924752319706 0.529538622614
0.0917223856123 0.217774585352 0.785947876165 0.270045305402 0.924752319706 0.529538622614
0.0917223856123 0.217774585352 0.785947876165 0.270045305402 0.924752319706 0.529538622614
0.0917223856123 0.217774585352 0.785947876165 0.270045305402 0.924752319706 0.529538622614
0.0917223856123 0.217774585352 0.785947876165 0.270045305402 0.924752319706 0.529538622614
0.0917223856123 0.217774585352 0.785947876165 0.270045305402 0.924752319706 0.529538622614
0.0917223856123 0.217774585352 0.785947876165 0.270045305402 0.924752319706 0.529538622614
0.0917223856123 0.217774585352 0.785947876165 0.270045305402 0.924752319706 0.529538622614
0.0917223856123 0.217774585352 0.785947876165 0.270045305402 0.924752319706 0.529538622614
0.0917223856123 0.217774585352 0.785947876165 0.270045305402 0.924752319706 0.529538622614
0.0917223856123 0.217774585352 0.785947876165 0.270045305402 0.924752319706 0.529538622614
0.0917223856123 0.217774585352 0.785947876165 0.270045305402 0.924752319706 0.529538622614
0.0917223856123 0.217774585352 0.785947876165 0.270045305402 0.924752319706 0.529538622614
0.0917223856123 0.217774585352 0.785947876165 0.270045305402 0.924752319706 0.529538622614
0.0917223856123 0.217774585352 0.785947876165 0.270045305402 0.924752319706 0.529538622614
0.0917223856123 0.217774585352 0.785947876165 0.270045305402 0.924752319706 0.529538622614
0.0917223856123 0.217774585352 0.785947876165 0.270045305402 0.924752319706 0.529538622614
0.0917223856123 0.217774585352 0.785947876165 0.270045305402 0.924752319706 0.529538622614
0.0917223856123 0.217774585352 0.785947876165 0.270045305402 0.924752319706 0.529538622614
0.0917223856123 0.217774585352 0.785947876165 0.270045305402 0.924752319706 0.529538622614
0.0917223856123 0.217774585352 0.785947876165 0.270045305402 0.924752319706 0.529538622614
0.0917223856123 0.217774585352 0.785947876165 0.270045305402 0.924752319706 0.529538622614
0.0917223856123 0.217774585352 0.785947876165 0.270045305402 0.924752319706 0.529538622614
0.0917223856123 0.217774585352 0.785947876165 0.270045305402 0.924752319706 0.529538622614
0.0917223856123 0.217774585352 0.785947876165 0.270045305402 0.924752319706 0.529538622614
0.0917223856123 0.217774585352 0.785947876165 0.270045305402 0.924752319706 0.529538622614
0.0917223856123 0.217774585352 0.785947876165 0.270045305402 0.924752319706 0.529538622614
0.0917223856123 0.217774585352 0.785947876165 0.270045305402 0.924752319706 0.529538622614
0.0917223856123 0.217774585352 0.785947876165 0.270045305402 0.924752319706 0.529538622614
0.0917223856123 0.217774585352 0.785947876165 0.270045305402 0.924752319706 0.529538622614
0.0917223856123 0.217774585352 0.785947876165 0.270045305402 0.924752319706 0.529538622614
0.0917223856123 0.217774585352 0.785947876165 0.270045305402 0.924752319706 0.529538622614
0.0917223856123 0.217774585352 0.785947876165 0.270045305402 0.924752319706 0.529538622614
0.0917223856123 0.217774585352 0.785947876165 0.270045305402 0.924752319706 0.529538622614
0.0917223856123 0.217774585352 0.785947876165 0.270045305402 0.924752319706 0.529538622614
0.0917223856123 0.217774585352 0.785947876165 0.270045305402 0.924752319706 0.529538622614
0.0917223856123 0.217774585352 0.785947876165 0.270045305402 0.924752319706 0.529538622614
0.0917223856123 0.217774585352 0.785947876165 0.270045305402 0.924752319706 0.529538622614
0.0917223856123 0.217774585352 0.785947876165 0.270045305402 0.924752319706 0.529538622614
0.0917223856123 0.217774585352 0.785947876165 0.270045305402 0.924752319706 0.529538622614
0.0917223856123 0.217774585352 0.785947876165 0.270045305402 0.924752319706 0.529538622614
0.0917223856123 0.217774585352 0.785947876165 0.270045305402 0.924752319706 0.529538622614
0.0917223856123 0.217774585352 0.785947876165 0.270045305402 0.924752319706 0.529538622614
0.0917223856123 0.217774585352 0.785947876165 0.270045305402 0.924752319706 0.529538622614
0.0917223856123 0.217774585352 0.785947876165 0.270045305402 0.924752319706 0.529538622614
0.0917223856123 0.217774585352 0.785947876165 0.270045305402 0.924752319706 0.529538622614
0.0917223856123 0.217774585352 0.785947876165 0.270045305402 0.924752319706 0.529538622614
0.0917223856123 0.217774585352 0.785947876165 0.270045305402 0.924752319706 0.529538622614
0.0917223856123 0.217774585352 0.785947876165 0.270045305402 0.924752319706 0.529538622614
0.0917223856123 0.217774585352 0.785947876165 0.270045305402 0.924752319706 0.529538622614
0.0917223856123 0.217774585352 0.785947876165 0.270045305402 0.924752319706 0.529538622614
0.0917223856123 0.217774585352 0.785947876165 0.270045305402 0.924752319706 0.529538622614
0.0917223856123 0.217774585352 0.785947876165 0.270045305402 0.924752319706 0.529538622614
0.0917223856123 0.217774585352 0.785947876165 0.270045305402 0.924752319706 0.529538622614
0.0917223856123 0.217774585352 0.785947876165 0.270045305402 0.924752319706 0.529538622614
0.0917223856123 0.217774585352 0.785947876165 0.270045305402 0.924752319706 0.523135680907
0.0917223856123 0.217774585352 0.785947876165 0.270045305402 0.924752319706 0.529538622614
0.0917223856123 0.217774585352 0.785947876165 0.270045305402 0.924752319706 0.529538622614
0.0917223856123 0.217774585352 0.785947876165 0.270045305402 0.924752319706 0.529538622614
0.0917223856123 0.217774585352 0.785947876165 0.270045305402 0.924752319706 0.529538622614
0.0917223856123 0.217774585352 0.785947876165 0.270045305402 0.924752319706 0.529538622614
0.0917223856123 0.217774585352 0.785947876165 0.270045305402 0.924752319706 0.529538622614
0.0917223856123 0.217774585352 0.785947876165 0.270045305402 0.924752319706 0.529538622614
0.0917223856123 0.217774585352 0.785947876165 0.270045305402 0.924752319706 0.529538622614
0.0917223856123 0.217774585352 0.785947876165 0.270045305402 0.924752319706 0.529538622614
0.0917223856123 0.217774585352 0.785947876165 0.270045305402 0.924752319706 0.529538622614
0.0917223856123 0.217774585352 0.785947876165 0.270045305402 0.924752319706 0.529538622614
0.0917223856123 0.217774585352 0.785947876165 0.270045305402 0.924752319706 0.529538622614
0.0917223856123 0.217774585352 0.785947876165 0.270045305402 0.924752319706 0.529538622614
0.0917223856123 0.217774585352 0.785947876165 0.270045305402 0.924752319706 0.529538622614
0.0917223856123 0.217774585352 0.785947876165 0.270045305402 0.924752319706 0.529538622614
0.0917223856123 0.217774585352 0.785947876165 0.270045305402 0.924752319706 0.529538622614
0.0917223856123 0.217774585352 0.785947876165 0.270045305402 0.924752319706 0.529538622614
0.0917223856123 0.217774585352 0.785947876165 0.270045305402 0.924752319706 0.529538622614
0.0917223856123 0.217774585352 0.785947876165 0.270045305402 0.924752319706 0.529538622614
0.0917223856123 0.217774585352 0.785947876165 0.270045305402 0.924752319706 0.529538622614
0.0917223856123 0.408256030673 0.785947876165 0.270045305402 0.924752319706 0.529552972863
0.0917223856123 0.217774585352 0.785947876165 0.270045305402 0.924752319706 0.529538622614
0.0917223856123 0.217774585352 0.785947876165 0.270045305402 0.924752319706 0.529538622614
0.0917223856123 0.217774585352 0.785947876165 0.270045305402 0.924752319706 0.529538622614
0.0917223856123 0.217774585352 0.785947876165 0.270045305402 0.924752319706 0.529538622614
0.0917223856123 0.217774585352 0.785947876165 0.270045305402 0.924752319706 0.529538622614
0.0917223856123 0.217774585352 0.785947876165 0.270045305402 0.924752319706 0.530095805044
0.0917223856123 0.217774585352 0.785947876165 0.270045305402 0.924752319706 0.529538622614
0.0917223856123 0.217774585352 0.785947876165 0.270045305402 0.924752319706 0.529538622614
0.0917223856123 0.217774585352 0.785947876165 0.270045305402 0.924752319706 0.529538622614
0.0917223856123 0.217774585352 0.785947876165 0.270045305402 0.924752319706 0.529538622614
0.0917223856123 0.217774585352 0.785947876165 0.270045305402 0.924752319706 0.529538622614
0.0917223856123 0.217774585352 0.785947876165 0.270045305402 0.924752319706 0.529538622614
0.0917223856123 0.217774585352 0.785947876165 0.270045305402 0.924752319706 0.529538622614
0.0917223856123 0.217774585352 0.785947876165 0.270045305402 0.924752319706 0.529538622614
0.0917223856123 0.217774585352 0.785947876165 0.270045305402 0.924752319706 0.529538622614
0.0917223856123 0.217774585352 0.785947876165 0.270045305402 0.924752319706 0.510620935131
0.0917223856123 0.217774585352 0.785947876165 0.270045305402 0.924752319706 0.529538622614
0.0917223856123 0.217774585352 0.785947876165 0.270045305402 0.924752319706 0.529538622614
0.0917223856123 0.217774585352 0.785947876165 0.270045305402 0.924752319706 0.529538622614
0.0917223856123 0.217774585352 0.785947876165 0.270045305402 0.924752319706 0.529538622614
0.0917223856123 0.217774585352 0.785947876165 0.270045305402 0.924752319706 0.529538622614
0.0917223856123 0.217774585352 0.785947876165 0.270045305402 0.924752319706 0.529538622614
0.0917223856123 0.217774585352 0.785947876165 0.270045305402 0.924752319706 0.529538622614
0.0917223856123 0.217774585352 0.785947876165 0.270045305402 0.924752319706 0.529538622614
0.0917223856123 0.217774585352 0.785947876165 0.270045305402 0.924752319706 0.529538622614
0.0917223856123 0.217774585352 0.785947876165 0.270045305402 0.924752319706 0.529538622614
0.0917223856123 0.217774585352 0.785947876165 0.270045305402 0.924752319706 0.529538622614
0.0917223856123 0.217774585352 0.785947876165 0.270045305402 0.924752319706 0.529538622614
0.0917223856123 0.217774585352 0.785947876165 0.270045305402 0.924752319706 0.529538622614
0.0917223856123 0.217774585352 0.785947876165 0.270045305402 0.924752319706 0.529538622614
0.0917223856123 0.217774585352 0.785947876165 0.270045305402 0.924752319706 0.529538622614
0.0917223856123 0.217774585352 0.785947876165 0.270045305402 0.924752319706 0.529538622614
0.0917223856123 0.217774585352 0.785947876165 0.270045305402 0.924752319706 0.529538622614
0.0917223856123 0.217774585352 0.785947876165 0.270045305402 0.924752319706 0.529538622614
0.0917223856123 0.217774585352 0.785947876165 0.270045305402 0.924752319706 0.529538622614
0.0917223856123 0.217774585352 0.785947876165 0.270045305402 0.924752319706 0.529538622614
0.0917223856123 0.217774585352 0.785947876165 0.270045305402 0.924752319706 0.529538622614
0.0917223856123 0.217774585352 0.785947876165 0.270045305402 0.924752319706 0.529538622614
0.0917223856123 0.217774585352 0.785947876165 0.270045305402 0.924752319706 0.529538622614
0.0917223856123 0.217774585352 0.785947876165 0.270045305402 0.924752319706 0.529538622614
0.0917223856123 0.217774585352 0.785947876165 0.270045305402 0.924752319706 0.58223744455
0.0917223856123 0.217774585352 0.785947876165 0.270045305402 0.924752319706 0.529538622614
0.0917223856123 0.217774585352 0.785947876165 0.270045305402 0.924752319706 0.529538622614
0.0917223856123 0.217774585352 0.785947876165 0.270045305402 0.924752319706 0.529538622614
0.0917223856123 0.217774585352 0.785947876165 0.270045305402 0.924752319706 0.529538622614
0.0917223856123 0.217774585352 0.785947876165 0.270045305402 0.924752319706 0.529538622614
0.0917223856123 0.217774585352 0.785947876165 0.270045305402 0.924752319706 0.469210424833
0.0917223856123 0.217774585352 0.785947876165 0.270045305402 0.924752319706 0.529538622614
0.0917223856123 0.217774585352 0.785947876165 0.270045305402 0.924752319706 0.529538622614
0.0917223856123 0.217774585352 0.785947876165 0.270045305402 0.924752319706 0.529538622614
0.0917223856123 0.217774585352 0.785947876165 0.270045305402 0.924752319706 0.529538622614
0.0917223856123 0.217774585352 0.785947876165 0.270045305402 0.924752319706 0.529538622614
0.0917223856123 0.217774585352 0.785947876165 0.270045305402 0.924752319706 0.529538622614
0.0917223856123 0.217774585352 0.785947876165 0.270045305402 0.924752319706 0.529538622614
0.0917223856123 0.217774585352 0.785947876165 0.270045305402 0.924752319706 0.529538622614
0.0917223856123 0.217774585352 0.785947876165 0.270045305402 0.924752319706 0.529538622614
0.0917223856123 0.217774585352 0.785947876165 0.270045305402 0.924752319706 0.529538622614
0.0917223856123 0.217774585352 0.785947876165 0.270045305402 0.924752319706 0.529538622614
0.0917223856123 0.217774585352 0.785947876165 0.270045305402 0.924752319706 0.529538622614
0.0917223856123 0.217774585352 0.785947876165 0.270045305402 0.924752319706 0.529538622614
0.0917223856123 0.217774585352 0.785947876165 0.270045305402 0.924752319706 0.529538622614
0.0917223856123 0.217774585352 0.785947876165 0.270045305402 0.924752319706 0.529538622614
0.0917223856123 0.217774585352 0.785947876165 0.270045305402 0.924752319706 0.529538622614
0.0917223856123 0.217774585352 0.785947876165 0.270045305402 0.924752319706 0.529538622614
0.0917223856123 0.217774585352 0.785947876165 0.270045305402 0.924752319706 0.529538622614
0.0917223856123 0.217774585352 0.785947876165 0.270045305402 0.924752319706 0.529538622614
0.0917223856123 0.217774585352 0.785947876165 0.270045305402 0.924752319706 0.529538622614
0.0917223856123 0.217774585352 0.785947876165 0.270045305402 0.924752319706 0.529538622614
0.0917223856123 0.217774585352 0.785947876165 0.270045305402 0.924752319706 0.529538622614
0.0917223856123 0.217774585352 0.785947876165 0.270045305402 0.924752319706 0.529538622614
0.0917223856123 0.217774585352 0.785947876165 0.270045305402 0.924752319706 0.529538622614
0.0917223856123 0.217774585352 0.785947876165 0.270045305402 0.924752319706 0.529538622614
0.0917223856123 0.217774585352 0.785947876165 0.270045305402 0.924752319706 0.529538622614
0.0917223856123 0.217774585352 0.785947876165 0.270045305402 0.924752319706 0.529538622614
0.0917223856123 0.217774585352 0.785947876165 0.270045305402 0.924752319706 0.529538622614
0.0917223856123 0.217774585352 0.785947876165 0.270045305402 0.924752319706 0.529538622614
0.0917223856123 0.217774585352 0.785947876165 0.270045305402 0.924752319706 0.529538622614
0.0917223856123 0.217774585352 0.785947876165 0.270045305402 0.924752319706 0.529538622614
0.0917223856123 0.217774585352 0.785947876165 0.270045305402 0.924752319706 0.529538622614
0.0917223856123 0.217774585352 0.785947876165 0.270045305402 0.924752319706 0.529538622614
0.0917223856123 0.217774585352 0.785947876165 0.270045305402 0.924752319706 0.529538622614
0.0917223856123 0.217774585352 0.785947876165 0.270045305402 0.924752319706 0.529538622614
0.0917223856123 0.217774585352 0.785947876165 0.270045305402 0.924752319706 0.529538622614
0.0917223856123 0.217774585352 0.785947876165 0.270045305402 0.924752319706 0.529538622614
0.0917223856123 0.217774585352 0.785947876165 0.270045305402 0.924752319706 0.529538622614
0.0917223856123 0.217774585352 0.785947876165 0.270045305402 0.924752319706 0.529538622614
0.0917223856123 0.217774585352 0.785947876165 0.270045305402 0.924752319706 0.529538622614
0.0917223856123 0.217774585352 0.785947876165 0.270045305402 0.924752319706 0.529538622614
0.0917223856123 0.217774585352 0.785947876165 0.270045305402 0.924752319706 0.529538622614
0.0917223856123 0.217774585352 0.785947876165 0.270045305402 0.924752319706 0.530772091124
0.0917223856123 0.217774585352 0.785947876165 0.270045305402 0.924752319706 0.529538622614
0.0917223856123 0.217774585352 0.785947876165 0.270045305402 0.924752319706 0.529538622614
0.0917223856123 0.217774585352 0.785947876165 0.270045305402 0.924752319706 0.554470717516
0.0917223856123 0.217774585352 0.785947876165 0.270045305402 0.924752319706 0.529538622614
0.0917223856123 0.217774585352 0.785947876165 0.270045305402 0.924752319706 0.535789971977
0.0917223856123 0.217774585352 0.785947876165 0.270045305402 0.924752319706 0.529538622614
0.0917223856123 0.217774585352 0.785947876165 0.270045305402 0.924752319706 0.529538622614
0.0917223856123 0.217774585352 0.785947876165 0.270045305402 0.924752319706 0.529538622614
0.0917223856123 0.217774585352 0.785947876165 0.270045305402 0.924752319706 0.529538622614
0.0917223856123 0.217774585352 0.785947876165 0.270045305402 0.924752319706 0.529538622614
0.0917223856123 0.217774585352 0.785947876165 0.270045305402 0.924752319706 0.529538622614
0.0917223856123 0.217774585352 0.785947876165 0.270045305402 0.924752319706 0.529538622614
0.0917223856123 0.217774585352 0.785947876165 0.270045305402 0.924752319706 0.529538622614
0.0917223856123 0.217774585352 0.785947876165 0.270045305402 0.924752319706 0.529538622614
0.0917223856123 0.217774585352 0.785947876165 0.270045305402 0.924752319706 0.529538622614
0.0917223856123 0.217774585352 0.785947876165 0.270045305402 0.924752319706 0.529538622614
0.0917223856123 0.217774585352 0.785947876165 0.270045305402 0.924752319706 0.529538622614
0.0917223856123 0.217774585352 0.785947876165 0.270045305402 0.924752319706 0.529538622614
0.0917223856123 0.217774585352 0.785947876165 0.270045305402 0.924752319706 0.529538622614
0.0917223856123 0.217774585352 0.785947876165 0.270045305402 0.924752319706 0.529538622614
0.0917223856123 0.217774585352 0.785947876165 0.270045305402 0.924752319706 0.529538622614
0.0917223856123 0.217774585352 0.785947876165 0.270045305402 0.924752319706 0.529538622614
0.0917223856123 0.217774585352 0.785947876165 0.270045305402 0.924752319706 0.529538622614
0.0917223856123 0.217774585352 0.785947876165 0.270045305402 0.924752319706 0.529538622614
0.0917223856123 0.217774585352 0.785947876165 0.270045305402 0.924752319706 0.550245353517
0.0917223856123 0.217774585352 0.785947876165 0.270045305402 0.924752319706 0.529538622614
0.0917223856123 0.217774585352 0.785947876165 0.270045305402 0.924752319706 0.529538622614
0.0917223856123 0.217774585352 0.785947876165 0.270045305402 0.924752319706 0.529538622614
0.0917223856123 0.217774585352 0.785947876165 0.270045305402 0.924752319706 0.529538622614
0.0917223856123 0.217774585352 0.785947876165 0.270045305402 0.924752319706 0.576059199189
0.0917223856123 0.217774585352 0.785947876165 0.270045305402 0.924752319706 0.529538622614
0.0917223856123 0.217774585352 0.785947876165 0.270045305402 0.924752319706 0.529538622614
0.0917223856123 0.217774585352 0.785947876165 0.270045305402 0.924752319706 0.529538622614
0.0917223856123 0.217774585352 0.785947876165 0.270045305402 0.924752319706 0.492473233111
0.0917223856123 0.217774585352 0.785947876165 0.270045305402 0.924752319706 0.529538622614
0.0917223856123 0.217774585352 0.785947876165 0.270045305402 0.924752319706 0.529538622614
0.0917223856123 0.217774585352 0.785947876165 0.270045305402 0.924752319706 0.529538622614
0.0917223856123 0.217774585352 0.785947876165 0.270045305402 0.924752319706 0.529538622614
0.0917223856123 0.217774585352 0.785947876165 0.270045305402 0.924752319706 0.529538622614
0.0917223856123 0.217774585352 0.785947876165 0.270045305402 0.924752319706 0.529538622614
0.0917223856123 0.217774585352 0.785947876165 0.270045305402 0.924752319706 0.529538622614
0.0917223856123 0.217774585352 0.785947876165 0.270045305402 0.924752319706 0.506603407723
0.0917223856123 0.217774585352 0.785947876165 0.270045305402 0.924752319706 0.529538622614
0.0917223856123 0.217774585352 0.785947876165 0.270045305402 0.924752319706 0.529538622614
0.0917223856123 0.217774585352 0.785947876165 0.270045305402 0.924752319706 0.529538622614
0.0917223856123 0.217774585352 0.785947876165 0.270045305402 0.924752319706 0.529538622614
0.0917223856123 0.217774585352 0.785947876165 0.270045305402 0.924752319706 0.529538622614
0.0917223856123 0.217774585352 0.785947876165 0.270045305402 0.924752319706 0.529538622614
0.0917223856123 0.217774585352 0.785947876165 0.270045305402 0.924752319706 0.529538622614
0.0917223856123 0.217774585352 0.785947876165 0.270045305402 0.924752319706 0.529538622614
0.0917223856123 0.217774585352 0.785947876165 0.270045305402 0.924752319706 0.526712437262
0.0917223856123 0.217774585352 0.785947876165 0.270045305402 0.924752319706 0.529538622614
0.0917223856123 0.217774585352 0.785947876165 0.270045305402 0.924752319706 0.529538622614
0.0917223856123 0.217774585352 0.785947876165 0.270045305402 0.924752319706 0.529538622614
0.0917223856123 0.217774585352 0.785947876165 0.270045305402 0.924752319706 0.529538622614
0.0917223856123 0.217774585352 0.785947876165 0.270045305402 0.924752319706 0.529538622614
0.0917223856123 0.217774585352 0.785947876165 0.270045305402 0.924752319706 0.529538622614
0.0917223856123 0.217774585352 0.785947876165 0.270045305402 0.924752319706 0.529538622614
0.0917223856123 0.217774585352 0.785947876165 0.270045305402 0.924752319706 0.529538622614
0.0917223856123 0.217774585352 0.785947876165 0.270045305402 0.924752319706 0.529538622614
0.0917223856123 0.217774585352 0.785947876165 0.270045305402 0.924752319706 0.529538622614
0.0917223856123 0.217774585352 0.785947876165 0.270045305402 0.924752319706 0.529538622614
0.0917223856123 0.217774585352 0.785947876165 0.270045305402 0.924752319706 0.529538622614
0.0917223856123 0.217774585352 0.785947876165 0.270045305402 0.924752319706 0.529538622614
0.0917223856123 0.217774585352 0.785947876165 0.270045305402 0.924752319706 0.529538622614
0.0917223856123 0.217774585352 0.785947876165 0.270045305402 0.924752319706 0.529538622614
0.0917223856123 0.217774585352 0.785947876165 0.270045305402 0.924752319706 0.529538622614
0.0917223856123 0.217774585352 0.785947876165 0.270045305402 0.924752319706 0.529538622614
0.0917223856123 0.217774585352 0.785947876165 0.270045305402 0.924752319706 0.529538622614
0.0917223856123 0.217774585352 0.785947876165 0.270045305402 0.924752319706 0.529538622614
0.0917223856123 0.217774585352 0.785947876165 0.270045305402 0.924752319706 0.529538622614
0.0917223856123 0.217774585352 0.785947876165 0.270045305402 0.924752319706 0.529538622614
0.0917223856123 0.217774585352 0.785947876165 0.270045305402 0.924752319706 0.529538622614
0.0917223856123 0.217774585352 0.785947876165 0.270045305402 0.924752319706 0.529538622614
0.0917223856123 0.217774585352 0.785947876165 0.270045305402 0.924752319706 0.529538622614
0.0917223856123 0.217774585352 0.785947876165 0.270045305402 0.924752319706 0.529538622614
0.0917223856123 0.217774585352 0.785947876165 0.270045305402 0.924752319706 0.529538622614
0.0917223856123 0.217774585352 0.785947876165 0.270045305402 0.924752319706 0.529538622614
0.0917223856123 0.217774585352 0.785947876165 0.270045305402 0.924752319706 0.529538622614
0.0917223856123 0.217774585352 0.785947876165 0.270045305402 0.924752319706 0.529538622614
0.0917223856123 0.217774585352 0.785947876165 0.270045305402 0.924752319706 0.529538622614
0.0917223856123 0.217774585352 0.785947876165 0.270045305402 0.924752319706 0.529538622614
0.0917223856123 0.217774585352 0.785947876165 0.270045305402 0.924752319706 0.529538622614
0.0917223856123 0.217774585352 0.785947876165 0.270045305402 0.924752319706 0.529538622614
0.0917223856123 0.217774585352 0.785947876165 0.270045305402 0.924752319706 0.529538622614
0.0917223856123 0.217774585352 0.785947876165 0.270045305402 0.924752319706 0.529538622614
0.0917223856123 0.217774585352 0.785947876165 0.270045305402 0.924752319706 0.529538622614
0.0917223856123 0.217774585352 0.785947876165 0.270045305402 0.924752319706 0.529538622614
0.0917223856123 0.217774585352 0.785947876165 0.270045305402 0.924752319706 0.529538622614
