0.0372175869238 0.00261101647926 0.0667504816474 0.193644054846 0.0876895516482 0.792977551151
0.0169535276212 0.00362888111148 0.0588911588536 0.326578317653 0.773229534055 0.134201429987
0.0151810564647 0.0165584988689 0.079433159233 0.296934941287 0.0210924662553 0.601550430181
0.0144687309922 0.0264597194154 0.0102198040362 0.0340468610177 0.322690649292 0.620222194456
0.000984955840327 0.0369017401265 0.0396620458218 0.135311621705 0.136137425887 0.538615283759
0.105102894687 0.0262892487642 0.320156857375 0.00437723563217 0.223768327423 0.329267532371
0.00512646288395 0.00163734242811 0.0508952671047 0.0432869106151 0.0236342248499 0.450141496377
0.0527439698392 0.0949509980377 0.157126412726 0.110641566637 0.380034688346 0.373603194033
0.17430237156 0.0979473715305 0.179925194833 0.101290778567 0.330653566453 0.204004093859
0.107576800462 0.0235354601389 0.112620151597 0.385944717104 0.115117820305 0.414147309112
0.096511251965 0.119403339342 0.385395830453 0.588856551453 0.0557509390644 0.420710364097
0.000566921208629 0.000274623914025 0.00056796057102 0.000223360912919 0.0387298564091 0.400172090168
0.0415803905448 0.0407721664435 0.332962072868 0.111241447211 0.284131341965 0.443371643984
0.0431265187138 0.0133728459266 0.16885060145 0.0270370577835 0.270933898487 0.692343840879
0.0111866583714 0.0487826366449 0.0528198488393 0.380171994143 0.560538596054 0.633921800424
0.343709228576 0.315207202535 0.215364492018 0.28996302317 0.031893850076 0.507635960707
0.4917657204 0.0651449212472 0.248677613943 0.1873544989 0.446779800564 0.208522983422
0.00133085274339 0.00274979885889 0.00752032670636 0.00134380042018 0.00114309290249 0.289305548721
0.0242088610799 0.457243362629 0.0728257920144 0.0351452884997 0.502118695917 0.173929034467
0.00604175728469 0.000698102944876 0.0239491781445 0.072609073503 0.105550035851 0.60346688478
0.047527874273 0.13047708362 0.0731235942629 0.00860946646245 0.29056079979 0.977827594476
0.0302437106352 0.00129570279631 0.0222574700327 0.0410995858146 0.615053466467 0.302110858787
0.000579858227894 0.00134158411048 0.00758933022369 0.00189913189842 0.0113136796598 0.900721823144
0.0116972213276 0.00434150958027 0.147018414222 0.194999499106 0.466037525165 0.2982315759
0.135189492682 0.0233636724972 0.512687538095 0.101593552477 0.234079699621 0.382903612801
0.00890937951325 0.00228334858376 0.446205062447 0.498643992349 0.0509313745942 0.415967655001
0.00177916482471 0.00267435293393 0.00229708877102 0.0132659084832 0.504901710408 0.361390153367
0.151226137476 0.654700716093 0.464509801964 0.226124533682 0.0808901867055 0.00623297878191
0.101176111692 0.021704340659 0.0900585753815 0.0467688128305 0.11087888832 0.500093639248
0.000246434880328 0.00631285301805 0.000486972377365 0.000668765254808 0.00591548807426 0.834367678449
0.0265678028781 0.0192171825464 0.209347092053 0.00299475128049 0.177306869504 0.374103078079
0.000218077477759 4.43803568796e-05 0.0166990500198 0.0170857686532 0.0142490228483 0.29919607602
0.00243134830845 0.0354321458545 0.09149172098 0.0604874960326 0.134353496786 0.752171000576
0.508649768338 0.494315468555 0.203775814035 0.0754843116383 0.473302560467 0.568920138553
0.0717993095075 0.288428208236 0.142568271894 0.0135734776294 0.214741754393 0.0847741692516
0.180923383975 0.0450594597091 0.0625925873436 0.0140672703673 0.475708845208 0.653071051532
0.0326364630395 0.0676913809745 0.0234524849762 0.346319795209 0.386277599724 0.194690397374
0.252889731688 0.348427554137 0.0699170909207 0.335162298401 0.151860189596 0.511560963299
0.020489782085 0.41279838578 0.227385430321 0.286613273993 0.120714936764 0.339780000437
0.181188624943 0.015617026609 0.188968175571 0.0201758779729 0.121297053213 0.473771803576
0.00163754047495 0.308962941949 0.505701875666 0.358427191804 0.242197433928 0.0616567615557
0.246795589794 0.252690439455 0.161405290389 0.238254853378 0.202484141746 0.527888778418
0.00742482451959 0.0118540015243 0.000769009994398 0.0376194806593 0.0241714803168 0.584883504657
6.8362235185e-05 0.0018291321483 0.0647746207679 0.334281584938 0.414637277882 0.142963264267
0.101382419522 0.192914075071 0.156673111035 0.325353232456 0.0671065854908 0.436139401399
0.00023045493192 0.000558053871592 3.83825363291e-05 0.0108240923574 0.121712093502 0.634243319128
0.220781076173 0.162105956087 0.0112851208258 0.32543507347 0.453301649337 0.0644307677166
0.135505518345 0.148070392472 0.0499561471266 0.112986367801 0.229117797604 0.245186849712
0.168728319719 0.493287387924 0.152075500644 0.215816508049 0.53396266548 0.313234640833
0.0720065770054 0.0891661886736 0.271815703379 0.402644620132 0.192164972095 0.0216540367057
0.0372175869238 0.00261101647926 0.0667504816474 0.193644054846 0.0876895516482 0.792977551151
0.0372175869238 0.00261101647926 0.0667504816474 0.193644054846 0.0876895516482 0.792977551151
0.0372175869238 0.00261101647926 0.0667504816474 0.193644054846 0.0876895516482 0.792977551151
0.0372175869238 0.00261101647926 0.0667504816474 0.193644054846 0.0876895516482 0.792977551151
0.0372175869238 0.00261101647926 0.0667504816474 0.193644054846 0.0876895516482 0.792977551151
0.0372175869238 0.00261101647926 0.0667504816474 0.193644054846 0.0876895516482 0.792977551151
0.0372175869238 0.00261101647926 0.0667504816474 0.193644054846 0.0876895516482 0.792977551151
0.0372175869238 0.00261101647926 0.0667504816474 0.193644054846 0.0876895516482 0.792977551151
0.0372175869238 0.00261101647926 0.0667504816474 0.193644054846 0.0876895516482 0.792977551151
0.0372175869238 0.00261101647926 0.0667504816474 0.193644054846 0.0876895516482 0.792977551151
0.0372175869238 0.00261101647926 0.0667504816474 0.193644054846 0.0876895516482 0.792977551151
0.0372175869238 0.00261101647926 0.0667504816474 0.193644054846 0.0876895516482 0.792977551151
0.0372175869238 0.00261101647926 0.0667504816474 0.193644054846 0.0876895516482 0.792977551151
0.0372175869238 0.00261101647926 0.0667504816474 0.193644054846 0.0876895516482 0.792977551151
0.0372175869238 0.00261101647926 0.0667504816474 0.193644054846 0.0876895516482 0.792977551151
0.0372175869238 0.00261101647926 0.0667504816474 0.193644054846 0.0876895516482 0.792977551151
0.0372175869238 0.00261101647926 0.0667504816474 0.193644054846 0.0876895516482 0.792977551151
0.0372175869238 0.00261101647926 0.0667504816474 0.193644054846 0.0876895516482 0.792977551151
0.0372175869238 0.00261101647926 0.0667504816474 0.193644054846 0.0876895516482 0.792977551151
0.0372175869238 0.00261101647926 0.0667504816474 0.193644054846 0.0876895516482 0.792977551151
0.0372175869238 0.00261101647926 0.0667504816474 0.193644054846 0.0876895516482 0.792977551151
0.0372175869238 0.00261101647926 0.0667504816474 0.193644054846 0.0876895516482 0.792977551151
0.0372175869238 0.00261101647926 0.0667504816474 0.193644054846 0.0876895516482 0.792977551151
0.0372175869238 0.00261101647926 0.0667504816474 0.193644054846 0.0876895516482 0.792977551151
0.0372175869238 0.00261101647926 0.0667504816474 0.193644054846 0.0876895516482 0.792977551151
0.0301538713542 0.00211545036747 0.0540836888978 0.156894154379 0.0710491390215 0.642237897089
0.0372175869238 0.00261101647926 0.0667504816474 0.193644054846 0.0876895516482 0.792977551151
0.0372175869238 0.00261101647926 0.0667504816474 0.193644054846 0.0876895516482 0.792977551151
0.0372175869238 0.00261101647926 0.0667504816474 0.193644054846 0.0876895516482 0.792977551151
0.0372175869238 0.00261101647926 0.0667504816474 0.193644054846 0.0876895516482 0.792977551151
0.0372175869238 0.00261101647926 0.0667504816474 0.193644054846 0.0876895516482 0.792977551151
0.0372175869238 0.00261101647926 0.0667504816474 0.193644054846 0.0876895516482 0.792977551151
0.0372175869238 0.00261101647926 0.0667504816474 0.193644054846 0.0876895516482 0.792977551151
0.0372175869238 0.00261101647926 0.0667504816474 0.193644054846 0.0876895516482 0.792977551151
0.0372175869238 0.00261101647926 0.0667504816474 0.193644054846 0.0876895516482 0.792977551151
0.0372175869238 0.00261101647926 0.0667504816474 0.193644054846 0.0876895516482 0.792977551151
0.0399358349477 0.00280171945856 0.0716248971051 0.207786094307 0.000144637027485 0.792977551151
0.0372175869238 0.00261101647926 0.0667504816474 0.193644054846 0.0876895516482 0.792977551151
0.0372175869238 0.00261101647926 0.0667504816474 0.193644054846 0.0876895516482 0.792977551151
0.0372175869238 0.00261101647926 0.0667504816474 0.193644054846 0.0876895516482 0.792977551151
0.0372175869238 0.00261101647926 0.0667504816474 0.193644054846 0.0876895516482 0.792977551151
0.0372175869238 0.00261101647926 0.0667504816474 0.193644054846 0.0876895516482 0.792977551151
0.039640995029 0.00278103449883 0.0710961844032 0.20625215122 0.0293293842968 0.792977551151
0.0372175869238 0.00261101647926 0.0667504816474 0.193644054846 0.0876895516482 0.792977551151
0.0372175869238 0.00261101647926 0.0667504816474 0.193644054846 0.0876895516482 0.792977551151
0.0372175869238 0.00261101647926 0.0667504816474 0.193644054846 0.0876895516482 0.792977551151
0.0372175869238 0.00261101647926 0.0667504816474 0.193644054846 0.0876895516482 0.792977551151
0.0372175869238 0.00261101647926 0.0667504816474 0.193644054846 0.0876895516482 0.792977551151
0.0372175869238 0.00261101647926 0.0667504816474 0.193644054846 0.0876895516482 0.792977551151
0.0372175869238 0.00261101647926 0.0667504816474 0.193644054846 0.0876895516482 0.792977551151
0.0372175869238 0.00261101647926 0.0667504816474 0.193644054846 0.0876895516482 0.792977551151
0.0372175869238 0.00261101647926 0.0667504816474 0.193644054846 0.0876895516482 0.792977551151
0.0372175869238 0.00261101647926 0.0667504816474 0.193644054846 0.0876895516482 0.792977551151
0.0372175869238 0.00261101647926 0.0667504816474 0.193644054846 0.0876895516482 0.792977551151
0.0372175869238 0.00261101647926 0.0667504816474 0.193644054846 0.0876895516482 0.792977551151
0.0372175869238 0.00261101647926 0.0667504816474 0.193644054846 0.0876895516482 0.792977551151
0.0372175869238 0.00261101647926 0.0667504816474 0.193644054846 0.0876895516482 0.792977551151
0.0330545273469 0.00231895046565 0.0592852018884 0.17198519506 0.0778823859339 0.70413788111
0.0372175869238 0.00261101647926 0.0667504816474 0.193644054846 0.0876895516482 0.792977551151
0.0372175869238 0.00261101647926 0.0667504816474 0.193644054846 0.0876895516482 0.792977551151
0.0372175869238 0.00261101647926 0.0667504816474 0.193644054846 0.0876895516482 0.792977551151
0.0372175869238 0.00261101647926 0.0667504816474 0.193644054846 0.0876895516482 0.792977551151
0.0372175869238 0.00261101647926 0.0667504816474 0.193644054846 0.0876895516482 0.792977551151
0.0372175869238 0.00261101647926 0.0667504816474 0.193644054846 0.0876895516482 0.792977551151
0.0372175869238 0.00261101647926 0.0667504816474 0.193644054846 0.0876895516482 0.792977551151
0.0372175869238 0.00261101647926 0.0667504816474 0.193644054846 0.0876895516482 0.792977551151
0.0372175869238 0.00261101647926 0.0667504816474 0.193644054846 0.0876895516482 0.792977551151
0.0372175869238 0.00261101647926 0.0667504816474 0.193644054846 0.0876895516482 0.792977551151
0.0372175869238 0.00261101647926 0.0667504816474 0.193644054846 0.0876895516482 0.792977551151
0.0372175869238 0.00261101647926 0.0667504816474 0.193644054846 0.0876895516482 0.792977551151
0.0372175869238 0.00261101647926 0.0667504816474 0.193644054846 0.0876895516482 0.792977551151
0.0372175869238 0.00261101647926 0.0667504816474 0.193644054846 0.0876895516482 0.792977551151
0.0372175869238 0.00261101647926 0.0667504816474 0.193644054846 0.0876895516482 0.792977551151
0.0372175869238 0.00261101647926 0.0667504816474 0.193644054846 0.0876895516482 0.792977551151
0.0372175869238 0.00261101647926 0.0667504816474 0.193644054846 0.0876895516482 0.792977551151
0.0372175869238 0.00261101647926 0.0667504816474 0.193644054846 0.0876895516482 0.792977551151
0.0372175869238 0.00261101647926 0.0667504816474 0.193644054846 0.0876895516482 0.792977551151
0.0372175869238 0.00261101647926 0.0667504816474 0.193644054846 0.0876895516482 0.792977551151
0.0372175869238 0.00261101647926 0.0667504816474 0.193644054846 0.0876895516482 0.792977551151
0.0372175869238 0.00261101647926 0.0667504816474 0.193644054846 0.0876895516482 0.792977551151
0.0372175869238 0.00261101647926 0.0667504816474 0.193644054846 0.0876895516482 0.792977551151
0.0372175869238 0.00261101647926 0.0667504816474 0.193644054846 0.0876895516482 0.792977551151
0.0372175869238 0.00261101647926 0.0667504816474 0.193644054846 0.0876895516482 0.792977551151
0.0372175869238 0.00261101647926 0.0667504816474 0.193644054846 0.0876895516482 0.792977551151
0.0372175869238 0.00261101647926 0.0667504816474 0.193644054846 0.0876895516482 0.792977551151
0.0372175869238 0.00261101647926 0.0667504816474 0.193644054846 0.0876895516482 0.792977551151
0.0372175869238 0.00261101647926 0.0667504816474 0.193644054846 0.0876895516482 0.792977551151
0.0372175869238 0.00261101647926 0.0667504816474 0.193644054846 0.0876895516482 0.792977551151
0.0372175869238 0.00261101647926 0.0667504816474 0.193644054846 0.0876895516482 0.792977551151
0.0372175869238 0.00261101647926 0.0667504816474 0.193644054846 0.0876895516482 0.792977551151
0.0372175869238 0.00261101647926 0.0667504816474 0.193644054846 0.0876895516482 0.792977551151
0.0372175869238 0.00261101647926 0.0667504816474 0.193644054846 0.0876895516482 0.792977551151
0.0372175869238 0.00261101647926 0.0667504816474 0.193644054846 0.0876895516482 0.792977551151
0.0372175869238 0.00261101647926 0.0667504816474 0.193644054846 0.0876895516482 0.792977551151
0.0372175869238 0.00261101647926 0.0667504816474 0.193644054846 0.0876895516482 0.792977551151
0.0372175869238 0.00261101647926 0.0667504816474 0.193644054846 0.0876895516482 0.792977551151
0.0372175869238 0.00261101647926 0.0667504816474 0.193644054846 0.0876895516482 0.792977551151
0.0372175869238 0.00261101647926 0.0667504816474 0.193644054846 0.0876895516482 0.792977551151
0.0372175869238 0.00261101647926 0.0667504816474 0.193644054846 0.0876895516482 0.792977551151
0.0372175869238 0.00261101647926 0.0667504816474 0.193644054846 0.0876895516482 0.792977551151
0.0388944494765 0.00272865941761 0.0697574643347 0.202368150728 0.0916398359597 0.828761789435
0.0372175869238 0.00261101647926 0.0667504816474 0.193644054846 0.0876895516482 0.792977551151
0.0372175869238 0.00261101647926 0.0667504816474 0.193644054846 0.0876895516482 0.792977551151
0.0372175869238 0.00261101647926 0.0667504816474 0.193644054846 0.0876895516482 0.792977551151
0.0372175869238 0.00261101647926 0.0667504816474 0.193644054846 0.0876895516482 0.792977551151
0.0372175869238 0.00261101647926 0.0667504816474 0.193644054846 0.0876895516482 0.792977551151
0.0372175869238 0.00261101647926 0.0667504816474 0.193644054846 0.0876895516482 0.792977551151
0.0372175869238 0.00261101647926 0.0667504816474 0.193644054846 0.0876895516482 0.792977551151
0.0372175869238 0.00261101647926 0.0667504816474 0.193644054846 0.0876895516482 0.792977551151
0.0372175869238 0.00261101647926 0.0667504816474 0.193644054846 0.0876895516482 0.792977551151
0.0372175869238 0.00261101647926 0.0667504816474 0.193644054846 0.0876895516482 0.792977551151
0.0372175869238 0.00261101647926 0.0667504816474 0.193644054846 0.0876895516482 0.792977551151
0.0372175869238 0.00261101647926 0.0667504816474 0.193644054846 0.0876895516482 0.792977551151
0.0372175869238 0.00261101647926 0.0667504816474 0.193644054846 0.0876895516482 0.792977551151
0.0372175869238 0.00261101647926 0.0667504816474 0.193644054846 0.0876895516482 0.792977551151
0.0802864550037 0.00563258087879 0.0011961428482 0.193644054846 0.0876895516482 0.792977551151
0.0372175869238 0.00261101647926 0.0667504816474 0.193644054846 0.0876895516482 0.792977551151
0.0372175869238 0.00261101647926 0.0667504816474 0.193644054846 0.0876895516482 0.792977551151
0.0372175869238 0.00261101647926 0.0667504816474 0.193644054846 0.0876895516482 0.792977551151
0.0372175869238 0.00261101647926 0.0667504816474 0.193644054846 0.0876895516482 0.792977551151
0.0372175869238 0.00261101647926 0.0667504816474 0.193644054846 0.0876895516482 0.792977551151
0.0372175869238 0.00261101647926 0.0667504816474 0.193644054846 0.0876895516482 0.792977551151
0.0372175869238 0.00261101647926 0.0667504816474 0.193644054846 0.0876895516482 0.792977551151
0.0372175869238 0.00261101647926 0.0667504816474 0.193644054846 0.0876895516482 0.792977551151
0.0636927661208 0.00446842445163 0.114226290178 0.331384623636 0.150058697441 0.732015169744
0.0372175869238 0.00261101647926 0.0667504816474 0.193644054846 0.0876895516482 0.792977551151
0.0372175869238 0.00261101647926 0.0667504816474 0.193644054846 0.0876895516482 0.792977551151
0.0372175869238 0.00261101647926 0.0667504816474 0.193644054846 0.0876895516482 0.792977551151
0.0372175869238 0.00261101647926 0.0667504816474 0.193644054846 0.0876895516482 0.792977551151
0.0372175869238 0.00261101647926 0.0667504816474 0.193644054846 0.0876895516482 0.792977551151
0.0372175869238 0.00261101647926 0.0667504816474 0.193644054846 0.0876895516482 0.792977551151
0.0372175869238 0.00261101647926 0.0667504816474 0.193644054846 0.0876895516482 0.792977551151
0.0372175869238 0.00261101647926 0.0667504816474 0.193644054846 0.0876895516482 0.792977551151
0.128894581503 0.00904276069328 0.231147459245 0.0983734699986 0.0876895516482 0.792977551151
0.0372175869238 0.00261101647926 0.0667504816474 0.193644054846 0.0876895516482 0.792977551151
0.0372175869238 0.00261101647926 0.0667504816474 0.193644054846 0.0876895516482 0.792977551151
0.0372175869238 0.00261101647926 0.0667504816474 0.193644054846 0.0876895516482 0.792977551151
0.0372175869238 0.00261101647926 0.0667504816474 0.193644054846 0.0876895516482 0.792977551151
0.0372175869238 0.00261101647926 0.0667504816474 0.193644054846 0.0876895516482 0.792977551151
0.0372175869238 0.00261101647926 0.0667504816474 0.193644054846 0.0876895516482 0.792977551151
0.0372175869238 0.00261101647926 0.0667504816474 0.193644054846 0.0876895516482 0.792977551151
0.0372175869238 0.00261101647926 0.0667504816474 0.193644054846 0.0876895516482 0.792977551151
0.0372175869238 0.00261101647926 0.0667504816474 0.193644054846 0.0876895516482 0.792977551151
0.0372175869238 0.00261101647926 0.0667504816474 0.193644054846 0.0876895516482 0.792977551151
0.0372175869238 0.00261101647926 0.0667504816474 0.193644054846 0.0876895516482 0.792977551151
0.0372175869238 0.00261101647926 0.0667504816474 0.193644054846 0.0876895516482 0.792977551151
0.0372175869238 0.00261101647926 0.0667504816474 0.193644054846 0.0876895516482 0.792977551151
0.0372175869238 0.00261101647926 0.0667504816474 0.193644054846 0.0876895516482 0.792977551151
0.0372175869238 0.00261101647926 0.0667504816474 0.193644054846 0.0876895516482 0.792977551151
0.0372175869238 0.00261101647926 0.0667504816474 0.193644054846 0.0876895516482 0.792977551151
0.0372175869238 0.00261101647926 0.0667504816474 0.193644054846 0.0876895516482 0.792977551151
0.0372175869238 0.00261101647926 0.0667504816474 0.193644054846 0.0876895516482 0.792977551151
0.0372175869238 0.00261101647926 0.0667504816474 0.193644054846 0.0876895516482 0.792977551151
0.0372175869238 0.00261101647926 0.0667504816474 0.193644054846 0.0876895516482 0.792977551151
0.0372175869238 0.00261101647926 0.0667504816474 0.193644054846 0.0876895516482 0.792977551151
0.0372175869238 0.00261101647926 0.0667504816474 0.193644054846 0.0876895516482 0.792977551151
0.0372175869238 0.00261101647926 0.0667504816474 0.193644054846 0.0876895516482 0.792977551151
0.0372175869238 0.00261101647926 0.0667504816474 0.193644054846 0.0876895516482 0.792977551151
0.0372175869238 0.00261101647926 0.0667504816474 0.193644054846 0.0876895516482 0.792977551151
0.0372175869238 0.00261101647926 0.0667504816474 0.193644054846 0.0876895516482 0.792977551151
0.0372175869238 0.00261101647926 0.0667504816474 0.193644054846 0.0876895516482 0.792977551151
0.0372175869238 0.00261101647926 0.0667504816474 0.193644054846 0.0876895516482 0.792977551151
0.0372175869238 0.00261101647926 0.0667504816474 0.193644054846 0.0876895516482 0.792977551151
0.0372175869238 0.00261101647926 0.0667504816474 0.193644054846 0.0876895516482 0.792977551151
0.0372175869238 0.00261101647926 0.0667504816474 0.193644054846 0.0876895516482 0.792977551151
0.0372175869238 0.00261101647926 0.0667504816474 0.193644054846 0.0876895516482 0.792977551151
0.0372175869238 0.00261101647926 0.0667504816474 0.193644054846 0.0876895516482 0.792977551151
0.0372175869238 0.00261101647926 0.0667504816474 0.193644054846 0.0876895516482 0.792977551151
0.0372175869238 0.00261101647926 0.0667504816474 0.193644054846 0.0876895516482 0.792977551151
0.0372175869238 0.00261101647926 0.0667504816474 0.193644054846 0.0876895516482 0.792977551151
0.0372175869238 0.00261101647926 0.0667504816474 0.193644054846 0.0876895516482 0.792977551151
0.00784094762503 0.000550051995164 0.0749723691397 0.193644054846 0.0876895516482 0.792977551151
0.0372175869238 0.00261101647926 0.0667504816474 0.193644054846 0.0876895516482 0.792977551151
0.0372175869238 0.00261101647926 0.0667504816474 0.193644054846 0.0876895516482 0.792977551151
0.0372175869238 0.00261101647926 0.0667504816474 0.193644054846 0.0876895516482 0.792977551151
0.0372175869238 0.00261101647926 0.0667504816474 0.193644054846 0.0876895516482 0.792977551151
0.0372175869238 0.00261101647926 0.0667504816474 0.193644054846 0.0876895516482 0.792977551151
0.0372175869238 0.00261101647926 0.0667504816474 0.193644054846 0.0876895516482 0.792977551151
0.0372175869238 0.00261101647926 0.0667504816474 0.193644054846 0.0876895516482 0.792977551151
0.0372175869238 0.00261101647926 0.0667504816474 0.193644054846 0.0876895516482 0.792977551151
0.0372175869238 0.00261101647926 0.0667504816474 0.193644054846 0.0876895516482 0.792977551151
0.0372175869238 0.00261101647926 0.0667504816474 0.193644054846 0.0876895516482 0.792977551151
0.0372175869238 0.00261101647926 0.0667504816474 0.193644054846 0.0876895516482 0.792977551151
0.0372175869238 0.00261101647926 0.0667504816474 0.193644054846 0.0876895516482 0.792977551151
0.0372175869238 0.00261101647926 0.0667504816474 0.193644054846 0.0876895516482 0.792977551151
0.0372175869238 0.00261101647926 0.0667504816474 0.193644054846 0.0876895516482 0.792977551151
0.0372175869238 0.00261101647926 0.0667504816474 0.193644054846 0.0876895516482 0.792977551151
0.0358016702908 0.00251168061366 0.0642114322812 0.186277564106 0.107146194822 0.792977551151
0.0372175869238 0.00261101647926 0.0667504816474 0.193644054846 0.0876895516482 0.792977551151
0.0372175869238 0.00261101647926 0.0667504816474 0.193644054846 0.0876895516482 0.792977551151
0.0372175869238 0.00261101647926 0.0667504816474 0.193644054846 0.0876895516482 0.792977551151
0.0372175869238 0.00261101647926 0.0667504816474 0.193644054846 0.0876895516482 0.792977551151
0.0372175869238 0.00261101647926 0.0667504816474 0.193644054846 0.0876895516482 0.792977551151
0.0372175869238 0.00261101647926 0.0667504816474 0.193644054846 0.0876895516482 0.792977551151
0.0372175869238 0.00261101647926 0.0667504816474 0.193644054846 0.0876895516482 0.792977551151
0.0372175869238 0.00261101647926 0.0667504816474 0.193644054846 0.0876895516482 0.792977551151
0.0372175869238 0.00261101647926 0.0667504816474 0.193644054846 0.0876895516482 0.792977551151
0.0372175869238 0.00261101647926 0.0667504816474 0.193644054846 0.0876895516482 0.792977551151
0.0372175869238 0.00261101647926 0.0667504816474 0.193644054846 0.0876895516482 0.792977551151
0.0372175869238 0.00261101647926 0.0667504816474 0.193644054846 0.0876895516482 0.792977551151
0.0372175869238 0.00261101647926 0.0667504816474 0.193644054846 0.0876895516482 0.792977551151
0.0372175869238 0.00261101647926 0.0667504816474 0.193644054846 0.0876895516482 0.792977551151
0.0372175869238 0.00261101647926 0.0667504816474 0.193644054846 0.0876895516482 0.792977551151
0.0372175869238 0.00261101647926 0.0667504816474 0.193644054846 0.0876895516482 0.792977551151
0.0372175869238 0.00261101647926 0.0667504816474 0.193644054846 0.0876895516482 0.792977551151
0.0372175869238 0.00261101647926 0.0667504816474 0.193644054846 0.0876895516482 0.792977551151
0.0372175869238 0.00261101647926 0.0667504816474 0.193644054846 0.0876895516482 0.792977551151
0.0372175869238 0.00261101647926 0.0667504816474 0.193644054846 0.0876895516482 0.792977551151
0.0372175869238 0.00261101647926 0.0667504816474 0.193644054846 0.0876895516482 0.792977551151
0.0372175869238 0.00261101647926 0.0667504816474 0.193644054846 0.0876895516482 0.792977551151
0.0372175869238 0.00261101647926 0.0667504816474 0.193644054846 0.0876895516482 0.792977551151
0.0372175869238 0.00261101647926 0.0667504816474 0.193644054846 0.0876895516482 0.792977551151
0.0372175869238 0.00261101647926 0.0667504816474 0.193644054846 0.0876895516482 0.792977551151
0.0372175869238 0.00261101647926 0.0667504816474 0.193644054846 0.0876895516482 0.792977551151
0.0372175869238 0.00261101647926 0.0667504816474 0.193644054846 0.0876895516482 0.792977551151
0.0372175869238 0.00261101647926 0.0667504816474 0.193644054846 0.0876895516482 0.792977551151
0.0372175869238 0.00261101647926 0.0667504816474 0.193644054846 0.0876895516482 0.792977551151
0.0372175869238 0.00261101647926 0.0667504816474 0.193644054846 0.0876895516482 0.792977551151
0.0372175869238 0.00261101647926 0.0667504816474 0.193644054846 0.0876895516482 0.792977551151
0.0372175869238 0.00261101647926 0.0667504816474 0.193644054846 0.0876895516482 0.792977551151
0.0372175869238 0.00261101647926 0.0667504816474 0.193644054846 0.0876895516482 0.792977551151
0.0372175869238 0.00261101647926 0.0667504816474 0.193644054846 0.0876895516482 0.792977551151
0.0372175869238 0.00261101647926 0.0667504816474 0.193644054846 0.0876895516482 0.792977551151
0.0372175869238 0.00261101647926 0.0667504816474 0.193644054846 0.0876895516482 0.792977551151
0.0372175869238 0.00261101647926 0.0667504816474 0.193644054846 0.0876895516482 0.792977551151
0.0372175869238 0.00261101647926 0.0667504816474 0.193644054846 0.0876895516482 0.792977551151
0.0372175869238 0.00261101647926 0.0667504816474 0.193644054846 0.0876895516482 0.792977551151
0.0372175869238 0.00261101647926 0.0667504816474 0.193644054846 0.0876895516482 0.792977551151
0.0372175869238 0.00261101647926 0.0667504816474 0.193644054846 0.0876895516482 0.792977551151
0.0372175869238 0.00261101647926 0.0667504816474 0.193644054846 0.0876895516482 0.792977551151
0.0372175869238 0.00261101647926 0.0667504816474 0.193644054846 0.0876895516482 0.792977551151
0.0372175869238 0.00261101647926 0.0667504816474 0.193644054846 0.0876895516482 0.792977551151
0.0372175869238 0.00261101647926 0.0667504816474 0.193644054846 0.0876895516482 0.792977551151
0.0372175869238 0.00261101647926 0.0667504816474 0.193644054846 0.0876895516482 0.792977551151
0.0372175869238 0.00261101647926 0.0667504816474 0.193644054846 0.0876895516482 0.792977551151
0.0279839916267 0.00196321903129 0.0501926181817 0.145605072419 0.0659374249867 0.595932674822
0.0372175869238 0.00261101647926 0.0667504816474 0.193644054846 0.0876895516482 0.792977551151
0.0372175869238 0.00261101647926 0.0667504816474 0.193644054846 0.0876895516482 0.792977551151
0.0372175869238 0.00261101647926 0.0667504816474 0.193644054846 0.0876895516482 0.792977551151
0.0372175869238 0.00261101647926 0.0667504816474 0.193644054846 0.0876895516482 0.792977551151
0.0372175869238 0.00261101647926 0.0667504816474 0.193644054846 0.0876895516482 0.792977551151
0.0372175869238 0.00261101647926 0.0667504816474 0.193644054846 0.0876895516482 0.792977551151
0.0372175869238 0.00261101647926 0.0667504816474 0.193644054846 0.0876895516482 0.792977551151
0.0372175869238 0.00261101647926 0.0667504816474 0.193644054846 0.0876895516482 0.792977551151
0.0372175869238 0.00261101647926 0.0667504816474 0.193644054846 0.0876895516482 0.792977551151
0.0372175869238 0.00261101647926 0.0667504816474 0.193644054846 0.0876895516482 0.792977551151
0.0372175869238 0.00261101647926 0.0667504816474 0.193644054846 0.0876895516482 0.792977551151
0.0372175869238 0.00261101647926 0.0667504816474 0.193644054846 0.0876895516482 0.792977551151
0.0372175869238 0.00261101647926 0.0667504816474 0.193644054846 0.0876895516482 0.792977551151
0.0372175869238 0.00261101647926 0.0667504816474 0.193644054846 0.0876895516482 0.792977551151
0.0372175869238 0.00261101647926 0.0667504816474 0.193644054846 0.0876895516482 0.792977551151
0.0372175869238 0.00261101647926 0.0667504816474 0.193644054846 0.0876895516482 0.792977551151
0.0372175869238 0.00261101647926 0.0667504816474 0.193644054846 0.0876895516482 0.792977551151
0.0372175869238 0.00261101647926 0.0667504816474 0.193644054846 0.0876895516482 0.792977551151
0.0372175869238 0.00261101647926 0.0667504816474 0.193644054846 0.0876895516482 0.792977551151
0.0372175869238 0.00261101647926 0.0667504816474 0.193644054846 0.0876895516482 0.792977551151
0.0372175869238 0.00261101647926 0.0667504816474 0.193644054846 0.0876895516482 0.792977551151
0.0372175869238 0.00261101647926 0.0667504816474 0.193644054846 0.0876895516482 0.792977551151
0.0372175869238 0.00261101647926 0.0667504816474 0.193644054846 0.0876895516482 0.792977551151
0.0372175869238 0.00261101647926 0.0667504816474 0.193644054846 0.0876895516482 0.792977551151
0.0372175869238 0.00261101647926 0.0667504816474 0.193644054846 0.0876895516482 0.792977551151
0.0372175869238 0.00261101647926 0.0667504816474 0.193644054846 0.0876895516482 0.792977551151
0.0328857777701 0.00230711157282 0.0589825968507 0.171107253403 0.0774848525734 0.700536766006
0.0372175869238 0.00261101647926 0.0667504816474 0.193644054846 0.0876895516482 0.792977551151
0.0372175869238 0.00261101647926 0.0667504816474 0.193644054846 0.0876895516482 0.792977551151
0.0372175869238 0.00261101647926 0.0667504816474 0.193644054846 0.0876895516482 0.792977551151
0.0372175869238 0.00261101647926 0.0667504816474 0.193644054846 0.0876895516482 0.792977551151
0.0372175869238 0.00261101647926 0.0667504816474 0.193644054846 0.0876895516482 0.792977551151
0.0372175869238 0.00261101647926 0.0667504816474 0.193644054846 0.0876895516482 0.792977551151
0.0372175869238 0.00261101647926 0.0667504816474 0.193644054846 0.0876895516482 0.792977551151
0.0372175869238 0.00261101647926 0.0667504816474 0.193644054846 0.0876895516482 0.792977551151
0.0372175869238 0.00261101647926 0.0667504816474 0.193644054846 0.0876895516482 0.792977551151
0.0372175869238 0.00261101647926 0.0667504816474 0.193644054846 0.0876895516482 0.792977551151
0.0372175869238 0.00261101647926 0.0667504816474 0.193644054846 0.0876895516482 0.792977551151
0.0372175869238 0.00261101647926 0.0667504816474 0.193644054846 0.0876895516482 0.792977551151
0.0372175869238 0.00261101647926 0.0667504816474 0.193644054846 0.0876895516482 0.792977551151
0.0372175869238 0.00261101647926 0.0667504816474 0.193644054846 0.0876895516482 0.792977551151
0.0372175869238 0.00261101647926 0.0667504816474 0.193644054846 0.0876895516482 0.792977551151
0.0372175869238 0.00261101647926 0.0667504816474 0.193644054846 0.0876895516482 0.792977551151
0.0372175869238 0.00261101647926 0.0667504816474 0.193644054846 0.0876895516482 0.792977551151
0.0372175869238 0.00261101647926 0.0667504816474 0.193644054846 0.0876895516482 0.792977551151
0.0372175869238 0.00261101647926 0.0667504816474 0.193644054846 0.0876895516482 0.792977551151
0.0372175869238 0.00261101647926 0.0667504816474 0.193644054846 0.0876895516482 0.792977551151
0.0372175869238 0.00261101647926 0.0667504816474 0.193644054846 0.0876895516482 0.792977551151
0.0372175869238 0.00261101647926 0.0667504816474 0.193644054846 0.0876895516482 0.792977551151
0.0372175869238 0.00261101647926 0.0667504816474 0.193644054846 0.0876895516482 0.792977551151
0.0372175869238 0.00261101647926 0.0667504816474 0.193644054846 0.0876895516482 0.792977551151
0.0372175869238 0.00261101647926 0.0667504816474 0.193644054846 0.0876895516482 0.792977551151
0.0372175869238 0.00261101647926 0.0667504816474 0.193644054846 0.0876895516482 0.792977551151
0.0372175869238 0.00261101647926 0.0667504816474 0.193644054846 0.0876895516482 0.792977551151
0.0372175869238 0.00261101647926 0.0667504816474 0.193644054846 0.0876895516482 0.792977551151
0.0372175869238 0.00261101647926 0.0667504816474 0.193644054846 0.0876895516482 0.792977551151
0.0372175869238 0.00261101647926 0.0667504816474 0.193644054846 0.0876895516482 0.792977551151
0.0372175869238 0.00261101647926 0.0667504816474 0.193644054846 0.0876895516482 0.792977551151
0.0372175869238 0.00261101647926 0.0667504816474 0.193644054846 0.0876895516482 0.792977551151
0.0372175869238 0.00261101647926 0.0667504816474 0.193644054846 0.0876895516482 0.792977551151
0.0372175869238 0.00261101647926 0.0667504816474 0.193644054846 0.0876895516482 0.792977551151
0.0372175869238 0.00261101647926 0.0667504816474 0.193644054846 0.0876895516482 0.792977551151
0.109671605007 0.00769414244478 0.196676442269 0.570595522772 0.258373768118 0.508524885019
0.0372175869238 0.00261101647926 0.0667504816474 0.193644054846 0.0876895516482 0.792977551151
0.0372175869238 0.00261101647926 0.0667504816474 0.193644054846 0.0876895516482 0.792977551151
0.0372175869238 0.00261101647926 0.0667504816474 0.193644054846 0.0876895516482 0.792977551151
0.0372175869238 0.00261101647926 0.0667504816474 0.193644054846 0.0876895516482 0.792977551151
0.0372175869238 0.00261101647926 0.0667504816474 0.193644054846 0.0876895516482 0.792977551151
0.0372175869238 0.00261101647926 0.0667504816474 0.193644054846 0.0876895516482 0.792977551151
0.0372175869238 0.00261101647926 0.0667504816474 0.193644054846 0.0876895516482 0.792977551151
0.0372175869238 0.00261101647926 0.0667504816474 0.193644054846 0.0876895516482 0.792977551151
0.0372175869238 0.00261101647926 0.0667504816474 0.193644054846 0.0876895516482 0.792977551151
0.0372175869238 0.00261101647926 0.0667504816474 0.193644054846 0.0876895516482 0.792977551151
0.0372175869238 0.00261101647926 0.0667504816474 0.193644054846 0.0876895516482 0.792977551151
0.0372175869238 0.00261101647926 0.0667504816474 0.193644054846 0.0876895516482 0.792977551151
0.0372175869238 0.00261101647926 0.0667504816474 0.193644054846 0.0876895516482 0.792977551151
0.0372175869238 0.00261101647926 0.0667504816474 0.193644054846 0.0876895516482 0.792977551151
0.0372175869238 0.00261101647926 0.0667504816474 0.193644054846 0.0876895516482 0.792977551151
0.0372175869238 0.00261101647926 0.0667504816474 0.193644054846 0.0876895516482 0.792977551151
0.0372175869238 0.00261101647926 0.0667504816474 0.193644054846 0.0876895516482 0.792977551151
0.0372175869238 0.00261101647926 0.0667504816474 0.193644054846 0.0876895516482 0.792977551151
0.0372175869238 0.00261101647926 0.0667504816474 0.193644054846 0.0876895516482 0.792977551151
0.0372175869238 0.00261101647926 0.0667504816474 0.193644054846 0.0876895516482 0.792977551151
0.0372175869238 0.00261101647926 0.0667504816474 0.193644054846 0.0876895516482 0.792977551151
0.0372175869238 0.00261101647926 0.0667504816474 0.193644054846 0.0876895516482 0.792977551151
0.0372175869238 0.00261101647926 0.0667504816474 0.193644054846 0.0876895516482 0.792977551151
0.0372175869238 0.00261101647926 0.0667504816474 0.193644054846 0.0876895516482 0.792977551151
0.0372175869238 0.00261101647926 0.0667504816474 0.193644054846 0.0876895516482 0.792977551151
0.0372175869238 0.00261101647926 0.0667504816474 0.193644054846 0.0876895516482 0.792977551151
0.0372175869238 0.00261101647926 0.0667504816474 0.193644054846 0.0876895516482 0.792977551151
0.0372175869238 0.00261101647926 0.0667504816474 0.193644054846 0.0876895516482 0.792977551151
0.0372175869238 0.00261101647926 0.0667504816474 0.193644054846 0.0876895516482 0.792977551151
0.0372175869238 0.00261101647926 0.0667504816474 0.193644054846 0.0876895516482 0.792977551151
0.0372175869238 0.00261101647926 0.0667504816474 0.193644054846 0.0876895516482 0.792977551151
0.0372175869238 0.00261101647926 0.0667504816474 0.193644054846 0.0876895516482 0.792977551151
0.0372175869238 0.00261101647926 0.0667504816474 0.193644054846 0.0876895516482 0.792977551151
0.0372175869238 0.00261101647926 0.0667504816474 0.193644054846 0.0876895516482 0.792977551151
0.0372175869238 0.00261101647926 0.0667504816474 0.193644054846 0.0876895516482 0.792977551151
0.0372175869238 0.00261101647926 0.0667504816474 0.193644054846 0.0876895516482 0.792977551151
0.0372175869238 0.00261101647926 0.0667504816474 0.193644054846 0.0876895516482 0.792977551151
0.0372175869238 0.00261101647926 0.0667504816474 0.193644054846 0.0876895516482 0.792977551151
0.0372175869238 0.00261101647926 0.0667504816474 0.193644054846 0.0876895516482 0.792977551151
0.0372175869238 0.00261101647926 0.0667504816474 0.193644054846 0.0876895516482 0.792977551151
0.0372175869238 0.00261101647926 0.0667504816474 0.193644054846 0.0876895516482 0.792977551151
0.0372175869238 0.00261101647926 0.0667504816474 0.193644054846 0.0876895516482 0.792977551151
0.0372175869238 0.00261101647926 0.0667504816474 0.193644054846 0.0876895516482 0.792977551151
0.0372175869238 0.00261101647926 0.0667504816474 0.193644054846 0.0876895516482 0.792977551151
0.0372175869238 0.00261101647926 0.0667504816474 0.193644054846 0.0876895516482 0.792977551151
0.0372175869238 0.00261101647926 0.0667504816474 0.193644054846 0.0876895516482 0.792977551151
0.0372175869238 0.00261101647926 0.0667504816474 0.193644054846 0.0876895516482 0.792977551151
0.0372175869238 0.00261101647926 0.0667504816474 0.193644054846 0.0876895516482 0.792977551151
0.0372175869238 0.00261101647926 0.0667504816474 0.193644054846 0.0876895516482 0.792977551151
0.0372175869238 0.00261101647926 0.0667504816474 0.193644054846 0.0876895516482 0.792977551151
0.0372175869238 0.00261101647926 0.0667504816474 0.193644054846 0.0876895516482 0.792977551151
0.0372175869238 0.00261101647926 0.0667504816474 0.193644054846 0.0876895516482 0.792977551151
0.0372175869238 0.00261101647926 0.0667504816474 0.193644054846 0.0876895516482 0.792977551151
0.0372175869238 0.00261101647926 0.0667504816474 0.193644054846 0.0876895516482 0.792977551151
0.0372175869238 0.00261101647926 0.0667504816474 0.193644054846 0.0876895516482 0.792977551151
0.0372175869238 0.00261101647926 0.0667504816474 0.193644054846 0.0876895516482 0.792977551151
0.0372175869238 0.00261101647926 0.0667504816474 0.193644054846 0.0876895516482 0.792977551151
0.0372175869238 0.00261101647926 0.0667504816474 0.193644054846 0.0876895516482 0.792977551151
0.0372175869238 0.00261101647926 0.0667504816474 0.193644054846 0.0876895516482 0.792977551151
0.0372175869238 0.00261101647926 0.0667504816474 0.193644054846 0.0876895516482 0.792977551151
0.0372175869238 0.00261101647926 0.0667504816474 0.193644054846 0.0876895516482 0.792977551151
0.0372175869238 0.00261101647926 0.0667504816474 0.193644054846 0.0876895516482 0.792977551151
0.0372175869238 0.00261101647926 0.0667504816474 0.193644054846 0.0876895516482 0.792977551151
0.0372175869238 0.00261101647926 0.0667504816474 0.193644054846 0.0876895516482 0.792977551151
0.0372175869238 0.00261101647926 0.0667504816474 0.193644054846 0.0876895516482 0.792977551151
0.0372175869238 0.00261101647926 0.0667504816474 0.193644054846 0.0876895516482 0.792977551151
0.0372175869238 0.00261101647926 0.0667504816474 0.193644054846 0.0876895516482 0.792977551151
0.0372175869238 0.00261101647926 0.0667504816474 0.193644054846 0.0876895516482 0.792977551151
0.0285817623845 0.00200515658204 0.0512645523821 0.14871505266 0.0673456289224 0.608689099731
0.0372175869238 0.00261101647926 0.0667504816474 0.193644054846 0.0876895516482 0.792977551151
0.0372175869238 0.00261101647926 0.0667504816474 0.193644054846 0.0876895516482 0.792977551151
0.0372175869238 0.00261101647926 0.0667504816474 0.193644054846 0.0876895516482 0.792977551151
0.0372175869238 0.00261101647926 0.0667504816474 0.193644054846 0.0876895516482 0.792977551151
0.0372175869238 0.00261101647926 0.0667504816474 0.193644054846 0.0876895516482 0.792977551151
0.0372175869238 0.00261101647926 0.0667504816474 0.193644054846 0.0876895516482 0.792977551151
0.0372175869238 0.00261101647926 0.0667504816474 0.193644054846 0.0876895516482 0.792977551151
0.0372175869238 0.00261101647926 0.0667504816474 0.193644054846 0.0876895516482 0.792977551151
0.0372175869238 0.00261101647926 0.0667504816474 0.193644054846 0.0876895516482 0.792977551151
0.0372175869238 0.00261101647926 0.0667504816474 0.193644054846 0.0876895516482 0.792977551151
0.0372175869238 0.00261101647926 0.0667504816474 0.193644054846 0.0876895516482 0.792977551151
0.0372175869238 0.00261101647926 0.0667504816474 0.193644054846 0.0876895516482 0.792977551151
0.0372175869238 0.00261101647926 0.0667504816474 0.193644054846 0.0876895516482 0.792977551151
0.0372175869238 0.00261101647926 0.0667504816474 0.193644054846 0.0876895516482 0.792977551151
0.0372175869238 0.00261101647926 0.0667504816474 0.193644054846 0.0876895516482 0.792977551151
0.0372175869238 0.00261101647926 0.0667504816474 0.193644054846 0.0876895516482 0.792977551151
0.0372175869238 0.00261101647926 0.0667504816474 0.193644054846 0.0876895516482 0.792977551151
0.0372175869238 0.00261101647926 0.0667504816474 0.193644054846 0.0876895516482 0.792977551151
0.0372175869238 0.00261101647926 0.0667504816474 0.193644054846 0.0876895516482 0.792977551151
0.0372175869238 0.00261101647926 0.0667504816474 0.193644054846 0.0876895516482 0.792977551151
0.0372175869238 0.00261101647926 0.0667504816474 0.193644054846 0.0876895516482 0.792977551151
0.0372175869238 0.00261101647926 0.0667504816474 0.193644054846 0.0876895516482 0.792977551151
0.0372175869238 0.00261101647926 0.0667504816474 0.193644054846 0.0876895516482 0.792977551151
0.0372175869238 0.00261101647926 0.0667504816474 0.193644054846 0.0876895516482 0.792977551151
0.0372175869238 0.00261101647926 0.0667504816474 0.193644054846 0.0876895516482 0.792977551151
0.0372175869238 0.00261101647926 0.0667504816474 0.193644054846 0.0876895516482 0.792977551151
0.0372175869238 0.00261101647926 0.0667504816474 0.193644054846 0.0876895516482 0.792977551151
0.0372175869238 0.00261101647926 0.0667504816474 0.193644054846 0.0876895516482 0.792977551151
0.0372175869238 0.00261101647926 0.0667504816474 0.193644054846 0.0876895516482 0.792977551151
0.0372175869238 0.00261101647926 0.0667504816474 0.193644054846 0.0876895516482 0.792977551151
0.0372175869238 0.00261101647926 0.0667504816474 0.193644054846 0.0876895516482 0.792977551151
0.0372175869238 0.00261101647926 0.0667504816474 0.193644054846 0.0876895516482 0.792977551151
0.0372175869238 0.00261101647926 0.0667504816474 0.193644054846 0.0876895516482 0.792977551151
0.0372175869238 0.00261101647926 0.0667504816474 0.193644054846 0.0876895516482 0.792977551151
0.0372175869238 0.00261101647926 0.0667504816474 0.193644054846 0.0876895516482 0.792977551151
0.0372175869238 0.00261101647926 0.0667504816474 0.193644054846 0.0876895516482 0.792977551151
0.0372175869238 0.00261101647926 0.0667504816474 0.193644054846 0.0876895516482 0.792977551151
0.0372175869238 0.00261101647926 0.0667504816474 0.193644054846 0.0876895516482 0.792977551151
0.0372175869238 0.00261101647926 0.0667504816474 0.193644054846 0.0876895516482 0.792977551151
0.0372175869238 0.00261101647926 0.0667504816474 0.193644054846 0.0876895516482 0.792977551151
0.0372175869238 0.00261101647926 0.0667504816474 0.193644054846 0.0876895516482 0.792977551151
0.0372175869238 0.00261101647926 0.0667504816474 0.193644054846 0.0876895516482 0.792977551151
0.0372175869238 0.00261101647926 0.0667504816474 0.193644054846 0.0876895516482 0.792977551151
0.0372175869238 0.00261101647926 0.0667504816474 0.193644054846 0.0876895516482 0.792977551151
0.0372175869238 0.00261101647926 0.0667504816474 0.193644054846 0.0876895516482 0.792977551151
0.0372175869238 0.00261101647926 0.0667504816474 0.193644054846 0.0876895516482 0.792977551151
0.0372175869238 0.00261101647926 0.0667504816474 0.193644054846 0.0876895516482 0.792977551151
0.0372175869238 0.00261101647926 0.0667504816474 0.193644054846 0.0876895516482 0.792977551151
0.0372175869238 0.00261101647926 0.0667504816474 0.193644054846 0.0876895516482 0.792977551151
0.0372175869238 0.00261101647926 0.0667504816474 0.193644054846 0.0876895516482 0.792977551151
0.0372175869238 0.00261101647926 0.0667504816474 0.193644054846 0.0876895516482 0.792977551151
0.0372175869238 0.00261101647926 0.0667504816474 0.193644054846 0.0876895516482 0.792977551151
0.0372175869238 0.00261101647926 0.0667504816474 0.193644054846 0.0876895516482 0.792977551151
0.0372175869238 0.00261101647926 0.0667504816474 0.193644054846 0.0876895516482 0.792977551151
0.0372175869238 0.00261101647926 0.0667504816474 0.193644054846 0.0876895516482 0.792977551151
0.0372175869238 0.00261101647926 0.0667504816474 0.193644054846 0.0876895516482 0.792977551151
0.0372175869238 0.00261101647926 0.0667504816474 0.193644054846 0.0876895516482 0.792977551151
0.0644221720621 0.00451959707639 0.115534275161 0.180128370426 0.0876895516482 0.792977551151
0.0282672065039 0.00198308841788 0.0507004846321 0.147078534713 0.0666046110266 0.60197647885
0.0372175869238 0.00261101647926 0.0667504816474 0.193644054846 0.0876895516482 0.792977551151
0.0372175869238 0.00261101647926 0.0667504816474 0.193644054846 0.0876895516482 0.792977551151
0.0372175869238 0.00261101647926 0.0667504816474 0.193644054846 0.0876895516482 0.792977551151
0.0372175869238 0.00261101647926 0.0667504816474 0.193644054846 0.0876895516482 0.792977551151
0.0372175869238 0.00261101647926 0.0667504816474 0.193644054846 0.0876895516482 0.792977551151
0.0372175869238 0.00261101647926 0.0667504816474 0.193644054846 0.0876895516482 0.792977551151
0.0372175869238 0.00261101647926 0.0667504816474 0.193644054846 0.0876895516482 0.792977551151
0.0372175869238 0.00261101647926 0.0667504816474 0.193644054846 0.0876895516482 0.792977551151
0.0372175869238 0.00261101647926 0.0667504816474 0.193644054846 0.0876895516482 0.792977551151
0.0372175869238 0.00261101647926 0.0667504816474 0.193644054846 0.0876895516482 0.792977551151
0.0372175869238 0.00261101647926 0.0667504816474 0.193644054846 0.0876895516482 0.792977551151
0.0372175869238 0.00261101647926 0.0667504816474 0.193644054846 0.0876895516482 0.792977551151
0.0372175869238 0.00261101647926 0.0667504816474 0.193644054846 0.0876895516482 0.792977551151
0.0343760672065 0.00241166517979 0.0616550129812 0.178860678342 0.0809956155581 0.732339534945
0.0372175869238 0.00261101647926 0.0667504816474 0.193644054846 0.0876895516482 0.792977551151
0.0384514351231 0.0026975790466 0.0689630423418 0.200063310841 0.0905962008405 0.819307865403
0.0372175869238 0.00261101647926 0.0667504816474 0.193644054846 0.0876895516482 0.792977551151
0.0372175869238 0.00261101647926 0.0667504816474 0.193644054846 0.0876895516482 0.792977551151
0.0372175869238 0.00261101647926 0.0667504816474 0.193644054846 0.0876895516482 0.792977551151
0.0372175869238 0.00261101647926 0.0667504816474 0.193644054846 0.0876895516482 0.792977551151
0.0353709722301 0.00248146431161 0.063439096105 0.184036801337 0.0833393721764 0.75357080305
0.0372175869238 0.00261101647926 0.0667504816474 0.193644054846 0.0876895516482 0.792977551151
0.0372175869238 0.00261101647926 0.0667504816474 0.193644054846 0.0876895516482 0.792977551151
