0.178661162692 0.208761334971 0.101739236687 0.201264061357 0.210587850722 0.562259981855
0.0243018190094 0.0578626820284 0.030887768424 0.532770057387 0.307106258971 0.385552306731
0.169359413968 0.0305295961937 0.0806800415895 0.331487200883 0.511355568175 0.0698195168503
0.0279723629017 0.0277566825665 0.0320206490713 0.00332352792948 0.471911697309 0.747480691826
0.299844044843 0.0499301045697 0.0979785080777 0.202836082715 0.664146040731 0.134723916833
0.0128531961405 0.0430112530492 0.0171568085612 0.0564780415396 0.628756504702 0.497213878026
0.0146380796711 0.00929951084801 0.00292900582522 0.0073047923674 0.320932301011 0.48025214024
0.130587452865 0.0153523045949 0.0108894515871 0.00700252654713 0.0136876537892 0.734698692614
0.055204802716 0.0313614983125 0.00320320423048 0.386736121692 0.575328965193 0.0105627552123
0.0111711256752 0.00172533065069 0.00519999905952 0.000432790928015 0.764669306212 0.0645230050202
0.00104832819132 0.000268194021713 0.134803158368 0.0691581404346 0.169216738379 0.793363164477
0.542162039971 0.282256305293 0.48912030024 0.154497043445 0.285777351282 0.255716103419
0.00348159708695 0.0181227118278 0.00658990089383 0.000485210205175 0.0278443676981 0.703410225641
0.0256432027185 0.0444429817048 0.076394234481 0.0786665097883 0.0783530950356 0.730079529108
0.0126864588692 0.0266963292106 0.0375938682239 0.0908051515812 0.637834238168 0.318981666833
0.14315250198 0.0882706966428 0.12679946808 0.548615363952 0.0938541831436 0.269318325201
0.0032500789817 0.00138804721682 0.531492754193 0.25534909334 0.558761577419 0.495706412834
0.0261427407238 0.0123000153686 0.0165891512698 0.00774296635042 0.00772928140394 0.798848524551
0.0499959728929 0.0947352006825 0.164119331905 0.00535623296873 0.880540196133 0.101247975848
0.0303047825886 0.0432672430585 0.140019464423 0.274141195791 0.684331800761 0.241327778131
0.149808826684 0.0519338935963 0.40011787477 0.370589105145 0.484603598289 0.480885038923
0.0157577355461 0.00702332001259 0.136826292365 0.118116688779 0.446650144272 0.475091084447
0.196382881015 0.115183866934 0.189374084007 0.0419228858153 0.272122113708 0.296925364393
0.0574759766063 0.262730346197 0.108591200309 0.409076184725 0.121505864925 0.343664231042
0.392326480945 0.0366981892483 0.74790570511 0.249359321941 0.188958206244 0.486266814101
0.0499204001749 0.124718102335 0.05967897037 0.16053997957 0.118351388325 0.648387937492
0.0173229093666 0.0652359235125 0.0107420394006 0.0320360365924 0.0111945121173 0.674379281953
0.0451407375797 0.0909892735276 0.0547462412003 0.0420246034616 0.128270757636 0.540564532771
0.0370819193571 0.0044698067106 0.0305996201991 0.112085698914 0.799465701444 0.161212893299
0.00120555041588 0.0068722843334 0.0054590927118 0.0154135217859 0.0539830168006 0.610216391641
0.273460827795 0.640638702197 0.910528116393 0.623022288351 0.165236008564 0.297964384686
0.0682709990317 0.12332565465 0.149340590612 0.0956750256751 0.124759900627 0.633972194019
0.171081757356 0.0972862162995 0.357236051668 0.58774871674 0.17945648442 0.206489955311
0.362423376136 0.135748872631 0.152155596404 0.348113003017 0.297691856921 0.249223626514
0.0102177492874 0.0316913876445 0.00949979849135 0.70964073662 0.371580717081 0.166133401264
0.00324774279281 0.029141088318 0.0193787040402 0.00629751557114 0.0323637537574 0.889249275907
0.168779733892 0.0340613116954 0.00748104991295 0.915280295949 0.174069493955 0.0212359949657
7.13923091067e-05 7.36341062625e-05 0.000735222851763 0.00405742889919 0.00501504264311 0.661624242398
0.0210494616681 0.00849070705726 0.253734636436 0.0849050602375 0.00350786661713 0.546043686241
0.120652171175 0.0176995663083 0.200529613642 0.225930167598 0.483555519108 0.290329877266
0.0148269143109 0.201157433148 0.184826912058 0.31096964651 0.367922751393 0.327752315554
0.0356836617579 0.0046568360411 0.136065300586 0.120925242358 0.302515773788 0.876043415307
0.202515794493 0.428386849183 0.105857824563 0.297463054621 0.341640983225 0.580122369403
0.00539804921588 0.0200238931606 0.0682944562134 0.00593379683484 0.100094217904 0.662590610426
0.103078361684 0.0267048689196 0.0882867057724 0.0355880830612 0.725549919272 0.245240641058
0.438133578306 0.0224917013184 0.270268430495 0.123837459631 0.195819175645 0.149908750888
0.00356817071907 0.00219068482997 0.0484085881116 0.394894232269 0.327087092979 0.074539175722
0.033800310261 0.057528715659 0.0686361515723 0.263515248845 0.107202874885 0.817071088272
0.139179612259 0.240634809396 0.325412562081 0.162893789696 0.44062425836 0.513785859546
0.00193445613812 0.00630932046347 0.0126141353941 0.00927653245888 0.369368514674 0.596971053524
0.178661162692 0.208761334971 0.101739236687 0.201264061357 0.210587850722 0.562259981855
0.178661162692 0.208761334971 0.101739236687 0.201264061357 0.210587850722 0.562259981855
0.178661162692 0.208761334971 0.101739236687 0.201264061357 0.210587850722 0.562259981855
0.178661162692 0.208761334971 0.101739236687 0.201264061357 0.210587850722 0.562259981855
0.178661162692 0.208761334971 0.101739236687 0.201264061357 0.210587850722 0.562259981855
0.178661162692 0.208761334971 0.101739236687 0.201264061357 0.210587850722 0.562259981855
0.169317363375 0.197842977102 0.0964224762893 0.190739328981 0.199551792076 0.53285740299
0.178661162692 0.208761334971 0.101739236687 0.201264061357 0.210587850722 0.562259981855
0.178661162692 0.208761334971 0.101739236687 0.201264061357 0.210587850722 0.562259981855
0.178661162692 0.208761334971 0.101739236687 0.201264061357 0.210587850722 0.562259981855
0.178661162692 0.208761334971 0.101739236687 0.201264061357 0.210587850722 0.562259981855
0.178661162692 0.208761334971 0.101739236687 0.201264061357 0.210587850722 0.562259981855
0.182728387808 0.213513943397 0.10405354808 0.205845330119 0.215391692659 0.575058513107
0.178661162692 0.208761334971 0.101739236687 0.201264061357 0.210587850722 0.562259981855
0.178661162692 0.208761334971 0.101739236687 0.201264061357 0.210587850722 0.562259981855
0.178661162692 0.208761334971 0.101739236687 0.201264061357 0.210587850722 0.562259981855
0.178661162692 0.208761334971 0.101739236687 0.201264061357 0.210587850722 0.562259981855
0.178661162692 0.208761334971 0.101739236687 0.201264061357 0.210587850722 0.562259981855
0.178661162692 0.208761334971 0.101739236687 0.201264061357 0.210587850722 0.562259981855
0.178661162692 0.208761334971 0.101739236687 0.201264061357 0.210587850722 0.562259981855
0.178661162692 0.208761334971 0.101739236687 0.201264061357 0.210587850722 0.562259981855
0.178661162692 0.208761334971 0.101739236687 0.201264061357 0.210587850722 0.562259981855
0.178661162692 0.208761334971 0.101739236687 0.201264061357 0.210587850722 0.562259981855
0.178661162692 0.208761334971 0.101739236687 0.201264061357 0.210587850722 0.562259981855
0.178661162692 0.208761334971 0.101739236687 0.201264061357 0.210587850722 0.562259981855
0.0535862216175 0.287528202811 0.101739236687 0.201264061357 0.210587850722 0.562259981855
0.178661162692 0.208761334971 0.101739236687 0.201264061357 0.210587850722 0.562259981855
0.178661162692 0.208761334971 0.101739236687 0.201264061357 0.210587850722 0.562259981855
0.178661162692 0.208761334971 0.101739236687 0.201264061357 0.210587850722 0.562259981855
0.178661162692 0.208761334971 0.101739236687 0.201264061357 0.210587850722 0.562259981855
0.178661162692 0.208761334971 0.101739236687 0.201264061357 0.210587850722 0.562259981855
0.178661162692 0.208761334971 0.101739236687 0.201264061357 0.210587850722 0.562259981855
0.178661162692 0.208761334971 0.101739236687 0.201264061357 0.210587850722 0.562259981855
0.178661162692 0.208761334971 0.101739236687 0.201264061357 0.210587850722 0.562259981855
0.178661162692 0.208761334971 0.101739236687 0.201264061357 0.210587850722 0.562259981855
0.178661162692 0.208761334971 0.101739236687 0.201264061357 0.210587850722 0.562259981855
0.178661162692 0.208761334971 0.101739236687 0.201264061357 0.210587850722 0.562259981855
0.178661162692 0.208761334971 0.101739236687 0.201264061357 0.210587850722 0.562259981855
0.178661162692 0.208761334971 0.101739236687 0.201264061357 0.210587850722 0.562259981855
0.178661162692 0.208761334971 0.101739236687 0.201264061357 0.210587850722 0.562259981855
0.178661162692 0.208761334971 0.101739236687 0.201264061357 0.210587850722 0.562259981855
0.178661162692 0.208761334971 0.101739236687 0.201264061357 0.210587850722 0.562259981855
0.178661162692 0.208761334971 0.101739236687 0.201264061357 0.210587850722 0.562259981855
0.178661162692 0.208761334971 0.101739236687 0.201264061357 0.210587850722 0.562259981855
0.178661162692 0.208761334971 0.101739236687 0.201264061357 0.210587850722 0.562259981855
0.178661162692 0.208761334971 0.101739236687 0.201264061357 0.210587850722 0.562259981855
0.178661162692 0.208761334971 0.101739236687 0.201264061357 0.210587850722 0.562259981855
0.178661162692 0.208761334971 0.101739236687 0.201264061357 0.210587850722 0.562259981855
0.178661162692 0.208761334971 0.101739236687 0.201264061357 0.210587850722 0.562259981855
0.178661162692 0.208761334971 0.101739236687 0.201264061357 0.210587850722 0.562259981855
0.178661162692 0.208761334971 0.101739236687 0.201264061357 0.210587850722 0.562259981855
0.178661162692 0.208761334971 0.101739236687 0.201264061357 0.210587850722 0.562259981855
0.178661162692 0.208761334971 0.101739236687 0.201264061357 0.210587850722 0.562259981855
0.178661162692 0.208761334971 0.101739236687 0.201264061357 0.210587850722 0.562259981855
0.178661162692 0.208761334971 0.101739236687 0.201264061357 0.210587850722 0.562259981855
0.178661162692 0.208761334971 0.101739236687 0.201264061357 0.210587850722 0.562259981855
0.178661162692 0.208761334971 0.101739236687 0.201264061357 0.210587850722 0.562259981855
0.178661162692 0.208761334971 0.101739236687 0.201264061357 0.210587850722 0.562259981855
0.178661162692 0.208761334971 0.101739236687 0.201264061357 0.210587850722 0.562259981855
0.178661162692 0.208761334971 0.101739236687 0.201264061357 0.210587850722 0.562259981855
0.178661162692 0.208761334971 0.101739236687 0.201264061357 0.210587850722 0.562259981855
0.178661162692 0.208761334971 0.101739236687 0.201264061357 0.210587850722 0.562259981855
0.178661162692 0.208761334971 0.101739236687 0.201264061357 0.210587850722 0.562259981855
0.178661162692 0.208761334971 0.101739236687 0.201264061357 0.210587850722 0.562259981855
0.178661162692 0.208761334971 0.101739236687 0.201264061357 0.210587850722 0.562259981855
0.178661162692 0.208761334971 0.101739236687 0.201264061357 0.210587850722 0.562259981855
0.178661162692 0.208761334971 0.101739236687 0.201264061357 0.210587850722 0.562259981855
0.178661162692 0.208761334971 0.101739236687 0.201264061357 0.210587850722 0.562259981855
0.178661162692 0.208761334971 0.101739236687 0.201264061357 0.210587850722 0.562259981855
0.178661162692 0.208761334971 0.101739236687 0.201264061357 0.210587850722 0.562259981855
0.178661162692 0.208761334971 0.101739236687 0.201264061357 0.210587850722 0.562259981855
0.178661162692 0.208761334971 0.101739236687 0.201264061357 0.210587850722 0.562259981855
0.178661162692 0.208761334971 0.101739236687 0.201264061357 0.210587850722 0.562259981855
0.178661162692 0.208761334971 0.101739236687 0.201264061357 0.210587850722 0.562259981855
0.178661162692 0.208761334971 0.101739236687 0.201264061357 0.210587850722 0.562259981855
0.178661162692 0.208761334971 0.101739236687 0.201264061357 0.210587850722 0.562259981855
0.178661162692 0.208761334971 0.101739236687 0.201264061357 0.210587850722 0.562259981855
0.178661162692 0.208761334971 0.101739236687 0.201264061357 0.210587850722 0.562259981855
0.178661162692 0.208761334971 0.101739236687 0.201264061357 0.210587850722 0.562259981855
0.178661162692 0.208761334971 0.101739236687 0.201264061357 0.210587850722 0.562259981855
0.178661162692 0.208761334971 0.101739236687 0.201264061357 0.210587850722 0.562259981855
0.178661162692 0.208761334971 0.101739236687 0.201264061357 0.210587850722 0.562259981855
0.178661162692 0.208761334971 0.101739236687 0.201264061357 0.210587850722 0.562259981855
0.178661162692 0.208761334971 0.101739236687 0.201264061357 0.210587850722 0.562259981855
0.178661162692 0.208761334971 0.101739236687 0.201264061357 0.210587850722 0.562259981855
0.178661162692 0.208761334971 0.101739236687 0.201264061357 0.210587850722 0.562259981855
0.178661162692 0.208761334971 0.101739236687 0.201264061357 0.210587850722 0.562259981855
0.178661162692 0.208761334971 0.101739236687 0.201264061357 0.210587850722 0.562259981855
0.178661162692 0.208761334971 0.101739236687 0.201264061357 0.210587850722 0.562259981855
0.178661162692 0.208761334971 0.101739236687 0.201264061357 0.210587850722 0.562259981855
0.178661162692 0.208761334971 0.101739236687 0.201264061357 0.210587850722 0.562259981855
0.178661162692 0.208761334971 0.101739236687 0.201264061357 0.210587850722 0.562259981855
0.178661162692 0.208761334971 0.101739236687 0.201264061357 0.210587850722 0.562259981855
0.178661162692 0.208761334971 0.101739236687 0.201264061357 0.210587850722 0.562259981855
0.196150000596 0.229197282332 0.111690644664 0.220963257876 0.231244099317 0.61729294231
0.178661162692 0.208761334971 0.101739236687 0.201264061357 0.210587850722 0.562259981855
0.178661162692 0.208761334971 0.101739236687 0.201264061357 0.210587850722 0.562259981855
0.178661162692 0.208761334971 0.101739236687 0.201264061357 0.210587850722 0.562259981855
0.178661162692 0.208761334971 0.101739236687 0.201264061357 0.210587850722 0.562259981855
0.178661162692 0.208761334971 0.101739236687 0.201264061357 0.210587850722 0.562259981855
0.178661162692 0.208761334971 0.101739236687 0.201264061357 0.210587850722 0.562259981855
0.178661162692 0.208761334971 0.101739236687 0.201264061357 0.210587850722 0.562259981855
0.178661162692 0.208761334971 0.101739236687 0.201264061357 0.210587850722 0.562259981855
0.178661162692 0.208761334971 0.101739236687 0.201264061357 0.210587850722 0.562259981855
0.178661162692 0.208761334971 0.101739236687 0.201264061357 0.210587850722 0.562259981855
0.178661162692 0.208761334971 0.101739236687 0.201264061357 0.210587850722 0.562259981855
0.178661162692 0.208761334971 0.101739236687 0.201264061357 0.210587850722 0.562259981855
0.178661162692 0.208761334971 0.101739236687 0.201264061357 0.210587850722 0.562259981855
0.178661162692 0.208761334971 0.101739236687 0.201264061357 0.210587850722 0.562259981855
0.178661162692 0.208761334971 0.101739236687 0.201264061357 0.210587850722 0.562259981855
0.178661162692 0.208761334971 0.101739236687 0.201264061357 0.210587850722 0.562259981855
0.178661162692 0.208761334971 0.101739236687 0.201264061357 0.210587850722 0.562259981855
0.178661162692 0.208761334971 0.101739236687 0.201264061357 0.210587850722 0.562259981855
0.178661162692 0.208761334971 0.101739236687 0.201264061357 0.210587850722 0.562259981855
0.178661162692 0.208761334971 0.101739236687 0.201264061357 0.210587850722 0.562259981855
0.178661162692 0.208761334971 0.101739236687 0.201264061357 0.210587850722 0.562259981855
0.178661162692 0.208761334971 0.101739236687 0.201264061357 0.210587850722 0.562259981855
0.178661162692 0.208761334971 0.101739236687 0.201264061357 0.210587850722 0.562259981855
0.178661162692 0.208761334971 0.101739236687 0.201264061357 0.210587850722 0.562259981855
0.178661162692 0.208761334971 0.101739236687 0.201264061357 0.210587850722 0.562259981855
0.178661162692 0.208761334971 0.101739236687 0.201264061357 0.210587850722 0.562259981855
0.178661162692 0.208761334971 0.101739236687 0.201264061357 0.210587850722 0.562259981855
0.178661162692 0.208761334971 0.101739236687 0.201264061357 0.210587850722 0.562259981855
0.178661162692 0.208761334971 0.101739236687 0.201264061357 0.210587850722 0.562259981855
0.178661162692 0.208761334971 0.101739236687 0.201264061357 0.210587850722 0.562259981855
0.178661162692 0.208761334971 0.101739236687 0.201264061357 0.210587850722 0.562259981855
0.178661162692 0.208761334971 0.101739236687 0.201264061357 0.210587850722 0.562259981855
0.178661162692 0.208761334971 0.101739236687 0.201264061357 0.210587850722 0.562259981855
0.178661162692 0.208761334971 0.101739236687 0.201264061357 0.210587850722 0.562259981855
0.178661162692 0.208761334971 0.101739236687 0.201264061357 0.210587850722 0.562259981855
0.178661162692 0.208761334971 0.101739236687 0.201264061357 0.210587850722 0.562259981855
0.253516196461 0.00689884004471 0.101739236687 0.201264061357 0.210587850722 0.562259981855
0.178661162692 0.208761334971 0.101739236687 0.201264061357 0.210587850722 0.562259981855
0.178661162692 0.208761334971 0.101739236687 0.201264061357 0.210587850722 0.562259981855
0.178661162692 0.208761334971 0.101739236687 0.201264061357 0.210587850722 0.562259981855
0.178661162692 0.208761334971 0.101739236687 0.201264061357 0.210587850722 0.562259981855
0.178661162692 0.208761334971 0.101739236687 0.201264061357 0.210587850722 0.562259981855
0.178661162692 0.208761334971 0.101739236687 0.201264061357 0.210587850722 0.562259981855
0.178661162692 0.208761334971 0.101739236687 0.201264061357 0.210587850722 0.562259981855
0.178661162692 0.208761334971 0.101739236687 0.201264061357 0.210587850722 0.562259981855
0.178661162692 0.208761334971 0.101739236687 0.201264061357 0.210587850722 0.562259981855
0.178661162692 0.208761334971 0.101739236687 0.201264061357 0.210587850722 0.562259981855
0.178661162692 0.208761334971 0.101739236687 0.201264061357 0.210587850722 0.562259981855
0.178661162692 0.208761334971 0.101739236687 0.201264061357 0.210587850722 0.562259981855
0.178661162692 0.208761334971 0.101739236687 0.201264061357 0.210587850722 0.562259981855
0.178661162692 0.208761334971 0.101739236687 0.201264061357 0.210587850722 0.562259981855
0.170677206042 0.19943197194 0.0971962469406 0.192271037834 0.201157916404 0.537136484745
0.178661162692 0.208761334971 0.101739236687 0.201264061357 0.210587850722 0.562259981855
0.178661162692 0.208761334971 0.101739236687 0.201264061357 0.210587850722 0.562259981855
0.178661162692 0.208761334971 0.101739236687 0.201264061357 0.210587850722 0.562259981855
0.178661162692 0.208761334971 0.101739236687 0.201264061357 0.210587850722 0.562259981855
0.178661162692 0.208761334971 0.101739236687 0.201264061357 0.210587850722 0.562259981855
0.178661162692 0.208761334971 0.101739236687 0.201264061357 0.210587850722 0.562259981855
0.178661162692 0.208761334971 0.101739236687 0.201264061357 0.210587850722 0.562259981855
0.178661162692 0.208761334971 0.101739236687 0.201264061357 0.210587850722 0.562259981855
0.178661162692 0.208761334971 0.101739236687 0.201264061357 0.210587850722 0.562259981855
0.178661162692 0.208761334971 0.101739236687 0.201264061357 0.210587850722 0.562259981855
0.178661162692 0.208761334971 0.101739236687 0.201264061357 0.210587850722 0.562259981855
0.184982848204 0.216148311342 0.105336369465 0.208384724594 0.21805445931 0.582152731165
0.178661162692 0.208761334971 0.101739236687 0.201264061357 0.210587850722 0.562259981855
0.178661162692 0.208761334971 0.101739236687 0.201264061357 0.210587850722 0.562259981855
0.178661162692 0.208761334971 0.101739236687 0.201264061357 0.210587850722 0.562259981855
0.178661162692 0.208761334971 0.101739236687 0.201264061357 0.210587850722 0.562259981855
0.178661162692 0.208761334971 0.101739236687 0.201264061357 0.210587850722 0.562259981855
0.178661162692 0.208761334971 0.101739236687 0.201264061357 0.210587850722 0.562259981855
0.178661162692 0.208761334971 0.101739236687 0.201264061357 0.210587850722 0.562259981855
0.178661162692 0.208761334971 0.101739236687 0.201264061357 0.210587850722 0.562259981855
0.178661162692 0.208761334971 0.101739236687 0.201264061357 0.210587850722 0.562259981855
0.178661162692 0.208761334971 0.101739236687 0.201264061357 0.210587850722 0.562259981855
0.178661162692 0.208761334971 0.101739236687 0.201264061357 0.210587850722 0.562259981855
0.178661162692 0.208761334971 0.101739236687 0.201264061357 0.210587850722 0.562259981855
0.178661162692 0.208761334971 0.101739236687 0.201264061357 0.210587850722 0.562259981855
0.178661162692 0.208761334971 0.101739236687 0.201264061357 0.210587850722 0.562259981855
0.178661162692 0.208761334971 0.101739236687 0.201264061357 0.210587850722 0.562259981855
0.178661162692 0.208761334971 0.101739236687 0.201264061357 0.210587850722 0.562259981855
0.178661162692 0.208761334971 0.101739236687 0.201264061357 0.210587850722 0.562259981855
0.178661162692 0.208761334971 0.101739236687 0.201264061357 0.210587850722 0.562259981855
0.178661162692 0.208761334971 0.101739236687 0.201264061357 0.210587850722 0.562259981855
0.178661162692 0.208761334971 0.101739236687 0.201264061357 0.210587850722 0.562259981855
0.178661162692 0.208761334971 0.101739236687 0.201264061357 0.210587850722 0.562259981855
0.178661162692 0.208761334971 0.101739236687 0.201264061357 0.210587850722 0.562259981855
0.178661162692 0.208761334971 0.101739236687 0.201264061357 0.210587850722 0.562259981855
0.178661162692 0.208761334971 0.101739236687 0.201264061357 0.210587850722 0.562259981855
0.178661162692 0.208761334971 0.101739236687 0.201264061357 0.210587850722 0.562259981855
0.178661162692 0.208761334971 0.101739236687 0.201264061357 0.210587850722 0.562259981855
0.178661162692 0.208761334971 0.101739236687 0.201264061357 0.210587850722 0.562259981855
0.178661162692 0.208761334971 0.101739236687 0.201264061357 0.210587850722 0.562259981855
0.178661162692 0.208761334971 0.101739236687 0.201264061357 0.210587850722 0.562259981855
0.178661162692 0.208761334971 0.101739236687 0.201264061357 0.210587850722 0.562259981855
0.178661162692 0.208761334971 0.101739236687 0.201264061357 0.210587850722 0.562259981855
0.181168309815 0.211690970828 0.103165840573 0.20408807883 0.213549068295 0.570149341278
0.185082586033 0.216264856365 0.105393121768 0.20849706797 0.218172260699 0.582466580949
0.178661162692 0.208761334971 0.101739236687 0.201264061357 0.210587850722 0.562259981855
0.178661162692 0.208761334971 0.101739236687 0.201264061357 0.210587850722 0.562259981855
0.178661162692 0.208761334971 0.101739236687 0.201264061357 0.210587850722 0.562259981855
0.178661162692 0.208761334971 0.101739236687 0.201264061357 0.210587850722 0.562259981855
0.178661162692 0.208761334971 0.101739236687 0.201264061357 0.210587850722 0.562259981855
0.178661162692 0.208761334971 0.101739236687 0.201264061357 0.210587850722 0.562259981855
0.178661162692 0.208761334971 0.101739236687 0.201264061357 0.210587850722 0.562259981855
0.2000598888 0.233765922824 0.113926674719 0.158176205556 0.210587850722 0.562259981855
0.200945070008 0.234800386817 0.114419110195 0.226364360874 0.236907605755 0.632381816007
0.178661162692 0.208761334971 0.101739236687 0.201264061357 0.210587850722 0.562259981855
0.178661162692 0.208761334971 0.101739236687 0.201264061357 0.210587850722 0.562259981855
0.178661162692 0.208761334971 0.101739236687 0.201264061357 0.210587850722 0.562259981855
0.178661162692 0.208761334971 0.101739236687 0.201264061357 0.210587850722 0.562259981855
0.178661162692 0.208761334971 0.101739236687 0.201264061357 0.210587850722 0.562259981855
0.178661162692 0.208761334971 0.101739236687 0.201264061357 0.210587850722 0.562259981855
0.178661162692 0.208761334971 0.101739236687 0.201264061357 0.210587850722 0.562259981855
0.178661162692 0.208761334971 0.101739236687 0.201264061357 0.210587850722 0.562259981855
0.178661162692 0.208761334971 0.101739236687 0.201264061357 0.210587850722 0.562259981855
0.178661162692 0.208761334971 0.101739236687 0.201264061357 0.210587850722 0.562259981855
0.178661162692 0.208761334971 0.101739236687 0.201264061357 0.210587850722 0.562259981855
0.178661162692 0.208761334971 0.101739236687 0.201264061357 0.210587850722 0.562259981855
0.178661162692 0.208761334971 0.101739236687 0.201264061357 0.210587850722 0.562259981855
0.178661162692 0.208761334971 0.101739236687 0.201264061357 0.210587850722 0.562259981855
0.178661162692 0.208761334971 0.101739236687 0.201264061357 0.210587850722 0.562259981855
0.178661162692 0.208761334971 0.101739236687 0.201264061357 0.210587850722 0.562259981855
0.321788206354 0.376006465324 0.183255863731 0.362518258837 0.379708774446 0.0967892929322
0.178661162692 0.208761334971 0.101739236687 0.201264061357 0.210587850722 0.562259981855
0.178661162692 0.208761334971 0.101739236687 0.201264061357 0.210587850722 0.562259981855
0.178661162692 0.208761334971 0.101739236687 0.201264061357 0.210587850722 0.562259981855
0.178661162692 0.208761334971 0.101739236687 0.201264061357 0.210587850722 0.562259981855
0.178661162692 0.208761334971 0.101739236687 0.201264061357 0.210587850722 0.562259981855
0.178661162692 0.208761334971 0.101739236687 0.201264061357 0.210587850722 0.562259981855
0.178661162692 0.208761334971 0.101739236687 0.201264061357 0.210587850722 0.562259981855
0.178661162692 0.208761334971 0.101739236687 0.201264061357 0.210587850722 0.562259981855
0.178661162692 0.208761334971 0.101739236687 0.201264061357 0.210587850722 0.562259981855
0.178661162692 0.208761334971 0.101739236687 0.201264061357 0.210587850722 0.562259981855
0.178661162692 0.208761334971 0.101739236687 0.201264061357 0.210587850722 0.562259981855
0.178661162692 0.208761334971 0.101739236687 0.201264061357 0.210587850722 0.562259981855
0.178661162692 0.208761334971 0.101739236687 0.201264061357 0.210587850722 0.562259981855
0.178661162692 0.208761334971 0.101739236687 0.201264061357 0.210587850722 0.562259981855
0.168407289775 0.196779543597 0.0959046309081 0.189714234076 0.198476894673 0.529993631
0.178661162692 0.208761334971 0.101739236687 0.201264061357 0.210587850722 0.562259981855
0.178661162692 0.208761334971 0.101739236687 0.201264061357 0.210587850722 0.562259981855
0.178661162692 0.208761334971 0.101739236687 0.201264061357 0.210587850722 0.562259981855
0.178661162692 0.208761334971 0.101739236687 0.201264061357 0.210587850722 0.562259981855
0.178661162692 0.208761334971 0.101739236687 0.201264061357 0.210587850722 0.562259981855
0.178661162692 0.208761334971 0.101739236687 0.201264061357 0.210587850722 0.562259981855
0.178661162692 0.208761334971 0.101739236687 0.201264061357 0.210587850722 0.562259981855
0.178661162692 0.208761334971 0.101739236687 0.201264061357 0.210587850722 0.562259981855
0.178661162692 0.208761334971 0.101739236687 0.201264061357 0.210587850722 0.562259981855
0.185461301507 0.2167073906 0.105608616487 0.208923648089 0.21861956549 0.583658302996
0.178661162692 0.208761334971 0.101739236687 0.201264061357 0.210587850722 0.562259981855
0.178661162692 0.208761334971 0.101739236687 0.201264061357 0.210587850722 0.562259981855
0.178661162692 0.208761334971 0.101739236687 0.201264061357 0.210587850722 0.562259981855
0.178661162692 0.208761334971 0.101739236687 0.201264061357 0.210587850722 0.562259981855
0.178661162692 0.208761334971 0.101739236687 0.201264061357 0.210587850722 0.562259981855
0.178661162692 0.208761334971 0.101739236687 0.201264061357 0.210587850722 0.562259981855
0.178661162692 0.208761334971 0.101739236687 0.201264061357 0.210587850722 0.562259981855
0.178661162692 0.208761334971 0.101739236687 0.201264061357 0.210587850722 0.562259981855
0.178661162692 0.208761334971 0.101739236687 0.201264061357 0.210587850722 0.562259981855
0.178661162692 0.208761334971 0.101739236687 0.201264061357 0.210587850722 0.562259981855
0.178661162692 0.208761334971 0.101739236687 0.201264061357 0.210587850722 0.562259981855
0.178661162692 0.208761334971 0.101739236687 0.201264061357 0.210587850722 0.562259981855
0.178661162692 0.208761334971 0.101739236687 0.201264061357 0.210587850722 0.562259981855
0.178661162692 0.208761334971 0.101739236687 0.201264061357 0.210587850722 0.562259981855
0.178661162692 0.208761334971 0.101739236687 0.201264061357 0.210587850722 0.562259981855
0.178661162692 0.208761334971 0.101739236687 0.201264061357 0.210587850722 0.562259981855
0.178661162692 0.208761334971 0.101739236687 0.201264061357 0.210587850722 0.562259981855
0.178661162692 0.208761334971 0.101739236687 0.201264061357 0.210587850722 0.562259981855
0.178661162692 0.208761334971 0.101739236687 0.201264061357 0.210587850722 0.562259981855
0.178661162692 0.208761334971 0.101739236687 0.201264061357 0.210587850722 0.562259981855
0.178661162692 0.208761334971 0.101739236687 0.201264061357 0.210587850722 0.562259981855
0.178661162692 0.208761334971 0.101739236687 0.201264061357 0.210587850722 0.562259981855
0.178661162692 0.208761334971 0.101739236687 0.201264061357 0.210587850722 0.562259981855
0.211642574699 0.247300386775 0.12052348174 0.238422595404 0.0674593838285 0.562259981855
0.178661162692 0.208761334971 0.101739236687 0.201264061357 0.210587850722 0.562259981855
0.178661162692 0.208761334971 0.101739236687 0.201264061357 0.210587850722 0.562259981855
0.178661162692 0.208761334971 0.101739236687 0.201264061357 0.210587850722 0.562259981855
0.178661162692 0.208761334971 0.101739236687 0.201264061357 0.210587850722 0.562259981855
0.178661162692 0.208761334971 0.101739236687 0.201264061357 0.210587850722 0.562259981855
0.178661162692 0.208761334971 0.101739236687 0.201264061357 0.210587850722 0.562259981855
0.178661162692 0.208761334971 0.101739236687 0.201264061357 0.210587850722 0.562259981855
0.178661162692 0.208761334971 0.101739236687 0.201264061357 0.210587850722 0.562259981855
0.178661162692 0.208761334971 0.101739236687 0.201264061357 0.210587850722 0.562259981855
0.178661162692 0.208761334971 0.101739236687 0.201264061357 0.210587850722 0.562259981855
0.178661162692 0.208761334971 0.101739236687 0.201264061357 0.210587850722 0.562259981855
0.171727930195 0.200659757548 0.0977941245703 0.193454559668 0.202398937638 0.540442848536
0.178661162692 0.208761334971 0.101739236687 0.201264061357 0.210587850722 0.562259981855
0.178661162692 0.208761334971 0.101739236687 0.201264061357 0.210587850722 0.562259981855
0.178661162692 0.208761334971 0.101739236687 0.201264061357 0.210587850722 0.562259981855
0.178661162692 0.208761334971 0.101739236687 0.201264061357 0.210587850722 0.562259981855
0.178661162692 0.208761334971 0.101739236687 0.201264061357 0.210587850722 0.562259981855
0.178661162692 0.208761334971 0.101739236687 0.201264061357 0.210587850722 0.562259981855
0.178661162692 0.208761334971 0.101739236687 0.201264061357 0.210587850722 0.562259981855
0.178661162692 0.208761334971 0.101739236687 0.201264061357 0.210587850722 0.562259981855
0.178661162692 0.208761334971 0.101739236687 0.201264061357 0.210587850722 0.562259981855
0.178661162692 0.208761334971 0.101739236687 0.201264061357 0.210587850722 0.562259981855
0.178661162692 0.208761334971 0.101739236687 0.201264061357 0.210587850722 0.562259981855
0.178661162692 0.208761334971 0.101739236687 0.201264061357 0.210587850722 0.562259981855
0.178661162692 0.208761334971 0.101739236687 0.201264061357 0.210587850722 0.562259981855
0.178661162692 0.208761334971 0.101739236687 0.201264061357 0.210587850722 0.562259981855
0.178661162692 0.208761334971 0.101739236687 0.201264061357 0.210587850722 0.562259981855
0.178661162692 0.208761334971 0.101739236687 0.201264061357 0.210587850722 0.562259981855
0.178661162692 0.208761334971 0.101739236687 0.201264061357 0.210587850722 0.562259981855
0.178661162692 0.208761334971 0.101739236687 0.201264061357 0.210587850722 0.562259981855
0.178661162692 0.208761334971 0.101739236687 0.201264061357 0.210587850722 0.562259981855
0.178661162692 0.208761334971 0.101739236687 0.201264061357 0.210587850722 0.562259981855
0.178661162692 0.208761334971 0.101739236687 0.201264061357 0.210587850722 0.562259981855
0.178661162692 0.208761334971 0.101739236687 0.201264061357 0.210587850722 0.562259981855
0.178661162692 0.208761334971 0.101739236687 0.201264061357 0.210587850722 0.562259981855
0.178661162692 0.208761334971 0.101739236687 0.201264061357 0.210587850722 0.562259981855
0.178661162692 0.208761334971 0.101739236687 0.201264061357 0.210587850722 0.562259981855
0.178661162692 0.208761334971 0.101739236687 0.201264061357 0.210587850722 0.562259981855
0.178661162692 0.208761334971 0.101739236687 0.201264061357 0.210587850722 0.562259981855
0.178661162692 0.208761334971 0.101739236687 0.201264061357 0.210587850722 0.562259981855
0.178661162692 0.208761334971 0.101739236687 0.201264061357 0.210587850722 0.562259981855
0.178661162692 0.208761334971 0.101739236687 0.201264061357 0.210587850722 0.562259981855
0.178661162692 0.208761334971 0.101739236687 0.201264061357 0.210587850722 0.562259981855
0.178661162692 0.208761334971 0.101739236687 0.201264061357 0.210587850722 0.562259981855
0.178661162692 0.208761334971 0.101739236687 0.201264061357 0.210587850722 0.562259981855
0.178661162692 0.208761334971 0.101739236687 0.201264061357 0.210587850722 0.562259981855
0.178661162692 0.208761334971 0.101739236687 0.201264061357 0.210587850722 0.562259981855
0.178661162692 0.208761334971 0.101739236687 0.201264061357 0.210587850722 0.562259981855
0.178661162692 0.208761334971 0.101739236687 0.201264061357 0.210587850722 0.562259981855
0.178661162692 0.208761334971 0.101739236687 0.201264061357 0.210587850722 0.562259981855
0.178661162692 0.208761334971 0.101739236687 0.201264061357 0.210587850722 0.562259981855
0.178661162692 0.208761334971 0.101739236687 0.201264061357 0.210587850722 0.562259981855
0.178661162692 0.208761334971 0.101739236687 0.201264061357 0.210587850722 0.562259981855
0.178661162692 0.208761334971 0.101739236687 0.201264061357 0.210587850722 0.562259981855
0.180752124431 0.211204652489 0.102929024919 0.203619293099 0.213057507404 0.56883971088
0.178661162692 0.208761334971 0.101739236687 0.201264061357 0.210587850722 0.562259981855
0.178661162692 0.208761334971 0.101739236687 0.201264061357 0.210587850722 0.562259981855
0.178661162692 0.208761334971 0.101739236687 0.201264061357 0.210587850722 0.562259981855
0.178661162692 0.208761334971 0.101739236687 0.201264061357 0.210587850722 0.562259981855
0.178661162692 0.208761334971 0.101739236687 0.201264061357 0.210587850722 0.562259981855
0.178661162692 0.208761334971 0.101739236687 0.201264061357 0.210587850722 0.562259981855
0.178661162692 0.208761334971 0.101739236687 0.201264061357 0.210587850722 0.562259981855
0.178661162692 0.208761334971 0.101739236687 0.201264061357 0.210587850722 0.562259981855
0.178661162692 0.208761334971 0.101739236687 0.201264061357 0.210587850722 0.562259981855
0.178661162692 0.208761334971 0.101739236687 0.201264061357 0.210587850722 0.562259981855
0.178661162692 0.208761334971 0.101739236687 0.201264061357 0.210587850722 0.562259981855
0.178661162692 0.208761334971 0.101739236687 0.201264061357 0.210587850722 0.562259981855
0.178661162692 0.208761334971 0.101739236687 0.201264061357 0.210587850722 0.562259981855
0.178661162692 0.208761334971 0.101739236687 0.201264061357 0.210587850722 0.562259981855
0.178661162692 0.208761334971 0.101739236687 0.201264061357 0.210587850722 0.562259981855
0.178661162692 0.208761334971 0.101739236687 0.201264061357 0.210587850722 0.562259981855
0.178661162692 0.208761334971 0.101739236687 0.201264061357 0.210587850722 0.562259981855
0.178661162692 0.208761334971 0.101739236687 0.201264061357 0.210587850722 0.562259981855
0.178661162692 0.208761334971 0.101739236687 0.201264061357 0.210587850722 0.562259981855
0.178661162692 0.208761334971 0.101739236687 0.201264061357 0.210587850722 0.562259981855
0.178661162692 0.208761334971 0.101739236687 0.201264061357 0.210587850722 0.562259981855
0.178661162692 0.208761334971 0.101739236687 0.201264061357 0.210587850722 0.562259981855
0.178661162692 0.208761334971 0.101739236687 0.201264061357 0.210587850722 0.562259981855
0.178661162692 0.208761334971 0.101739236687 0.201264061357 0.210587850722 0.562259981855
0.178661162692 0.208761334971 0.101739236687 0.201264061357 0.210587850722 0.562259981855
0.178661162692 0.208761334971 0.101739236687 0.201264061357 0.210587850722 0.562259981855
0.206024741067 0.240735901868 0.117323898788 0.232093258679 0.10857719743 0.562259981855
0.178661162692 0.208761334971 0.101739236687 0.201264061357 0.210587850722 0.562259981855
0.178661162692 0.208761334971 0.101739236687 0.201264061357 0.210587850722 0.562259981855
0.178661162692 0.208761334971 0.101739236687 0.201264061357 0.210587850722 0.562259981855
0.178661162692 0.208761334971 0.101739236687 0.201264061357 0.210587850722 0.562259981855
0.178661162692 0.208761334971 0.101739236687 0.201264061357 0.210587850722 0.562259981855
0.178661162692 0.208761334971 0.101739236687 0.201264061357 0.210587850722 0.562259981855
0.178661162692 0.208761334971 0.101739236687 0.201264061357 0.210587850722 0.562259981855
0.167482170919 0.195698529505 0.0953782245526 0.188672192393 0.197384227164 0.527082515389
0.178661162692 0.208761334971 0.101739236687 0.201264061357 0.210587850722 0.562259981855
0.178661162692 0.208761334971 0.101739236687 0.201264061357 0.210587850722 0.562259981855
0.178661162692 0.208761334971 0.101739236687 0.201264061357 0.210587850722 0.562259981855
0.178661162692 0.208761334971 0.101739236687 0.201264061357 0.210587850722 0.562259981855
0.178661162692 0.208761334971 0.101739236687 0.201264061357 0.210587850722 0.562259981855
0.178661162692 0.208761334971 0.101739236687 0.201264061357 0.210587850722 0.562259981855
0.172934543334 0.202069733045 0.124966581158 0.201264061357 0.210587850722 0.562259981855
0.178661162692 0.208761334971 0.101739236687 0.201264061357 0.210587850722 0.562259981855
0.178661162692 0.208761334971 0.101739236687 0.201264061357 0.210587850722 0.562259981855
0.178661162692 0.208761334971 0.101739236687 0.201264061357 0.210587850722 0.562259981855
0.178661162692 0.208761334971 0.101739236687 0.201264061357 0.210587850722 0.562259981855
0.178744591738 0.208858822958 0.101786709051 0.201358034736 0.210686389638 0.562522512014
0.178661162692 0.208761334971 0.101739236687 0.201264061357 0.210587850722 0.562259981855
0.178661162692 0.208761334971 0.101739236687 0.201264061357 0.210587850722 0.562259981855
0.178661162692 0.208761334971 0.101739236687 0.201264061357 0.210587850722 0.562259981855
0.178661162692 0.208761334971 0.101739236687 0.201264061357 0.210587850722 0.562259981855
0.178661162692 0.208761334971 0.101739236687 0.201264061357 0.210587850722 0.562259981855
0.178661162692 0.208761334971 0.101739236687 0.201264061357 0.210587850722 0.562259981855
0.178661162692 0.208761334971 0.101739236687 0.201264061357 0.210587850722 0.562259981855
0.178661162692 0.208761334971 0.101739236687 0.201264061357 0.210587850722 0.562259981855
0.178661162692 0.208761334971 0.101739236687 0.201264061357 0.210587850722 0.562259981855
0.178661162692 0.208761334971 0.101739236687 0.201264061357 0.210587850722 0.562259981855
0.178661162692 0.208761334971 0.101739236687 0.201264061357 0.210587850722 0.562259981855
0.178661162692 0.208761334971 0.101739236687 0.201264061357 0.210587850722 0.562259981855
0.178661162692 0.208761334971 0.101739236687 0.201264061357 0.210587850722 0.562259981855
0.178661162692 0.208761334971 0.101739236687 0.201264061357 0.210587850722 0.562259981855
0.178661162692 0.208761334971 0.101739236687 0.201264061357 0.210587850722 0.562259981855
0.178661162692 0.208761334971 0.101739236687 0.201264061357 0.210587850722 0.562259981855
0.178661162692 0.208761334971 0.101739236687 0.201264061357 0.210587850722 0.562259981855
0.178661162692 0.208761334971 0.101739236687 0.201264061357 0.210587850722 0.562259981855
0.178661162692 0.208761334971 0.101739236687 0.201264061357 0.210587850722 0.562259981855
0.178661162692 0.208761334971 0.101739236687 0.201264061357 0.210587850722 0.562259981855
0.178661162692 0.208761334971 0.101739236687 0.201264061357 0.210587850722 0.562259981855
0.178661162692 0.208761334971 0.101739236687 0.201264061357 0.210587850722 0.562259981855
0.178661162692 0.208761334971 0.101739236687 0.201264061357 0.210587850722 0.562259981855
0.178661162692 0.208761334971 0.101739236687 0.201264061357 0.210587850722 0.562259981855
0.178661162692 0.208761334971 0.101739236687 0.201264061357 0.210587850722 0.562259981855
0.178661162692 0.208761334971 0.101739236687 0.201264061357 0.210587850722 0.562259981855
0.178661162692 0.208761334971 0.101739236687 0.201264061357 0.210587850722 0.562259981855
0.178661162692 0.208761334971 0.101739236687 0.201264061357 0.210587850722 0.562259981855
0.178661162692 0.208761334971 0.101739236687 0.201264061357 0.210587850722 0.562259981855
0.178661162692 0.208761334971 0.101739236687 0.201264061357 0.210587850722 0.562259981855
0.178661162692 0.208761334971 0.101739236687 0.201264061357 0.210587850722 0.562259981855
0.178661162692 0.208761334971 0.101739236687 0.201264061357 0.210587850722 0.562259981855
0.178661162692 0.208761334971 0.101739236687 0.201264061357 0.210587850722 0.562259981855
0.178661162692 0.208761334971 0.101739236687 0.201264061357 0.210587850722 0.562259981855
0.178661162692 0.208761334971 0.101739236687 0.201264061357 0.210587850722 0.562259981855
0.178661162692 0.208761334971 0.101739236687 0.201264061357 0.210587850722 0.562259981855
0.178661162692 0.208761334971 0.101739236687 0.201264061357 0.210587850722 0.562259981855
0.178661162692 0.208761334971 0.101739236687 0.201264061357 0.210587850722 0.562259981855
0.178661162692 0.208761334971 0.101739236687 0.201264061357 0.210587850722 0.562259981855
0.178661162692 0.208761334971 0.101739236687 0.201264061357 0.210587850722 0.562259981855
0.178661162692 0.208761334971 0.101739236687 0.201264061357 0.210587850722 0.562259981855
0.178661162692 0.208761334971 0.101739236687 0.201264061357 0.210587850722 0.562259981855
0.178661162692 0.208761334971 0.101739236687 0.201264061357 0.210587850722 0.562259981855
0.178661162692 0.208761334971 0.101739236687 0.201264061357 0.210587850722 0.562259981855
0.178661162692 0.208761334971 0.101739236687 0.201264061357 0.210587850722 0.562259981855
0.178661162692 0.208761334971 0.101739236687 0.201264061357 0.210587850722 0.562259981855
0.178661162692 0.208761334971 0.101739236687 0.201264061357 0.210587850722 0.562259981855
0.178661162692 0.208761334971 0.101739236687 0.201264061357 0.210587850722 0.562259981855
0.178661162692 0.208761334971 0.101739236687 0.201264061357 0.210587850722 0.562259981855
0.178661162692 0.208761334971 0.101739236687 0.201264061357 0.210587850722 0.562259981855
0.178661162692 0.208761334971 0.101739236687 0.201264061357 0.210587850722 0.562259981855
0.178661162692 0.208761334971 0.101739236687 0.201264061357 0.210587850722 0.562259981855
0.178661162692 0.208761334971 0.101739236687 0.201264061357 0.210587850722 0.562259981855
0.170920626791 0.199716412429 0.0973347569577 0.192545223756 0.201445423184 0.537902468422
0.178661162692 0.208761334971 0.101739236687 0.201264061357 0.210587850722 0.562259981855
0.178661162692 0.208761334971 0.101739236687 0.201264061357 0.210587850722 0.562259981855
0.178661162692 0.208761334971 0.101739236687 0.201264061357 0.210587850722 0.562259981855
0.178661162692 0.208761334971 0.101739236687 0.201264061357 0.210587850722 0.562259981855
0.178661162692 0.208761334971 0.101739236687 0.201264061357 0.210587850722 0.562259981855
0.178661162692 0.208761334971 0.101739236687 0.201264061357 0.210587850722 0.562259981855
0.178661162692 0.208761334971 0.101739236687 0.201264061357 0.210587850722 0.562259981855
0.178661162692 0.208761334971 0.101739236687 0.201264061357 0.210587850722 0.562259981855
0.178661162692 0.208761334971 0.101739236687 0.201264061357 0.210587850722 0.562259981855
0.178661162692 0.208761334971 0.101739236687 0.201264061357 0.210587850722 0.562259981855
0.178661162692 0.208761334971 0.101739236687 0.201264061357 0.210587850722 0.562259981855
0.178661162692 0.208761334971 0.101739236687 0.201264061357 0.210587850722 0.562259981855
0.178661162692 0.208761334971 0.101739236687 0.201264061357 0.210587850722 0.562259981855
0.133220523203 0.15566357315 0.075858958809 0.259984247457 0.210587850722 0.562259981855
0.178661162692 0.208761334971 0.101739236687 0.201264061357 0.210587850722 0.562259981855
0.178661162692 0.208761334971 0.101739236687 0.201264061357 0.210587850722 0.562259981855
0.178661162692 0.208761334971 0.101739236687 0.201264061357 0.210587850722 0.562259981855
0.178661162692 0.208761334971 0.101739236687 0.201264061357 0.210587850722 0.562259981855
0.178661162692 0.208761334971 0.101739236687 0.201264061357 0.210587850722 0.562259981855
0.178661162692 0.208761334971 0.101739236687 0.201264061357 0.210587850722 0.562259981855
0.178661162692 0.208761334971 0.101739236687 0.201264061357 0.210587850722 0.562259981855
0.178661162692 0.208761334971 0.101739236687 0.201264061357 0.210587850722 0.562259981855
0.178661162692 0.208761334971 0.101739236687 0.201264061357 0.210587850722 0.562259981855
0.178661162692 0.208761334971 0.101739236687 0.201264061357 0.210587850722 0.562259981855
0.178661162692 0.208761334971 0.101739236687 0.201264061357 0.210587850722 0.562259981855
0.178661162692 0.208761334971 0.101739236687 0.201264061357 0.210587850722 0.562259981855
0.160892949817 0.187998934125 0.0916288599533 0.181250180623 0.18960162955 0.506347899236
