0.00276417861141 0.000815062740282 0.00549717786018 0.0836707102901 0.0571623269535 0.544655815846
0.0155070052487 0.00450040077192 0.205757578964 0.0313783386184 0.348596424016 0.59120561303
0.0033993022763 0.00419410972587 0.0063212001178 0.00723970025122 0.106618496693 0.401124636022
0.0127762718975 0.0443345456532 0.225333081426 0.573517330357 0.0358474732979 0.251890104958
0.00109910179802 0.00362303524996 0.089059475439 0.132421458347 0.406751275808 0.00654101151294
0.120334555722 0.0836665080609 0.0206152547951 0.255992873594 0.000104006586806 0.207286677363
0.0387981068252 0.139102501701 0.347583006837 0.0584474019177 0.138703546248 0.333650995826
0.107297855765 0.00550717502151 0.303557486968 0.193532748946 0.00868992413292 0.0338020726905
0.00180472820174 0.000190546215961 0.00480949207716 0.0147501549909 0.0336639102235 0.595635655447
0.0623631675831 0.0206043794593 0.460419639669 0.272701197361 0.202070845388 0.00887444725953
0.0205732588735 0.022528465146 0.358699055999 0.837914074867 0.0621282154419 0.2347115322
0.0120348342787 0.0977587836574 0.048911865135 0.0332114747368 0.560735483839 0.0686035272886
0.00341092037306 0.0345623513237 0.477725996276 0.111753676562 0.0274791992511 0.00296188893617
6.7257594397e-05 0.00166919063611 0.00168866704038 0.0458146303777 0.0530243922414 0.655233859867
0.128993051138 0.0656040426424 0.194095717536 0.171356561338 0.120789299612 0.180278896565
3.45565789793e-05 3.81862497438e-05 0.000417670636322 0.000604002454187 0.367941199485 0.426729425901
0.000102231246092 0.000157916224644 0.00309780012303 0.00514628762551 0.333547590943 0.298467479889
0.077933604997 0.0578655684188 0.0858640992341 0.114913572894 0.0723709421706 0.352304566763
0.0540313459868 0.0481284776468 0.458292238963 0.0274562742831 0.313989611812 0.169391431502
0.070947359311 0.0596611733436 0.0336145060182 0.745197234168 0.0688067623156 0.001098495549
0.00729559536456 0.0250775012067 0.0153382946275 0.603891728138 0.0922056723695 0.00614691759166
0.00661976781126 0.032161283166 0.0717598078559 0.101778215024 0.106830903839 0.733932045167
0.0127096167893 0.00147090027071 0.0193203559706 0.0947544300345 0.0180024240975 0.722731063219
0.00145153812295 5.93553845154e-05 0.00219019299054 0.00854607415769 0.0138754638413 0.313772785405
0.00787787360648 0.00443442956239 0.176952719977 0.0709602827844 0.432001456389 0.0611192875131
0.134092839423 0.00472465766895 0.236111338943 0.219688456523 0.00250056981741 0.190735423217
0.0300330072458 0.0113635085945 0.0635422599413 0.0342347276967 0.108539753638 0.380807823014
0.215199952643 0.0308550496859 0.0822654721428 0.221808822 0.158024606556 0.0510705749625
0.00399407339539 0.00958870529408 8.06742072154e-05 0.00566378653768 0.000502078726617 0.445517531411
0.0392978808877 0.0152213051554 0.0962397906191 0.00185944002632 0.000927838223352 0.581995998977
0.00025814531178 6.12225300423e-06 0.00598770423772 0.000123863547482 0.0295989459319 0.287536267806
0.0323437865071 0.0844643580449 0.471292176679 0.157772850408 0.166867181576 0.193479698423
0.0993012923382 0.0119361387397 0.0582716756131 0.0389557218467 0.212237966191 0.076470204201
0.00361393852671 0.170789838837 0.0397821241166 0.159590820806 0.364486125461 0.172273509159
0.441391652595 0.0644818274696 0.267051780172 0.0448242105199 0.193236819796 0.140416019866
0.00139158485928 3.05836105849e-05 0.000228011225773 0.00109271026243 0.261239738505 0.490292807142
0.00501919941943 0.00410822182493 0.00933623738739 0.00274494437936 0.0154310082417 0.90623326009
0.0308078986988 0.000261071053027 0.111703995723 0.294047871692 0.135283319155 0.244150357432
0.0108206000443 0.00143827491883 0.130103170322 0.0651650728968 0.0230298479932 0.459849770449
0.0359268511025 0.00987329939681 0.0650450066626 0.161996223297 0.808407907787 4.17485711856e-05
0.0102596596726 0.00746143556003 0.066534477388 0.177901082491 0.403191868903 0.312442396373
0.0291796162647 0.0419293558188 0.556313948735 0.19310037786 0.0656279797271 0.334051946939
0.067261755232 0.0813546958036 0.218736914526 0.0120812046791 0.351666556221 0.00243702729364
0.00174605927507 0.00387587620135 0.0242619613504 0.0755911832337 0.599801235611 0.139536072446
0.00076107928158 0.00249482807158 0.00383241570523 0.33627049337 0.312021781805 0.190054167159
0.0155755432323 0.0254651632134 0.0374834082865 0.28296019201 0.165818648872 0.537147701381
0.000569613417806 0.0121293818553 0.00192188645339 0.0944987859365 0.00625969227426 0.296720348844
0.00427870683179 0.0313922637791 0.0128296034796 0.136158979531 0.344191403639 0.117039987615
0.00133573469244 0.000815254359794 0.00875915780395 0.104831121734 0.140462009986 0.101168120324
0.0105360442351 0.00995654498253 0.278790139547 0.00223098001864 0.0629419428472 0.214364761525
0.00276417861141 0.000815062740282 0.00549717786018 0.0836707102901 0.0571623269535 0.544655815846
0.00276417861141 0.000815062740282 0.00549717786018 0.0836707102901 0.0571623269535 0.544655815846
0.00276417861141 0.000815062740282 0.00549717786018 0.0836707102901 0.0571623269535 0.544655815846
0.00276417861141 0.000815062740282 0.00549717786018 0.0836707102901 0.0571623269535 0.544655815846
0.00276417861141 0.000815062740282 0.00549717786018 0.0836707102901 0.0571623269535 0.544655815846
0.00276417861141 0.000815062740282 0.00549717786018 0.0836707102901 0.0571623269535 0.544655815846
0.00276417861141 0.000815062740282 0.00549717786018 0.0836707102901 0.0571623269535 0.544655815846
0.00276417861141 0.000815062740282 0.00549717786018 0.0836707102901 0.0571623269535 0.544655815846
0.00276417861141 0.000815062740282 0.00549717786018 0.0836707102901 0.0571623269535 0.544655815846
0.00291930667309 0.000860762064614 0.00580535159337 0.0883575043352 0.0603641636215 0.575195145282
0.00276417861141 0.000815062740282 0.00549717786018 0.0836707102901 0.0571623269535 0.544655815846
0.00276417861141 0.000815062740282 0.00549717786018 0.0836707102901 0.0571623269535 0.544655815846
0.00276417861141 0.000815062740282 0.00549717786018 0.0836707102901 0.0571623269535 0.544655815846
0.00276417861141 0.000815062740282 0.00549717786018 0.0836707102901 0.0571623269535 0.544655815846
0.00276417861141 0.000815062740282 0.00549717786018 0.0836707102901 0.0571623269535 0.544655815846
0.00276417861141 0.000815062740282 0.00549717786018 0.0836707102901 0.0571623269535 0.544655815846
0.00276417861141 0.000815062740282 0.00549717786018 0.0836707102901 0.0571623269535 0.544655815846
0.00276417861141 0.000815062740282 0.00549717786018 0.0836707102901 0.0571623269535 0.544655815846
0.00276417861141 0.000815062740282 0.00549717786018 0.0836707102901 0.0571623269535 0.544655815846
0.00338339988705 0.000997479729205 0.0067273081804 0.102378883111 0.04299162439 0.544655815846
0.00276417861141 0.000815062740282 0.00549717786018 0.0836707102901 0.0571623269535 0.544655815846
0.00276417861141 0.000815062740282 0.00549717786018 0.0836707102901 0.0571623269535 0.544655815846
0.00276417861141 0.000815062740282 0.00549717786018 0.0836707102901 0.0571623269535 0.544655815846
0.00276417861141 0.000815062740282 0.00549717786018 0.0836707102901 0.0571623269535 0.544655815846
0.00276417861141 0.000815062740282 0.00549717786018 0.0836707102901 0.0571623269535 0.544655815846
0.00276417861141 0.000815062740282 0.00549717786018 0.0836707102901 0.0571623269535 0.544655815846
0.00276417861141 0.000815062740282 0.00549717786018 0.0836707102901 0.0571623269535 0.544655815846
0.00276417861141 0.000815062740282 0.00549717786018 0.0836707102901 0.0571623269535 0.544655815846
0.00276417861141 0.000815062740282 0.00549717786018 0.0836707102901 0.0571623269535 0.544655815846
0.00276417861141 0.000815062740282 0.00549717786018 0.0836707102901 0.0571623269535 0.544655815846
0.00276417861141 0.000815062740282 0.00549717786018 0.0836707102901 0.0571623269535 0.544655815846
0.00276417861141 0.000815062740282 0.00549717786018 0.0836707102901 0.0571623269535 0.544655815846
0.00276417861141 0.000815062740282 0.00549717786018 0.0836707102901 0.0571623269535 0.544655815846
0.00276417861141 0.000815062740282 0.00549717786018 0.0836707102901 0.0571623269535 0.544655815846
0.00276417861141 0.000815062740282 0.00549717786018 0.0836707102901 0.0571623269535 0.544655815846
0.00276417861141 0.000815062740282 0.00549717786018 0.0836707102901 0.0571623269535 0.544655815846
0.00276417861141 0.000815062740282 0.00549717786018 0.0836707102901 0.0571623269535 0.544655815846
0.00276417861141 0.000815062740282 0.00549717786018 0.0836707102901 0.0571623269535 0.544655815846
0.00276417861141 0.000815062740282 0.00549717786018 0.0836707102901 0.0571623269535 0.544655815846
0.00276417861141 0.000815062740282 0.00549717786018 0.0836707102901 0.0571623269535 0.544655815846
0.00276417861141 0.000815062740282 0.00549717786018 0.0836707102901 0.0571623269535 0.544655815846
0.00276417861141 0.000815062740282 0.00549717786018 0.0836707102901 0.0571623269535 0.544655815846
0.00276417861141 0.000815062740282 0.00549717786018 0.0836707102901 0.0571623269535 0.544655815846
0.00276417861141 0.000815062740282 0.00549717786018 0.0836707102901 0.0571623269535 0.544655815846
0.00276417861141 0.000815062740282 0.00549717786018 0.0836707102901 0.0571623269535 0.544655815846
0.00276417861141 0.000815062740282 0.00549717786018 0.0836707102901 0.0571623269535 0.544655815846
0.00276417861141 0.000815062740282 0.00549717786018 0.0836707102901 0.0571623269535 0.544655815846
0.00276417861141 0.000815062740282 0.00549717786018 0.0836707102901 0.0571623269535 0.544655815846
0.0162790346651 0.00479641713497 0.0323454708034 0.491987208207 0.336108387436 0.0470595727408
0.00276417861141 0.000815062740282 0.00549717786018 0.0836707102901 0.0571623269535 0.544655815846
0.00276417861141 0.000815062740282 0.00549717786018 0.0836707102901 0.0571623269535 0.544655815846
0.00276417861141 0.000815062740282 0.00549717786018 0.0836707102901 0.0571623269535 0.544655815846
0.00276417861141 0.000815062740282 0.00549717786018 0.0836707102901 0.0571623269535 0.544655815846
0.00276417861141 0.000815062740282 0.00549717786018 0.0836707102901 0.0571623269535 0.544655815846
0.00276417861141 0.000815062740282 0.00549717786018 0.0836707102901 0.0571623269535 0.544655815846
0.00276417861141 0.000815062740282 0.00549717786018 0.0836707102901 0.0571623269535 0.544655815846
0.00276417861141 0.000815062740282 0.00549717786018 0.0836707102901 0.0571623269535 0.544655815846
0.00276417861141 0.000815062740282 0.00549717786018 0.0836707102901 0.0571623269535 0.544655815846
0.00276417861141 0.000815062740282 0.00549717786018 0.0836707102901 0.0571623269535 0.544655815846
0.00276417861141 0.000815062740282 0.00549717786018 0.0836707102901 0.0571623269535 0.544655815846
0.00276417861141 0.000815062740282 0.00549717786018 0.0836707102901 0.0571623269535 0.544655815846
0.00276417861141 0.000815062740282 0.00549717786018 0.0836707102901 0.0571623269535 0.544655815846
0.00276417861141 0.000815062740282 0.00549717786018 0.0836707102901 0.0571623269535 0.544655815846
0.00276417861141 0.000815062740282 0.00549717786018 0.0836707102901 0.0571623269535 0.544655815846
0.00276417861141 0.000815062740282 0.00549717786018 0.0836707102901 0.0571623269535 0.544655815846
0.00276417861141 0.000815062740282 0.00549717786018 0.0836707102901 0.0571623269535 0.544655815846
0.00276417861141 0.000815062740282 0.00549717786018 0.0836707102901 0.0571623269535 0.544655815846
0.00276417861141 0.000815062740282 0.00549717786018 0.0836707102901 0.0571623269535 0.544655815846
0.00276417861141 0.000815062740282 0.00549717786018 0.0836707102901 0.0571623269535 0.544655815846
0.00276417861141 0.000815062740282 0.00549717786018 0.0836707102901 0.0571623269535 0.544655815846
0.00276417861141 0.000815062740282 0.00549717786018 0.0836707102901 0.0571623269535 0.544655815846
0.00276417861141 0.000815062740282 0.00549717786018 0.0836707102901 0.0571623269535 0.544655815846
0.00276417861141 0.000815062740282 0.00549717786018 0.0836707102901 0.0571623269535 0.544655815846
0.00276417861141 0.000815062740282 0.00549717786018 0.0836707102901 0.0571623269535 0.544655815846
0.00276417861141 0.000815062740282 0.00549717786018 0.0836707102901 0.0571623269535 0.544655815846
0.00276417861141 0.000815062740282 0.00549717786018 0.0836707102901 0.0571623269535 0.544655815846
0.00276417861141 0.000815062740282 0.00549717786018 0.0836707102901 0.0571623269535 0.544655815846
0.00276417861141 0.000815062740282 0.00549717786018 0.0836707102901 0.0571623269535 0.544655815846
0.00276417861141 0.000815062740282 0.00549717786018 0.0836707102901 0.0571623269535 0.544655815846
0.00276417861141 0.000815062740282 0.00549717786018 0.0836707102901 0.0571623269535 0.544655815846
0.00276417861141 0.000815062740282 0.00549717786018 0.0836707102901 0.0571623269535 0.544655815846
0.00276417861141 0.000815062740282 0.00549717786018 0.0836707102901 0.0571623269535 0.544655815846
0.00276417861141 0.000815062740282 0.00549717786018 0.0836707102901 0.0571623269535 0.544655815846
0.00276417861141 0.000815062740282 0.00549717786018 0.0836707102901 0.0571623269535 0.544655815846
0.00276417861141 0.000815062740282 0.00549717786018 0.0836707102901 0.0571623269535 0.544655815846
0.00276417861141 0.000815062740282 0.00549717786018 0.0836707102901 0.0571623269535 0.544655815846
0.00276417861141 0.000815062740282 0.00549717786018 0.0836707102901 0.0571623269535 0.544655815846
0.00276417861141 0.000815062740282 0.00549717786018 0.0836707102901 0.0571623269535 0.544655815846
0.00276417861141 0.000815062740282 0.00549717786018 0.0836707102901 0.0571623269535 0.544655815846
0.00276417861141 0.000815062740282 0.00549717786018 0.0836707102901 0.0571623269535 0.544655815846
0.00288989863771 0.000852098723293 0.00528552506647 0.0836707102901 0.0571623269535 0.544655815846
0.00276417861141 0.000815062740282 0.00549717786018 0.0836707102901 0.0571623269535 0.544655815846
0.00276417861141 0.000815062740282 0.00549717786018 0.0836707102901 0.0571623269535 0.544655815846
0.00276417861141 0.000815062740282 0.00549717786018 0.0836707102901 0.0571623269535 0.544655815846
0.00276417861141 0.000815062740282 0.00549717786018 0.0836707102901 0.0571623269535 0.544655815846
0.00276417861141 0.000815062740282 0.00549717786018 0.0836707102901 0.0571623269535 0.544655815846
0.00276417861141 0.000815062740282 0.00549717786018 0.0836707102901 0.0571623269535 0.544655815846
0.00276417861141 0.000815062740282 0.00549717786018 0.0836707102901 0.0571623269535 0.544655815846
0.00276417861141 0.000815062740282 0.00549717786018 0.0836707102901 0.0571623269535 0.544655815846
0.00276417861141 0.000815062740282 0.00549717786018 0.0836707102901 0.0571623269535 0.544655815846
0.00276417861141 0.000815062740282 0.00549717786018 0.0836707102901 0.0571623269535 0.544655815846
0.00276417861141 0.000815062740282 0.00549717786018 0.0836707102901 0.0571623269535 0.544655815846
0.00276417861141 0.000815062740282 0.00549717786018 0.0836707102901 0.0571623269535 0.544655815846
0.00276417861141 0.000815062740282 0.00549717786018 0.0836707102901 0.0571623269535 0.544655815846
0.00276417861141 0.000815062740282 0.00549717786018 0.0836707102901 0.0571623269535 0.544655815846
0.00276417861141 0.000815062740282 0.00549717786018 0.0836707102901 0.0571623269535 0.544655815846
0.00276417861141 0.000815062740282 0.00549717786018 0.0836707102901 0.0571623269535 0.544655815846
0.00276417861141 0.000815062740282 0.00549717786018 0.0836707102901 0.0571623269535 0.544655815846
0.00276417861141 0.000815062740282 0.00549717786018 0.0836707102901 0.0571623269535 0.544655815846
0.00276417861141 0.000815062740282 0.00549717786018 0.0836707102901 0.0571623269535 0.544655815846
0.00276417861141 0.000815062740282 0.00549717786018 0.0836707102901 0.0571623269535 0.544655815846
0.00276417861141 0.000815062740282 0.00549717786018 0.0836707102901 0.0571623269535 0.544655815846
0.00276417861141 0.000815062740282 0.00549717786018 0.0836707102901 0.0571623269535 0.544655815846
0.00276417861141 0.000815062740282 0.00549717786018 0.0836707102901 0.0571623269535 0.544655815846
0.00276417861141 0.000815062740282 0.00549717786018 0.0836707102901 0.0571623269535 0.544655815846
0.00276417861141 0.000815062740282 0.00549717786018 0.0836707102901 0.0571623269535 0.544655815846
0.00276417861141 0.000815062740282 0.00549717786018 0.0836707102901 0.0571623269535 0.544655815846
0.00276417861141 0.000815062740282 0.00549717786018 0.0836707102901 0.0571623269535 0.544655815846
0.00276417861141 0.000815062740282 0.00549717786018 0.0836707102901 0.0571623269535 0.544655815846
0.00276417861141 0.000815062740282 0.00549717786018 0.0836707102901 0.0571623269535 0.544655815846
0.00276417861141 0.000815062740282 0.00549717786018 0.0836707102901 0.0571623269535 0.544655815846
0.00276417861141 0.000815062740282 0.00549717786018 0.0836707102901 0.0571623269535 0.544655815846
0.00276417861141 0.000815062740282 0.00549717786018 0.0836707102901 0.0571623269535 0.544655815846
0.00276417861141 0.000815062740282 0.00549717786018 0.0836707102901 0.0571623269535 0.544655815846
0.00276417861141 0.000815062740282 0.00549717786018 0.0836707102901 0.0571623269535 0.544655815846
0.00276417861141 0.000815062740282 0.00549717786018 0.0836707102901 0.0571623269535 0.544655815846
0.00276417861141 0.000815062740282 0.00549717786018 0.0836707102901 0.0571623269535 0.544655815846
0.00276417861141 0.000815062740282 0.00549717786018 0.0836707102901 0.0571623269535 0.544655815846
0.00276417861141 0.000815062740282 0.00549717786018 0.0836707102901 0.0571623269535 0.544655815846
0.00276417861141 0.000815062740282 0.00549717786018 0.0836707102901 0.0571623269535 0.544655815846
0.00276417861141 0.000815062740282 0.00549717786018 0.0836707102901 0.0571623269535 0.544655815846
0.00276417861141 0.000815062740282 0.00549717786018 0.0836707102901 0.0571623269535 0.544655815846
0.00276417861141 0.000815062740282 0.00549717786018 0.0836707102901 0.0571623269535 0.544655815846
0.00276417861141 0.000815062740282 0.00549717786018 0.0836707102901 0.0571623269535 0.544655815846
0.00276417861141 0.000815062740282 0.00549717786018 0.0836707102901 0.0571623269535 0.544655815846
0.00246865465991 0.00072800405624 0.00491009697747 0.0747422167531 0.0510627250249 0.486477410124
0.00276417861141 0.000815062740282 0.00549717786018 0.0836707102901 0.0571623269535 0.544655815846
0.00276417861141 0.000815062740282 0.00549717786018 0.0836707102901 0.0571623269535 0.544655815846
0.00276417861141 0.000815062740282 0.00549717786018 0.0836707102901 0.0571623269535 0.544655815846
0.00276417861141 0.000815062740282 0.00549717786018 0.0836707102901 0.0571623269535 0.544655815846
0.00276417861141 0.000815062740282 0.00549717786018 0.0836707102901 0.0571623269535 0.544655815846
0.00276417861141 0.000815062740282 0.00549717786018 0.0836707102901 0.0571623269535 0.544655815846
0.00276417861141 0.000815062740282 0.00549717786018 0.0836707102901 0.0571623269535 0.544655815846
0.0106364658932 0.00313416739378 0.0211360773227 0.0671352185967 0.0571623269535 0.544655815846
0.00276417861141 0.000815062740282 0.00549717786018 0.0836707102901 0.0571623269535 0.544655815846
0.00276417861141 0.000815062740282 0.00549717786018 0.0836707102901 0.0571623269535 0.544655815846
0.00276417861141 0.000815062740282 0.00549717786018 0.0836707102901 0.0571623269535 0.544655815846
0.00276417861141 0.000815062740282 0.00549717786018 0.0836707102901 0.0571623269535 0.544655815846
0.00295939365838 0.000872571328023 0.00588498744892 0.0895686291435 0.0611915573118 0.583086880902
0.00276417861141 0.000815062740282 0.00549717786018 0.0836707102901 0.0571623269535 0.544655815846
0.00276417861141 0.000815062740282 0.00549717786018 0.0836707102901 0.0571623269535 0.544655815846
0.00276417861141 0.000815062740282 0.00549717786018 0.0836707102901 0.0571623269535 0.544655815846
0.00276417861141 0.000815062740282 0.00549717786018 0.0836707102901 0.0571623269535 0.544655815846
0.00276417861141 0.000815062740282 0.00549717786018 0.0836707102901 0.0571623269535 0.544655815846
0.00276417861141 0.000815062740282 0.00549717786018 0.0836707102901 0.0571623269535 0.544655815846
0.00276417861141 0.000815062740282 0.00549717786018 0.0836707102901 0.0571623269535 0.544655815846
0.00276417861141 0.000815062740282 0.00549717786018 0.0836707102901 0.0571623269535 0.544655815846
0.00276417861141 0.000815062740282 0.00549717786018 0.0836707102901 0.0571623269535 0.544655815846
0.00276417861141 0.000815062740282 0.00549717786018 0.0836707102901 0.0571623269535 0.544655815846
0.00276417861141 0.000815062740282 0.00549717786018 0.0836707102901 0.0571623269535 0.544655815846
0.00276417861141 0.000815062740282 0.00549717786018 0.0836707102901 0.0571623269535 0.544655815846
0.00276417861141 0.000815062740282 0.00549717786018 0.0836707102901 0.0571623269535 0.544655815846
0.00276417861141 0.000815062740282 0.00549717786018 0.0836707102901 0.0571623269535 0.544655815846
0.00276417861141 0.000815062740282 0.00549717786018 0.0836707102901 0.0571623269535 0.544655815846
0.00276417861141 0.000815062740282 0.00549717786018 0.0836707102901 0.0571623269535 0.544655815846
0.00276417861141 0.000815062740282 0.00549717786018 0.0836707102901 0.0571623269535 0.544655815846
0.00276417861141 0.000815062740282 0.00549717786018 0.0836707102901 0.0571623269535 0.544655815846
0.00276417861141 0.000815062740282 0.00549717786018 0.0836707102901 0.0571623269535 0.544655815846
0.00276417861141 0.000815062740282 0.00549717786018 0.0836707102901 0.0571623269535 0.544655815846
0.00276417861141 0.000815062740282 0.00549717786018 0.0836707102901 0.0571623269535 0.544655815846
0.00276417861141 0.000815062740282 0.00549717786018 0.0836707102901 0.0571623269535 0.544655815846
0.00276417861141 0.000815062740282 0.00549717786018 0.0836707102901 0.0571623269535 0.544655815846
0.00276417861141 0.000815062740282 0.00549717786018 0.0836707102901 0.0571623269535 0.544655815846
0.00276417861141 0.000815062740282 0.00549717786018 0.0836707102901 0.0571623269535 0.544655815846
0.00276417861141 0.000815062740282 0.00549717786018 0.0836707102901 0.0571623269535 0.544655815846
0.00276417861141 0.000815062740282 0.00549717786018 0.0836707102901 0.0571623269535 0.544655815846
0.00276417861141 0.000815062740282 0.00549717786018 0.0836707102901 0.0571623269535 0.544655815846
0.00276417861141 0.000815062740282 0.00549717786018 0.0836707102901 0.0571623269535 0.544655815846
0.00276417861141 0.000815062740282 0.00549717786018 0.0836707102901 0.0571623269535 0.544655815846
0.00276417861141 0.000815062740282 0.00549717786018 0.0836707102901 0.0571623269535 0.544655815846
0.00276417861141 0.000815062740282 0.00549717786018 0.0836707102901 0.0571623269535 0.544655815846
0.00276417861141 0.000815062740282 0.00549717786018 0.0836707102901 0.0571623269535 0.544655815846
0.00276417861141 0.000815062740282 0.00549717786018 0.0836707102901 0.0571623269535 0.544655815846
0.00326822895363 0.000963551413573 0.00649851233184 0.0988992905791 0.0675659048154 0.64388582805
0.00276417861141 0.000815062740282 0.00549717786018 0.0836707102901 0.0571623269535 0.544655815846
0.00276417861141 0.000815062740282 0.00549717786018 0.0836707102901 0.0571623269535 0.544655815846
0.00276417861141 0.000815062740282 0.00549717786018 0.0836707102901 0.0571623269535 0.544655815846
0.00276417861141 0.000815062740282 0.00549717786018 0.0836707102901 0.0571623269535 0.544655815846
0.00276417861141 0.000815062740282 0.00549717786018 0.0836707102901 0.0571623269535 0.544655815846
0.00276417861141 0.000815062740282 0.00549717786018 0.0836707102901 0.0571623269535 0.544655815846
0.00276417861141 0.000815062740282 0.00549717786018 0.0836707102901 0.0571623269535 0.544655815846
0.00276417861141 0.000815062740282 0.00549717786018 0.0836707102901 0.0571623269535 0.544655815846
0.00276417861141 0.000815062740282 0.00549717786018 0.0836707102901 0.0571623269535 0.544655815846
0.00276417861141 0.000815062740282 0.00549717786018 0.0836707102901 0.0571623269535 0.544655815846
0.00276417861141 0.000815062740282 0.00549717786018 0.0836707102901 0.0571623269535 0.544655815846
0.032308039894 0.00951841714423 0.0641883129518 0.0216147594154 0.0571623269535 0.544655815846
0.00276417861141 0.000815062740282 0.00549717786018 0.0836707102901 0.0571623269535 0.544655815846
0.00276417861141 0.000815062740282 0.00549717786018 0.0836707102901 0.0571623269535 0.544655815846
0.00276417861141 0.000815062740282 0.00549717786018 0.0836707102901 0.0571623269535 0.544655815846
0.00276417861141 0.000815062740282 0.00549717786018 0.0836707102901 0.0571623269535 0.544655815846
0.00276417861141 0.000815062740282 0.00549717786018 0.0836707102901 0.0571623269535 0.544655815846
0.00276417861141 0.000815062740282 0.00549717786018 0.0836707102901 0.0571623269535 0.544655815846
0.00276417861141 0.000815062740282 0.00549717786018 0.0836707102901 0.0571623269535 0.544655815846
0.00276417861141 0.000815062740282 0.00549717786018 0.0836707102901 0.0571623269535 0.544655815846
0.00276417861141 0.000815062740282 0.00549717786018 0.0836707102901 0.0571623269535 0.544655815846
0.00276417861141 0.000815062740282 0.00549717786018 0.0836707102901 0.0571623269535 0.544655815846
0.00276417861141 0.000815062740282 0.00549717786018 0.0836707102901 0.0571623269535 0.544655815846
0.00276417861141 0.000815062740282 0.00549717786018 0.0836707102901 0.0571623269535 0.544655815846
0.00276417861141 0.000815062740282 0.00549717786018 0.0836707102901 0.0571623269535 0.544655815846
0.00276417861141 0.000815062740282 0.00549717786018 0.0836707102901 0.0571623269535 0.544655815846
0.00276417861141 0.000815062740282 0.00549717786018 0.0836707102901 0.0571623269535 0.544655815846
0.00276417861141 0.000815062740282 0.00549717786018 0.0836707102901 0.0571623269535 0.544655815846
0.00276417861141 0.000815062740282 0.00549717786018 0.0836707102901 0.0571623269535 0.544655815846
0.00253733660975 0.000748237137656 0.00504653891234 0.0768172646205 0.0524803175808 0.499998501473
0.00276417861141 0.000815062740282 0.00549717786018 0.0836707102901 0.0571623269535 0.544655815846
0.00276417861141 0.000815062740282 0.00549717786018 0.0836707102901 0.0571623269535 0.544655815846
0.00276417861141 0.000815062740282 0.00549717786018 0.0836707102901 0.0571623269535 0.544655815846
0.00276417861141 0.000815062740282 0.00549717786018 0.0836707102901 0.0571623269535 0.544655815846
0.00276417861141 0.000815062740282 0.00549717786018 0.0836707102901 0.0571623269535 0.544655815846
0.00276417861141 0.000815062740282 0.00549717786018 0.0836707102901 0.0571623269535 0.544655815846
0.00276417861141 0.000815062740282 0.00549717786018 0.0836707102901 0.0571623269535 0.544655815846
0.00276417861141 0.000815062740282 0.00549717786018 0.0836707102901 0.0571623269535 0.544655815846
0.00276417861141 0.000815062740282 0.00549717786018 0.0836707102901 0.0571623269535 0.544655815846
0.00276417861141 0.000815062740282 0.00549717786018 0.0836707102901 0.0571623269535 0.544655815846
0.00276417861141 0.000815062740282 0.00549717786018 0.0836707102901 0.0571623269535 0.544655815846
0.00276417861141 0.000815062740282 0.00549717786018 0.0836707102901 0.0571623269535 0.544655815846
0.00276417861141 0.000815062740282 0.00549717786018 0.0836707102901 0.0571623269535 0.544655815846
0.00276417861141 0.000815062740282 0.00549717786018 0.0836707102901 0.0571623269535 0.544655815846
0.00317066648558 0.000934810392626 0.00630469704353 0.0959516923861 0.0655522195785 0.624679165372
0.00276417861141 0.000815062740282 0.00549717786018 0.0836707102901 0.0571623269535 0.544655815846
0.00276417861141 0.000815062740282 0.00549717786018 0.0836707102901 0.0571623269535 0.544655815846
0.00276417861141 0.000815062740282 0.00549717786018 0.0836707102901 0.0571623269535 0.544655815846
0.0158470170005 0.00466914863721 0.0314872347431 0.478934909378 0.327191561011 0.0629657996359
0.00276417861141 0.000815062740282 0.00549717786018 0.0836707102901 0.0571623269535 0.544655815846
0.00276417861141 0.000815062740282 0.00549717786018 0.0836707102901 0.0571623269535 0.544655815846
0.00276417861141 0.000815062740282 0.00549717786018 0.0836707102901 0.0571623269535 0.544655815846
0.00276417861141 0.000815062740282 0.00549717786018 0.0836707102901 0.0571623269535 0.544655815846
0.00276417861141 0.000815062740282 0.00549717786018 0.0836707102901 0.0571623269535 0.544655815846
0.00276417861141 0.000815062740282 0.00549717786018 0.0836707102901 0.0571623269535 0.544655815846
0.00276417861141 0.000815062740282 0.00549717786018 0.0836707102901 0.0571623269535 0.544655815846
0.00276417861141 0.000815062740282 0.00549717786018 0.0836707102901 0.0571623269535 0.544655815846
0.00276417861141 0.000815062740282 0.00549717786018 0.0836707102901 0.0571623269535 0.544655815846
0.00276417861141 0.000815062740282 0.00549717786018 0.0836707102901 0.0571623269535 0.544655815846
0.00276417861141 0.000815062740282 0.00549717786018 0.0836707102901 0.0571623269535 0.544655815846
0.00276417861141 0.000815062740282 0.00549717786018 0.0836707102901 0.0571623269535 0.544655815846
0.00276417861141 0.000815062740282 0.00549717786018 0.0836707102901 0.0571623269535 0.544655815846
0.00276417861141 0.000815062740282 0.00549717786018 0.0836707102901 0.0571623269535 0.544655815846
0.00276417861141 0.000815062740282 0.00549717786018 0.0836707102901 0.0571623269535 0.544655815846
0.00276417861141 0.000815062740282 0.00549717786018 0.0836707102901 0.0571623269535 0.544655815846
0.00276417861141 0.000815062740282 0.00549717786018 0.0836707102901 0.0571623269535 0.544655815846
0.00276417861141 0.000815062740282 0.00549717786018 0.0836707102901 0.0571623269535 0.544655815846
0.00276417861141 0.000815062740282 0.00549717786018 0.0836707102901 0.0571623269535 0.544655815846
0.00276417861141 0.000815062740282 0.00549717786018 0.0836707102901 0.0571623269535 0.544655815846
0.00276417861141 0.000815062740282 0.00549717786018 0.0836707102901 0.0571623269535 0.544655815846
0.00276417861141 0.000815062740282 0.00549717786018 0.0836707102901 0.0571623269535 0.544655815846
0.00276417861141 0.000815062740282 0.00549717786018 0.0836707102901 0.0571623269535 0.544655815846
0.00276417861141 0.000815062740282 0.00549717786018 0.0836707102901 0.0571623269535 0.544655815846
0.00276417861141 0.000815062740282 0.00549717786018 0.0836707102901 0.0571623269535 0.544655815846
0.00276417861141 0.000815062740282 0.00549717786018 0.0836707102901 0.0571623269535 0.544655815846
0.00276417861141 0.000815062740282 0.00549717786018 0.0836707102901 0.0571623269535 0.544655815846
0.00276417861141 0.000815062740282 0.00549717786018 0.0836707102901 0.0571623269535 0.544655815846
0.00276417861141 0.000815062740282 0.00549717786018 0.0836707102901 0.0571623269535 0.544655815846
0.00276417861141 0.000815062740282 0.00549717786018 0.0836707102901 0.0571623269535 0.544655815846
0.00276417861141 0.000815062740282 0.00549717786018 0.0836707102901 0.0571623269535 0.544655815846
0.00276417861141 0.000815062740282 0.00549717786018 0.0836707102901 0.0571623269535 0.544655815846
0.00276417861141 0.000815062740282 0.00549717786018 0.0836707102901 0.0571623269535 0.544655815846
0.00276417861141 0.000815062740282 0.00549717786018 0.0836707102901 0.0571623269535 0.544655815846
0.00276417861141 0.000815062740282 0.00549717786018 0.0836707102901 0.0571623269535 0.544655815846
0.00276417861141 0.000815062740282 0.00549717786018 0.0836707102901 0.0571623269535 0.544655815846
0.00276417861141 0.000815062740282 0.00549717786018 0.0836707102901 0.0571623269535 0.544655815846
0.00276417861141 0.000815062740282 0.00549717786018 0.0836707102901 0.0571623269535 0.544655815846
0.00276417861141 0.000815062740282 0.00549717786018 0.0836707102901 0.0571623269535 0.544655815846
0.00276417861141 0.000815062740282 0.00549717786018 0.0836707102901 0.0571623269535 0.544655815846
0.00276417861141 0.000815062740282 0.00549717786018 0.0836707102901 0.0571623269535 0.544655815846
0.00276417861141 0.000815062740282 0.00549717786018 0.0836707102901 0.0571623269535 0.544655815846
0.00274340236085 0.000831437025063 0.00549717786018 0.0836707102901 0.0571623269535 0.544655815846
0.0032176776406 0.00094865945383 0.00639808829066 0.0973720131135 0.0665225278408 0.633934029611
0.00276417861141 0.000815062740282 0.00549717786018 0.0836707102901 0.0571623269535 0.544655815846
0.00276417861141 0.000815062740282 0.00549717786018 0.0836707102901 0.0571623269535 0.544655815846
0.00276417861141 0.000815062740282 0.00549717786018 0.0836707102901 0.0571623269535 0.544655815846
0.00276417861141 0.000815062740282 0.00549717786018 0.0836707102901 0.0571623269535 0.544655815846
0.00276417861141 0.000815062740282 0.00549717786018 0.0836707102901 0.0571623269535 0.544655815846
0.00276417861141 0.000815062740282 0.00549717786018 0.0836707102901 0.0571623269535 0.544655815846
0.00276417861141 0.000815062740282 0.00549717786018 0.0836707102901 0.0571623269535 0.544655815846
0.0024663753086 0.000727332579954 0.00490556887215 0.0746733520357 0.0510156793097 0.486028684989
0.00276417861141 0.000815062740282 0.00549717786018 0.0836707102901 0.0571623269535 0.544655815846
0.00276417861141 0.000815062740282 0.00549717786018 0.0836707102901 0.0571623269535 0.544655815846
0.00276417861141 0.000815062740282 0.00549717786018 0.0836707102901 0.0571623269535 0.544655815846
0.00276417861141 0.000815062740282 0.00549717786018 0.0836707102901 0.0571623269535 0.544655815846
0.00276417861141 0.000815062740282 0.00549717786018 0.0836707102901 0.0571623269535 0.544655815846
0.00276417861141 0.000815062740282 0.00549717786018 0.0836707102901 0.0571623269535 0.544655815846
0.00276417861141 0.000815062740282 0.00549717786018 0.0836707102901 0.0571623269535 0.544655815846
0.00276417861141 0.000815062740282 0.00549717786018 0.0836707102901 0.0571623269535 0.544655815846
0.00276417861141 0.000815062740282 0.00549717786018 0.0836707102901 0.0571623269535 0.544655815846
0.00276417861141 0.000815062740282 0.00549717786018 0.0836707102901 0.0571623269535 0.544655815846
0.00276417861141 0.000815062740282 0.00549717786018 0.0836707102901 0.0571623269535 0.544655815846
0.00276417861141 0.000815062740282 0.00549717786018 0.0836707102901 0.0571623269535 0.544655815846
0.00276417861141 0.000815062740282 0.00549717786018 0.0836707102901 0.0571623269535 0.544655815846
0.00276417861141 0.000815062740282 0.00549717786018 0.0836707102901 0.0571623269535 0.544655815846
0.00276417861141 0.000815062740282 0.00549717786018 0.0836707102901 0.0571623269535 0.544655815846
0.00276417861141 0.000815062740282 0.00549717786018 0.0836707102901 0.0571623269535 0.544655815846
0.00276417861141 0.000815062740282 0.00549717786018 0.0836707102901 0.0571623269535 0.544655815846
0.00276417861141 0.000815062740282 0.00549717786018 0.0836707102901 0.0571623269535 0.544655815846
9.83804902282e-05 2.97427174141e-05 0.000201366450808 0.00313049967503 0.00214036586165 0.642806408403
0.00276417861141 0.000815062740282 0.00549717786018 0.0836707102901 0.0571623269535 0.544655815846
0.00293399872674 0.000865090210777 0.00583453847918 0.0888013868205 0.0606674069909 0.578087500551
0.00276417861141 0.000815062740282 0.00549717786018 0.0836707102901 0.0571623269535 0.544655815846
0.00276417861141 0.000815062740282 0.00549717786018 0.0836707102901 0.0571623269535 0.544655815846
0.00276417861141 0.000815062740282 0.00549717786018 0.0836707102901 0.0571623269535 0.544655815846
0.00276417861141 0.000815062740282 0.00549717786018 0.0836707102901 0.0571623269535 0.544655815846
0.00276417861141 0.000815062740282 0.00549717786018 0.0836707102901 0.0571623269535 0.544655815846
0.00276417861141 0.000815062740282 0.00549717786018 0.0836707102901 0.0571623269535 0.544655815846
0.00276417861141 0.000815062740282 0.00549717786018 0.0836707102901 0.0571623269535 0.544655815846
0.00276417861141 0.000815062740282 0.00549717786018 0.0836707102901 0.0571623269535 0.544655815846
0.00276417861141 0.000815062740282 0.00549717786018 0.0836707102901 0.0571623269535 0.544655815846
0.00276417861141 0.000815062740282 0.00549717786018 0.0836707102901 0.0571623269535 0.544655815846
0.00276417861141 0.000815062740282 0.00549717786018 0.0836707102901 0.0571623269535 0.544655815846
0.00276417861141 0.000815062740282 0.00549717786018 0.0836707102901 0.0571623269535 0.544655815846
0.00276417861141 0.000815062740282 0.00549717786018 0.0836707102901 0.0571623269535 0.544655815846
0.00276417861141 0.000815062740282 0.00549717786018 0.0836707102901 0.0571623269535 0.544655815846
0.00276417861141 0.000815062740282 0.00549717786018 0.0836707102901 0.0571623269535 0.544655815846
0.00276417861141 0.000815062740282 0.00549717786018 0.0836707102901 0.0571623269535 0.544655815846
0.00276417861141 0.000815062740282 0.00549717786018 0.0836707102901 0.0571623269535 0.544655815846
0.00276417861141 0.000815062740282 0.00549717786018 0.0836707102901 0.0571623269535 0.544655815846
0.00276417861141 0.000815062740282 0.00549717786018 0.0836707102901 0.0571623269535 0.544655815846
0.00276417861141 0.000815062740282 0.00549717786018 0.0836707102901 0.0571623269535 0.544655815846
0.00276417861141 0.000815062740282 0.00549717786018 0.0836707102901 0.0571623269535 0.544655815846
0.00276417861141 0.000815062740282 0.00549717786018 0.0836707102901 0.0571623269535 0.544655815846
0.00276417861141 0.000815062740282 0.00549717786018 0.0836707102901 0.0571623269535 0.544655815846
0.00276417861141 0.000815062740282 0.00549717786018 0.0836707102901 0.0571623269535 0.544655815846
0.00276417861141 0.000815062740282 0.00549717786018 0.0836707102901 0.0571623269535 0.544655815846
0.00276417861141 0.000815062740282 0.00549717786018 0.0836707102901 0.0571623269535 0.544655815846
0.00276417861141 0.000815062740282 0.00549717786018 0.0836707102901 0.0571623269535 0.544655815846
0.00276417861141 0.000815062740282 0.00549717786018 0.0836707102901 0.0571623269535 0.544655815846
0.00285296487911 0.000841218371958 0.00567355855674 0.0863531582382 0.0589948717843 0.562134749377
0.00276417861141 0.000815062740282 0.00549717786018 0.0836707102901 0.0571623269535 0.544655815846
0.00278363249166 0.000820793677506 0.00553582447794 0.0842584590774 0.0575638542237 0.548485609447
0.00276417861141 0.000815062740282 0.00549717786018 0.0836707102901 0.0571623269535 0.544655815846
0.00343056507458 0.00101137416699 0.00682100542487 0.103803857533 0.0419122625041 0.544655815846
0.00276417861141 0.000815062740282 0.00549717786018 0.0836707102901 0.0571623269535 0.544655815846
0.00276417861141 0.000815062740282 0.00549717786018 0.0836707102901 0.0571623269535 0.544655815846
0.00276417861141 0.000815062740282 0.00549717786018 0.0836707102901 0.0571623269535 0.544655815846
0.00276417861141 0.000815062740282 0.00549717786018 0.0836707102901 0.0571623269535 0.544655815846
0.00276417861141 0.000815062740282 0.00549717786018 0.0836707102901 0.0571623269535 0.544655815846
0.00276417861141 0.000815062740282 0.00549717786018 0.0836707102901 0.0571623269535 0.544655815846
0.0026858588328 0.000791990441655 0.00534158964296 0.0813044802989 0.0555458100172 0.529237370631
0.00276417861141 0.000815062740282 0.00549717786018 0.0836707102901 0.0571623269535 0.544655815846
0.00276417861141 0.000815062740282 0.00549717786018 0.0836707102901 0.0571623269535 0.544655815846
0.00276417861141 0.000815062740282 0.00549717786018 0.0836707102901 0.0571623269535 0.544655815846
0.00276417861141 0.000815062740282 0.00549717786018 0.0836707102901 0.0571623269535 0.544655815846
0.00276417861141 0.000815062740282 0.00549717786018 0.0836707102901 0.0571623269535 0.544655815846
0.00276417861141 0.000815062740282 0.00549717786018 0.0836707102901 0.0571623269535 0.544655815846
0.00276417861141 0.000815062740282 0.00549717786018 0.0836707102901 0.0571623269535 0.544655815846
0.00276417861141 0.000815062740282 0.00549717786018 0.0836707102901 0.0571623269535 0.544655815846
0.00276417861141 0.000815062740282 0.00549717786018 0.0836707102901 0.0571623269535 0.544655815846
0.00276417861141 0.000815062740282 0.00549717786018 0.0836707102901 0.0571623269535 0.544655815846
0.00276417861141 0.000815062740282 0.00549717786018 0.0836707102901 0.0571623269535 0.544655815846
0.00462621808938 0.00136360273429 0.0091962613856 0.139927427758 0.0145500837346 0.544655815846
0.00276417861141 0.000815062740282 0.00549717786018 0.0836707102901 0.0571623269535 0.544655815846
0.00276417861141 0.000815062740282 0.00549717786018 0.0836707102901 0.0571623269535 0.544655815846
0.00276417861141 0.000815062740282 0.00549717786018 0.0836707102901 0.0571623269535 0.544655815846
0.00276417861141 0.000815062740282 0.00549717786018 0.0836707102901 0.0571623269535 0.544655815846
0.00296715512957 0.000874857787258 0.00590040620376 0.0898031219655 0.0613517537507 0.584614845109
0.00276417861141 0.000815062740282 0.00549717786018 0.0836707102901 0.0571623269535 0.544655815846
0.00276417861141 0.000815062740282 0.00549717786018 0.0836707102901 0.0571623269535 0.544655815846
0.00276417861141 0.000815062740282 0.00549717786018 0.0836707102901 0.0571623269535 0.544655815846
0.00276417861141 0.000815062740282 0.00549717786018 0.0836707102901 0.0571623269535 0.544655815846
0.00276417861141 0.000815062740282 0.00549717786018 0.0836707102901 0.0571623269535 0.544655815846
0.00276417861141 0.000815062740282 0.00549717786018 0.0836707102901 0.0571623269535 0.544655815846
0.00276417861141 0.000815062740282 0.00549717786018 0.0836707102901 0.0571623269535 0.544655815846
0.00276417861141 0.000815062740282 0.00549717786018 0.0836707102901 0.0571623269535 0.544655815846
0.00276417861141 0.000815062740282 0.00549717786018 0.0836707102901 0.0571623269535 0.544655815846
0.00276417861141 0.000815062740282 0.00549717786018 0.0836707102901 0.0571623269535 0.544655815846
0.00276417861141 0.000815062740282 0.00549717786018 0.0836707102901 0.0571623269535 0.544655815846
0.00245842610746 0.000724990817173 0.00488977717743 0.0744331874376 0.0508516081325 0.484463763273
0.00276417861141 0.000815062740282 0.00549717786018 0.0836707102901 0.0571623269535 0.544655815846
0.00276417861141 0.000815062740282 0.00549717786018 0.0836707102901 0.0571623269535 0.544655815846
0.00276417861141 0.000815062740282 0.00549717786018 0.0836707102901 0.0571623269535 0.544655815846
0.00276417861141 0.000815062740282 0.00549717786018 0.0836707102901 0.0571623269535 0.544655815846
0.00276417861141 0.000815062740282 0.00549717786018 0.0836707102901 0.0571623269535 0.544655815846
0.00276417861141 0.000815062740282 0.00549717786018 0.0836707102901 0.0571623269535 0.544655815846
0.00276417861141 0.000815062740282 0.00549717786018 0.0836707102901 0.0571623269535 0.544655815846
0.00276417861141 0.000815062740282 0.00549717786018 0.0836707102901 0.0571623269535 0.544655815846
0.00276417861141 0.000815062740282 0.00549717786018 0.0836707102901 0.0571623269535 0.544655815846
0.00276417861141 0.000815062740282 0.00549717786018 0.0836707102901 0.0571623269535 0.544655815846
0.00276417861141 0.000815062740282 0.00549717786018 0.0836707102901 0.0571623269535 0.544655815846
0.0153437106813 0.00452087914637 0.03048737833 0.0572477990568 0.0571623269535 0.544655815846
0.00276417861141 0.000815062740282 0.00549717786018 0.0836707102901 0.0571623269535 0.544655815846
0.00276417861141 0.000815062740282 0.00549717786018 0.0836707102901 0.0571623269535 0.544655815846
0.00276417861141 0.000815062740282 0.00549717786018 0.0836707102901 0.0571623269535 0.544655815846
0.00276417861141 0.000815062740282 0.00549717786018 0.0836707102901 0.0571623269535 0.544655815846
0.00276417861141 0.000815062740282 0.00549717786018 0.0836707102901 0.0571623269535 0.544655815846
0.00276417861141 0.000815062740282 0.00549717786018 0.0836707102901 0.0571623269535 0.544655815846
0.00276417861141 0.000815062740282 0.00549717786018 0.0836707102901 0.0571623269535 0.544655815846
0.00276417861141 0.000815062740282 0.00549717786018 0.0836707102901 0.0571623269535 0.544655815846
0.00276417861141 0.000815062740282 0.00549717786018 0.0836707102901 0.0571623269535 0.544655815846
0.00276417861141 0.000815062740282 0.00549717786018 0.0836707102901 0.0571623269535 0.544655815846
0.00276417861141 0.000815062740282 0.00549717786018 0.0836707102901 0.0571623269535 0.544655815846
0.00276417861141 0.000815062740282 0.00549717786018 0.0836707102901 0.0571623269535 0.544655815846
0.00276417861141 0.000815062740282 0.00549717786018 0.0836707102901 0.0571623269535 0.544655815846
0.00276417861141 0.000815062740282 0.00549717786018 0.0836707102901 0.0571623269535 0.544655815846
0.00276417861141 0.000815062740282 0.00549717786018 0.0836707102901 0.0571623269535 0.544655815846
0.00276417861141 0.000815062740282 0.00549717786018 0.0836707102901 0.0571623269535 0.544655815846
0.00276417861141 0.000815062740282 0.00549717786018 0.0836707102901 0.0571623269535 0.544655815846
0.00276417861141 0.000815062740282 0.00549717786018 0.0836707102901 0.0571623269535 0.544655815846
0.00276417861141 0.000815062740282 0.00549717786018 0.0836707102901 0.0571623269535 0.544655815846
0.00276417861141 0.000815062740282 0.00549717786018 0.0836707102901 0.0571623269535 0.544655815846
0.00276417861141 0.000815062740282 0.00549717786018 0.0836707102901 0.0571623269535 0.544655815846
0.00276417861141 0.000815062740282 0.00549717786018 0.0836707102901 0.0571623269535 0.544655815846
0.00276417861141 0.000815062740282 0.00549717786018 0.0836707102901 0.0571623269535 0.544655815846
0.00273271346059 0.000805793391353 0.0054346699368 0.0827200719601 0.0565128875641 0.538461420092
0.00276417861141 0.000815062740282 0.00549717786018 0.0836707102901 0.0571623269535 0.544655815846
0.00276417861141 0.000815062740282 0.00549717786018 0.0836707102901 0.0571623269535 0.544655815846
0.00276417861141 0.000815062740282 0.00549717786018 0.0836707102901 0.0571623269535 0.544655815846
0.00276417861141 0.000815062740282 0.00549717786018 0.0836707102901 0.0571623269535 0.544655815846
0.00276417861141 0.000815062740282 0.00549717786018 0.0836707102901 0.0571623269535 0.544655815846
0.00276417861141 0.000815062740282 0.00549717786018 0.0836707102901 0.0571623269535 0.544655815846
0.00276417861141 0.000815062740282 0.00549717786018 0.0836707102901 0.0571623269535 0.544655815846
0.00276417861141 0.000815062740282 0.00549717786018 0.0836707102901 0.0571623269535 0.544655815846
0.00276417861141 0.000815062740282 0.00549717786018 0.0836707102901 0.0571623269535 0.544655815846
0.00276417861141 0.000815062740282 0.00549717786018 0.0836707102901 0.0571623269535 0.544655815846
0.00320854366452 0.000945968667066 0.00637994295012 0.0970960535985 0.0663340029588 0.632135866845
0.00276417861141 0.000815062740282 0.00549717786018 0.0836707102901 0.0571623269535 0.544655815846
0.00276417861141 0.000815062740282 0.00549717786018 0.0836707102901 0.0571623269535 0.544655815846
0.00276417861141 0.000815062740282 0.00549717786018 0.0836707102901 0.0571623269535 0.544655815846
0.00276417861141 0.000815062740282 0.00549717786018 0.0836707102901 0.0571623269535 0.544655815846
0.00276417861141 0.000815062740282 0.00549717786018 0.0836707102901 0.0571623269535 0.544655815846
0.00276417861141 0.000815062740282 0.00549717786018 0.0836707102901 0.0571623269535 0.544655815846
0.00325997781546 0.000961120702873 0.00648212081617 0.098650003733 0.0673956016706 0.642261465416
0.00276417861141 0.000815062740282 0.00549717786018 0.0836707102901 0.0571623269535 0.544655815846
0.00276417861141 0.000815062740282 0.00549717786018 0.0836707102901 0.0571623269535 0.544655815846
0.00276417861141 0.000815062740282 0.00549717786018 0.0836707102901 0.0571623269535 0.544655815846
0.00276417861141 0.000815062740282 0.00549717786018 0.0836707102901 0.0571623269535 0.544655815846
0.00276417861141 0.000815062740282 0.00549717786018 0.0836707102901 0.0571623269535 0.544655815846
0.00276417861141 0.000815062740282 0.00549717786018 0.0836707102901 0.0571623269535 0.544655815846
0.00276417861141 0.000815062740282 0.00549717786018 0.0836707102901 0.0571623269535 0.544655815846
0.00276417861141 0.000815062740282 0.00549717786018 0.0836707102901 0.0571623269535 0.544655815846
0.00254214107878 0.000749652490789 0.00505608335671 0.0769624192532 0.0525794816194 0.500944334617
0.00276417861141 0.000815062740282 0.00549717786018 0.0836707102901 0.0571623269535 0.544655815846
0.00276417861141 0.000815062740282 0.00549717786018 0.0836707102901 0.0571623269535 0.544655815846
0.00276417861141 0.000815062740282 0.00549717786018 0.0836707102901 0.0571623269535 0.544655815846
0.00276417861141 0.000815062740282 0.00549717786018 0.0836707102901 0.0571623269535 0.544655815846
0.00276417861141 0.000815062740282 0.00549717786018 0.0836707102901 0.0571623269535 0.544655815846
0.00276417861141 0.000815062740282 0.00549717786018 0.0836707102901 0.0571623269535 0.544655815846
0.00276417861141 0.000815062740282 0.00549717786018 0.0836707102901 0.0571623269535 0.544655815846
0.00276417861141 0.000815062740282 0.00549717786018 0.0836707102901 0.0571623269535 0.544655815846
0.00276417861141 0.000815062740282 0.00549717786018 0.0836707102901 0.0571623269535 0.544655815846
0.00276417861141 0.000815062740282 0.00549717786018 0.0836707102901 0.0571623269535 0.544655815846
0.00276417861141 0.000815062740282 0.00549717786018 0.0836707102901 0.0571623269535 0.544655815846
0.00276417861141 0.000815062740282 0.00549717786018 0.0836707102901 0.0571623269535 0.544655815846
