0.0344106394423 0.533072380296
0.973783311257 0.689770928974
0.234639516756 0.50517493081
0.712680694477 0.591777383827
0.402683796942 0.696359063508
0.613530596813 0.663111250571
0.544098474545 0.649463993951
0.171260032593 0.680099513
0.281860784551 0.491234185448
0.342848059569 0.737950186138
0.256714919539 0.282030176353
0.158603408322 0.335880515707
0.805469797652 0.791830646366
0.96942283158 0.343210824804
0.827161698679 0.326579902064
0.317718716945 0.618176548905
0.790218199038 0.646837512428
0.741273976654 0.640253627159
0.359194573464 0.500710008448
0.464474836885 0.739591380639
0.816903012934 0.593508412604
0.00675358062416 0.420245972563
0.937145845813 0.541267604983
0.467278108851 0.514520005635
0.211551686677 0.451990859097
0.883114471051 0.611063954751
0.524707537617 0.33731765055
0.285126624247 0.432832966582
0.872066646547 0.343187442738
0.755393132619 0.443810892785
0.466320022815 0.1802280093
0.682568865995 0.682636491113
0.0411209170318 0.652602919688
0.794659838102 0.374321356093
0.236916952496 0.531579904049
0.746404418508 0.491480040225
0.408247565853 0.486462423244
0.726532319175 0.495472903522
0.944776366807 0.681152679845
0.234019939897 0.499531810519
0.0159466516473 0.419477038145
0.838547802898 0.144525693881
0.517191676642 0.330321032305
0.357163295312 0.533480564002
0.391367769233 0.314967997129
0.782493659094 0.398701018345
0.752439534359 0.479683508859
0.0345076797733 0.664309729781
0.178666700382 0.561900421185
0.400154264676 0.582022189186
0.0344106394423 0.533072380296
0.0344106394423 0.533072380296
0.0344106394423 0.533072380296
0.0344106394423 0.533072380296
0.0344106394423 0.533072380296
0.0344106394423 0.533072380296
0.0344106394423 0.533072380296
0.0344106394423 0.533072380296
0.0344106394423 0.533072380296
0.0344106394423 0.533072380296
0.0344106394423 0.533072380296
0.0344106394423 0.533072380296
0.0344106394423 0.533072380296
0.0344106394423 0.533072380296
0.0344106394423 0.533072380296
0.0344106394423 0.533072380296
0.0344106394423 0.533072380296
0.0344106394423 0.546556677034
0.0344106394423 0.533072380296
0.0344106394423 0.533072380296
0.0344106394423 0.533072380296
0.0344106394423 0.533072380296
0.0344106394423 0.533072380296
0.0344106394423 0.533072380296
0.0344106394423 0.533072380296
0.0344106394423 0.533072380296
0.0344106394423 0.533072380296
0.0344106394423 0.533072380296
0.0344106394423 0.533072380296
0.0344106394423 0.533072380296
0.0344106394423 0.533072380296
0.0344106394423 0.533072380296
0.0344106394423 0.533072380296
0.0344106394423 0.533072380296
0.0344106394423 0.533072380296
0.0344106394423 0.533072380296
0.0344106394423 0.533072380296
0.0344106394423 0.533072380296
0.0344106394423 0.533072380296
0.0344106394423 0.533072380296
0.0344106394423 0.533072380296
0.0344106394423 0.533072380296
0.0344106394423 0.533072380296
0.0344106394423 0.533072380296
0.0344106394423 0.533072380296
0.0344106394423 0.533072380296
0.0344106394423 0.522784104603
0.0344106394423 0.533072380296
0.0344106394423 0.533072380296
0.0344106394423 0.533072380296
0.0344106394423 0.533072380296
0.0344106394423 0.533072380296
0.0344106394423 0.533072380296
0.0344106394423 0.533072380296
0.0344106394423 0.533072380296
0.0344106394423 0.533072380296
0.0344106394423 0.533072380296
0.0344106394423 0.533072380296
0.0344106394423 0.533072380296
0.0344106394423 0.533072380296
0.0344106394423 0.533072380296
0.0344106394423 0.533072380296
0.0344106394423 0.533072380296
0.0344106394423 0.533072380296
0.0344106394423 0.533072380296
0.0344106394423 0.533072380296
0.0344106394423 0.533072380296
0.0344106394423 0.533072380296
0.0344106394423 0.533072380296
0.0344106394423 0.533072380296
0.0344106394423 0.533072380296
0.0344106394423 0.533072380296
0.0344106394423 0.533072380296
0.0344106394423 0.533072380296
0.0344106394423 0.533072380296
0.0344106394423 0.533072380296
0.0344106394423 0.533072380296
0.0344106394423 0.533072380296
0.0344106394423 0.533072380296
0.0344106394423 0.533072380296
0.0344106394423 0.533072380296
0.0344106394423 0.533072380296
0.0344106394423 0.533072380296
0.0344106394423 0.533072380296
0.0344106394423 0.533072380296
0.0344106394423 0.533072380296
0.0344106394423 0.542155344071
0.0344106394423 0.533072380296
0.0344106394423 0.533072380296
0.0344106394423 0.533072380296
0.0344106394423 0.533072380296
0.0344106394423 0.533072380296
0.0344106394423 0.533072380296
0.0344106394423 0.533072380296
0.0344106394423 0.533072380296
0.0344106394423 0.533072380296
0.0344106394423 0.533072380296
0.0344106394423 0.533072380296
0.0344106394423 0.533072380296
0.0344106394423 0.533072380296
0.0344106394423 0.533072380296
0.0344106394423 0.533072380296
0.0344106394423 0.533072380296
0.0344106394423 0.533072380296
0.0344106394423 0.533072380296
0.0344106394423 0.544494678336
0.0344106394423 0.533072380296
0.0344106394423 0.569497689144
0.0344106394423 0.533072380296
0.0344106394423 0.512609351234
0.0344106394423 0.533072380296
0.0344106394423 0.533072380296
0.0344106394423 0.533072380296
0.0344106394423 0.533072380296
0.0344106394423 0.533072380296
0.0344106394423 0.533072380296
0.0344106394423 0.533072380296
0.0344106394423 0.533072380296
0.0344106394423 0.533072380296
0.0344106394423 0.533072380296
0.0344106394423 0.533072380296
0.0344106394423 0.533072380296
0.0344106394423 0.533072380296
0.0344106394423 0.533072380296
0.0344106394423 0.533072380296
0.0344106394423 0.533072380296
0.0344106394423 0.533072380296
0.0344106394423 0.533072380296
0.0344106394423 0.533072380296
0.0344106394423 0.533072380296
0.0344106394423 0.533072380296
0.0344106394423 0.533072380296
0.0344106394423 0.533072380296
0.0344106394423 0.533072380296
0.0344106394423 0.533072380296
0.0344106394423 0.533072380296
0.0344106394423 0.467334406578
0.0344106394423 0.533072380296
0.0344106394423 0.533072380296
0.0344106394423 0.533072380296
0.0344106394423 0.533072380296
0.0344106394423 0.533072380296
0.0344106394423 0.533072380296
0.0344106394423 0.533072380296
0.0344106394423 0.533072380296
0.0344106394423 0.533072380296
0.0344106394423 0.533072380296
0.0344106394423 0.533072380296
0.0344106394423 0.533072380296
0.0344106394423 0.485188924543
0.0344106394423 0.533072380296
0.0344106394423 0.533072380296
0.0344106394423 0.56152521365
0.0344106394423 0.533072380296
0.0344106394423 0.533072380296
0.0344106394423 0.533072380296
0.0344106394423 0.533072380296
0.0344106394423 0.533072380296
0.0344106394423 0.519654475663
0.0344106394423 0.533072380296
0.0344106394423 0.533072380296
0.0344106394423 0.533072380296
0.0344106394423 0.533072380296
0.0344106394423 0.533072380296
0.0344106394423 0.533072380296
0.0344106394423 0.533072380296
0.0344106394423 0.533072380296
0.0344106394423 0.533072380296
0.0344106394423 0.533072380296
0.0344106394423 0.533072380296
0.0344106394423 0.533072380296
0.0344106394423 0.533072380296
0.0344106394423 0.515384220719
0.0344106394423 0.533072380296
0.0344106394423 0.533072380296
0.0344106394423 0.533072380296
0.0344106394423 0.533072380296
0.0344106394423 0.533072380296
0.0344106394423 0.533072380296
0.0344106394423 0.533072380296
0.0344106394423 0.533072380296
0.0344106394423 0.533072380296
0.0344106394423 0.533072380296
0.0344106394423 0.533072380296
0.0344106394423 0.533072380296
0.0344106394423 0.533072380296
0.0344106394423 0.533072380296
0.0344106394423 0.533072380296
0.0344106394423 0.533072380296
0.0344106394423 0.533072380296
0.0344106394423 0.533072380296
0.0344106394423 0.533072380296
0.0344106394423 0.533072380296
0.0344106394423 0.533072380296
0.0344106394423 0.533072380296
0.0344106394423 0.533072380296
0.0344106394423 0.533072380296
0.0344106394423 0.533072380296
0.0344106394423 0.533072380296
0.0344106394423 0.533072380296
0.0344106394423 0.533072380296
0.0344106394423 0.533072380296
0.0344106394423 0.533072380296
0.0344106394423 0.533072380296
0.0344106394423 0.533072380296
0.0344106394423 0.533072380296
0.0344106394423 0.533072380296
0.0344106394423 0.533072380296
0.0344106394423 0.533072380296
0.0344106394423 0.533072380296
0.0344106394423 0.533072380296
0.0344106394423 0.533072380296
0.0344106394423 0.533072380296
0.0344106394423 0.533072380296
0.0344106394423 0.533072380296
0.0344106394423 0.533072380296
0.0344106394423 0.533072380296
0.0344106394423 0.533072380296
0.0344106394423 0.56240495691
0.0344106394423 0.490064056155
0.0344106394423 0.533072380296
0.0344106394423 0.533072380296
0.0344106394423 0.533072380296
0.0344106394423 0.533072380296
0.0344106394423 0.533072380296
0.0344106394423 0.533072380296
0.0344106394423 0.533072380296
0.0344106394423 0.533072380296
0.0344106394423 0.533072380296
0.0344106394423 0.533072380296
0.0344106394423 0.472758435569
0.0344106394423 0.533072380296
0.0344106394423 0.533072380296
0.0344106394423 0.533072380296
0.0344106394423 0.533072380296
0.0344106394423 0.533072380296
0.0344106394423 0.533072380296
0.0344106394423 0.533072380296
0.0344106394423 0.533072380296
0.0344106394423 0.533072380296
0.0344106394423 0.533072380296
0.0344106394423 0.54453710967
0.0344106394423 0.533072380296
0.0344106394423 0.533072380296
0.0344106394423 0.533072380296
0.0344106394423 0.533072380296
0.0344106394423 0.533072380296
0.0344106394423 0.533072380296
0.0344106394423 0.533072380296
0.0344106394423 0.533072380296
0.0344106394423 0.533072380296
0.0344106394423 0.533072380296
0.0344106394423 0.533072380296
0.0344106394423 0.533072380296
0.0344106394423 0.533072380296
0.0344106394423 0.533072380296
0.0344106394423 0.533072380296
0.0344106394423 0.533072380296
0.0344106394423 0.533072380296
0.0344106394423 0.533072380296
0.0344106394423 0.533072380296
0.0344106394423 0.494243423915
0.0344106394423 0.533072380296
0.0344106394423 0.533072380296
0.0344106394423 0.533072380296
0.0344106394423 0.533072380296
0.0344106394423 0.533072380296
0.0344106394423 0.533072380296
0.0344106394423 0.533072380296
0.0344106394423 0.533072380296
0.0344106394423 0.533072380296
0.0344106394423 0.533072380296
0.0344106394423 0.533072380296
0.0344106394423 0.533072380296
0.0344106394423 0.533072380296
0.0344106394423 0.533072380296
0.0344106394423 0.516367368998
0.0344106394423 0.533072380296
0.0344106394423 0.570363718454
0.0344106394423 0.533072380296
0.0344106394423 0.533072380296
0.0344106394423 0.533072380296
0.0344106394423 0.533072380296
0.0344106394423 0.536234281485
0.0344106394423 0.533072380296
0.0344106394423 0.533072380296
0.0344106394423 0.533072380296
0.0344106394423 0.533072380296
0.0344106394423 0.533072380296
0.0344106394423 0.533072380296
0.0344106394423 0.533072380296
0.0344106394423 0.533072380296
0.0344106394423 0.533072380296
0.0344106394423 0.533072380296
0.0344106394423 0.533072380296
0.0344106394423 0.533072380296
0.0344106394423 0.533072380296
0.0344106394423 0.518017922958
0.0344106394423 0.533072380296
0.0344106394423 0.533072380296
0.0344106394423 0.533072380296
0.0344106394423 0.533072380296
0.0344106394423 0.533072380296
0.0344106394423 0.533072380296
0.0344106394423 0.533072380296
0.0344106394423 0.533072380296
0.0344106394423 0.533072380296
0.0344106394423 0.533072380296
0.0344106394423 0.533072380296
0.0344106394423 0.533072380296
0.0344106394423 0.533072380296
0.0344106394423 0.533072380296
0.0344106394423 0.533072380296
0.0344106394423 0.533072380296
0.0344106394423 0.533072380296
0.0344106394423 0.533072380296
0.0344106394423 0.533072380296
0.0344106394423 0.533072380296
0.0344106394423 0.533072380296
0.0344106394423 0.533072380296
0.0344106394423 0.533072380296
0.0344106394423 0.533072380296
0.0344106394423 0.533072380296
0.0344106394423 0.533072380296
0.0344106394423 0.533072380296
0.0344106394423 0.533072380296
0.0344106394423 0.533072380296
0.0344106394423 0.533072380296
0.0344106394423 0.533072380296
0.0344106394423 0.528497097428
0.0344106394423 0.533072380296
0.0344106394423 0.533072380296
0.0344106394423 0.533072380296
0.0344106394423 0.533072380296
0.0344106394423 0.533072380296
0.0344106394423 0.533072380296
0.0344106394423 0.533072380296
0.0344106394423 0.533072380296
0.0344106394423 0.533072380296
0.0344106394423 0.533072380296
0.0344106394423 0.511756219898
0.0344106394423 0.533072380296
0.0344106394423 0.533072380296
0.0344106394423 0.533072380296
0.0344106394423 0.533072380296
0.0344106394423 0.533072380296
0.0344106394423 0.519136091484
0.0344106394423 0.533072380296
0.0344106394423 0.533072380296
0.0344106394423 0.533072380296
0.0344106394423 0.533072380296
0.0344106394423 0.533072380296
0.0344106394423 0.533072380296
0.0344106394423 0.533072380296
0.0344106394423 0.533072380296
0.0344106394423 0.533072380296
0.0344106394423 0.533072380296
0.0344106394423 0.533072380296
0.0344106394423 0.533072380296
0.0344106394423 0.533072380296
0.0344106394423 0.533072380296
0.0344106394423 0.533072380296
0.0344106394423 0.533072380296
0.0344106394423 0.533072380296
0.0344106394423 0.533072380296
0.0344106394423 0.533072380296
0.0344106394423 0.533072380296
0.0344106394423 0.533072380296
0.0344106394423 0.533072380296
0.0344106394423 0.533072380296
0.0344106394423 0.533072380296
0.0344106394423 0.533072380296
0.0344106394423 0.533072380296
0.0344106394423 0.533072380296
0.0344106394423 0.533072380296
0.0344106394423 0.533072380296
0.0344106394423 0.533072380296
0.0344106394423 0.502967138192
0.0344106394423 0.533072380296
0.0344106394423 0.533072380296
0.0344106394423 0.574704491846
0.0344106394423 0.517590555334
0.0344106394423 0.533072380296
0.0344106394423 0.533072380296
0.0344106394423 0.533072380296
0.0344106394423 0.496384000788
0.0344106394423 0.533072380296
0.0344106394423 0.533072380296
0.0344106394423 0.533072380296
0.0344106394423 0.533072380296
0.0344106394423 0.571277719587
0.0344106394423 0.533072380296
0.0344106394423 0.533072380296
0.0344106394423 0.533072380296
0.0344106394423 0.533072380296
0.0344106394423 0.533072380296
0.0344106394423 0.533072380296
0.0344106394423 0.533072380296
0.0344106394423 0.533072380296
0.0344106394423 0.533072380296
0.0344106394423 0.533072380296
0.0344106394423 0.533072380296
0.0344106394423 0.533072380296
0.0344106394423 0.533072380296
0.0344106394423 0.533072380296
0.0344106394423 0.533072380296
0.0344106394423 0.533072380296
0.0344106394423 0.533072380296
0.0344106394423 0.530170392302
0.0344106394423 0.533072380296
0.0344106394423 0.533072380296
0.0344106394423 0.533072380296
0.0344106394423 0.533072380296
0.0344106394423 0.533072380296
0.0344106394423 0.533072380296
0.0344106394423 0.533072380296
0.0344106394423 0.533072380296
0.0344106394423 0.533072380296
0.0344106394423 0.533072380296
0.0344106394423 0.533072380296
0.0344106394423 0.533072380296
0.0344106394423 0.533072380296
0.0344106394423 0.533072380296
0.0344106394423 0.533072380296
0.0344106394423 0.533072380296
0.0344106394423 0.533072380296
0.0344106394423 0.533072380296
0.0344106394423 0.533072380296
0.0344106394423 0.533072380296
0.0344106394423 0.533072380296
0.0344106394423 0.533072380296
0.0344106394423 0.533072380296
0.0344106394423 0.533072380296
0.0344106394423 0.533072380296
0.0344106394423 0.533072380296
0.0344106394423 0.533072380296
0.0344106394423 0.533072380296
0.0344106394423 0.533072380296
0.0344106394423 0.573530569363
0.0344106394423 0.533072380296
0.0344106394423 0.533072380296
0.0344106394423 0.533072380296
0.0344106394423 0.533072380296
0.0344106394423 0.53944619683
0.0344106394423 0.533072380296
0.0344106394423 0.533072380296
0.0344106394423 0.533072380296
0.0344106394423 0.533072380296
0.0344106394423 0.533072380296
0.0344106394423 0.533072380296
