0.667973394348 0.028017518475
0.492699103733 0.32303395976
0.229767072168 0.484809262385
0.50274932163 0.0800505573197
0.0391435052008 0.686525477383
0.200572093947 0.546380099424
0.363155416514 0.320158405765
0.146393705625 0.650495106618
0.549414027423 0.31193077034
0.00184934792886 0.780276321634
0.409332588367 0.261476702295
0.0602919219246 0.749617079332
0.090000991634 0.607992856405
0.560084332382 0.159003244003
0.29935117319 0.28724494122
0.63987414464 0.0547477601684
0.0104208926738 0.693870853618
0.0210494999907 0.487620917186
0.697068276573 0.16171682541
0.854756634046 0.00408361745164
0.801908774014 0.0276152632286
0.207429411688 0.437309314701
0.10157158856 0.580960592772
0.674974583448 0.114126830775
0.0423429914749 0.763287650837
0.376704902905 0.322991601528
0.375634364463 0.295031141864
0.229196381511 0.48312500473
0.624521724172 0.200405560093
0.443802281143 0.0893398024385
0.51076415446 0.155455010522
0.320755736122 0.602771387912
0.176103781161 0.265496837143
0.159275515134 0.488561312075
0.289767586691 0.499401305291
0.181399631596 0.745030318333
0.563001666031 0.178185960855
0.737081890789 0.0852569090222
0.287533536804 0.351286065182
0.519926803293 0.274137543117
0.211054299055 0.68751142019
0.160567141971 0.490141584092
0.489878410439 0.315062559611
0.620102456597 0.139779172814
0.382103422585 0.317886982525
0.114138333223 0.787628140654
0.452728798233 0.0421586309498
0.367417782394 0.395310489662
0.13825697891 0.57208151289
0.0966642073173 0.603251276939
0.667973394348 0.028017518475
0.667973394348 0.028017518475
0.667973394348 0.028017518475
0.667973394348 0.028017518475
0.667973394348 0.028017518475
0.667973394348 0.028017518475
0.667973394348 0.028017518475
0.667973394348 0.028017518475
0.667973394348 0.028017518475
0.667973394348 0.028017518475
0.667973394348 0.028017518475
0.667973394348 0.028017518475
0.667973394348 0.028017518475
0.667973394348 0.028017518475
0.667973394348 0.028017518475
0.667973394348 0.028017518475
0.667973394348 0.028017518475
0.667973394348 0.028017518475
0.667973394348 0.028017518475
0.667973394348 0.028017518475
0.436422485063 0.253667530775
0.667973394348 0.028017518475
0.667973394348 0.028017518475
0.667973394348 0.028017518475
0.667973394348 0.028017518475
0.667973394348 0.028017518475
0.667973394348 0.028017518475
0.667973394348 0.028017518475
0.667973394348 0.028017518475
0.667973394348 0.028017518475
0.667973394348 0.028017518475
0.667973394348 0.028017518475
0.667973394348 0.028017518475
0.667973394348 0.028017518475
0.667973394348 0.028017518475
0.667973394348 0.028017518475
0.667973394348 0.028017518475
0.667973394348 0.028017518475
0.667973394348 0.028017518475
0.667973394348 0.028017518475
0.675321763303 0.0283307100257
0.667973394348 0.028017518475
0.667973394348 0.028017518475
0.667973394348 0.028017518475
0.667973394348 0.028017518475
0.667973394348 0.028017518475
0.667973394348 0.028017518475
0.667973394348 0.028017518475
0.667973394348 0.028017518475
0.667973394348 0.028017518475
0.667973394348 0.028017518475
0.667973394348 0.028017518475
0.667973394348 0.028017518475
0.667973394348 0.028017518475
0.667973394348 0.028017518475
0.667973394348 0.028017518475
0.667973394348 0.028017518475
0.667973394348 0.028017518475
0.667973394348 0.028017518475
0.667973394348 0.028017518475
0.667973394348 0.028017518475
0.667973394348 0.028017518475
0.667973394348 0.028017518475
0.667973394348 0.028017518475
0.667973394348 0.028017518475
0.667973394348 0.028017518475
0.667973394348 0.028017518475
0.667973394348 0.028017518475
0.667973394348 0.028017518475
0.659360363391 0.02765042633
0.667973394348 0.028017518475
0.667973394348 0.028017518475
0.667973394348 0.028017518475
0.667973394348 0.028017518475
0.667973394348 0.028017518475
0.667973394348 0.028017518475
0.667973394348 0.028017518475
0.667973394348 0.028017518475
0.667973394348 0.028017518475
0.667973394348 0.028017518475
0.667973394348 0.028017518475
0.706251901395 0.0296489696251
0.667973394348 0.028017518475
0.667973394348 0.028017518475
0.667973394348 0.028017518475
0.667973394348 0.028017518475
0.667973394348 0.028017518475
0.667973394348 0.028017518475
0.667973394348 0.028017518475
0.667973394348 0.028017518475
0.667973394348 0.028017518475
0.667973394348 0.028017518475
0.667973394348 0.028017518475
0.667973394348 0.028017518475
0.667973394348 0.028017518475
0.67138855571 0.0281630745419
0.667973394348 0.028017518475
0.667973394348 0.028017518475
0.715572172954 0.0300462047559
0.667973394348 0.028017518475
0.667973394348 0.028017518475
0.667973394348 0.028017518475
0.667973394348 0.028017518475
0.667973394348 0.028017518475
0.667973394348 0.028017518475
0.667973394348 0.028017518475
0.667973394348 0.028017518475
0.703555880186 0.0295340637094
0.667973394348 0.028017518475
0.667973394348 0.028017518475
0.667973394348 0.028017518475
0.667973394348 0.028017518475
0.667973394348 0.028017518475
0.667973394348 0.028017518475
0.667973394348 0.028017518475
0.667973394348 0.028017518475
0.667973394348 0.028017518475
0.667973394348 0.028017518475
0.667973394348 0.028017518475
0.667973394348 0.028017518475
0.667973394348 0.028017518475
0.667973394348 0.028017518475
0.667973394348 0.028017518475
0.723329065159 0.0303768077936
0.667973394348 0.028017518475
0.667973394348 0.028017518475
0.667973394348 0.028017518475
0.667973394348 0.028017518475
0.667973394348 0.028017518475
0.662977364085 0.0278045849008
0.667973394348 0.028017518475
0.720505698735 0.0302564743544
0.667973394348 0.028017518475
0.667973394348 0.028017518475
0.667973394348 0.028017518475
0.667973394348 0.028017518475
0.667973394348 0.028017518475
0.667973394348 0.028017518475
0.667973394348 0.028017518475
0.667973394348 0.028017518475
0.667973394348 0.028017518475
0.667973394348 0.028017518475
0.690935886275 0.0289961925862
0.667973394348 0.028017518475
0.667973394348 0.028017518475
0.667973394348 0.028017518475
0.667973394348 0.028017518475
0.667973394348 0.028017518475
0.667973394348 0.028017518475
0.667973394348 0.028017518475
0.667973394348 0.028017518475
0.667973394348 0.028017518475
0.667973394348 0.028017518475
0.667973394348 0.028017518475
0.667973394348 0.028017518475
0.667973394348 0.028017518475
0.667973394348 0.028017518475
0.667973394348 0.028017518475
0.667973394348 0.028017518475
0.667973394348 0.028017518475
0.667973394348 0.028017518475
0.667973394348 0.028017518475
0.667973394348 0.028017518475
0.667973394348 0.028017518475
0.667973394348 0.028017518475
0.667973394348 0.028017518475
0.667973394348 0.028017518475
0.667973394348 0.028017518475
0.667973394348 0.028017518475
0.667973394348 0.028017518475
0.667973394348 0.028017518475
0.667973394348 0.028017518475
0.667973394348 0.028017518475
0.667973394348 0.028017518475
0.667973394348 0.028017518475
0.667973394348 0.028017518475
0.667973394348 0.028017518475
0.667973394348 0.028017518475
0.667973394348 0.028017518475
0.71190071967 0.0298897253855
0.667973394348 0.028017518475
0.667973394348 0.028017518475
0.667973394348 0.028017518475
0.667973394348 0.028017518475
0.667973394348 0.028017518475
0.667973394348 0.028017518475
0.667973394348 0.028017518475
0.667973394348 0.028017518475
0.667973394348 0.028017518475
0.667973394348 0.028017518475
0.667973394348 0.028017518475
0.667973394348 0.028017518475
0.714929916289 0.0300188314215
0.667973394348 0.028017518475
0.667973394348 0.028017518475
0.667973394348 0.028017518475
0.667973394348 0.028017518475
0.667973394348 0.028017518475
0.667973394348 0.028017518475
0.667973394348 0.028017518475
0.667973394348 0.028017518475
0.667973394348 0.028017518475
0.667973394348 0.028017518475
0.667973394348 0.028017518475
0.667973394348 0.028017518475
0.667973394348 0.028017518475
0.667973394348 0.028017518475
0.667973394348 0.028017518475
0.667973394348 0.028017518475
0.667973394348 0.028017518475
0.667973394348 0.028017518475
0.667973394348 0.028017518475
0.667973394348 0.028017518475
0.667973394348 0.028017518475
0.667973394348 0.028017518475
0.667973394348 0.028017518475
0.667973394348 0.028017518475
0.667973394348 0.028017518475
0.667973394348 0.028017518475
0.667973394348 0.028017518475
0.667973394348 0.028017518475
0.667973394348 0.028017518475
0.667973394348 0.028017518475
0.667973394348 0.028017518475
0.667973394348 0.028017518475
0.667973394348 0.028017518475
0.667973394348 0.028017518475
0.667973394348 0.028017518475
0.716610965155 0.0300904786542
0.667973394348 0.028017518475
0.667973394348 0.028017518475
0.667973394348 0.028017518475
0.667973394348 0.028017518475
0.667973394348 0.028017518475
0.667973394348 0.028017518475
0.667973394348 0.028017518475
0.667973394348 0.028017518475
0.667973394348 0.028017518475
0.667973394348 0.028017518475
0.667973394348 0.028017518475
0.667973394348 0.028017518475
0.667973394348 0.028017518475
0.663113218855 0.0278103751063
0.667973394348 0.028017518475
0.673686010834 0.0282609933504
0.710573535235 0.0298331600505
0.667973394348 0.028017518475
0.667973394348 0.028017518475
0.667973394348 0.028017518475
0.667973394348 0.028017518475
0.667973394348 0.028017518475
0.667973394348 0.028017518475
0.667973394348 0.028017518475
0.667973394348 0.028017518475
0.667973394348 0.028017518475
0.667973394348 0.028017518475
0.667973394348 0.028017518475
0.667973394348 0.028017518475
0.667973394348 0.028017518475
0.667973394348 0.028017518475
0.667973394348 0.028017518475
0.667973394348 0.028017518475
0.667973394348 0.028017518475
0.667973394348 0.028017518475
0.667973394348 0.028017518475
0.667973394348 0.028017518475
0.667973394348 0.028017518475
0.667973394348 0.028017518475
0.667973394348 0.028017518475
0.667973394348 0.028017518475
0.667973394348 0.028017518475
0.667973394348 0.028017518475
0.667973394348 0.028017518475
0.667973394348 0.028017518475
0.667973394348 0.028017518475
0.667973394348 0.028017518475
0.667973394348 0.028017518475
0.667973394348 0.028017518475
0.675898526554 0.0283552919946
0.667973394348 0.028017518475
0.667973394348 0.028017518475
0.667973394348 0.028017518475
0.667973394348 0.028017518475
0.667973394348 0.028017518475
0.667973394348 0.028017518475
0.667973394348 0.028017518475
0.667973394348 0.028017518475
0.667973394348 0.028017518475
0.667973394348 0.028017518475
0.667973394348 0.028017518475
0.667973394348 0.028017518475
0.667973394348 0.028017518475
0.667973394348 0.028017518475
0.667973394348 0.028017518475
0.667973394348 0.028017518475
0.667973394348 0.028017518475
0.667973394348 0.028017518475
0.667973394348 0.028017518475
0.667973394348 0.028017518475
0.648210256315 0.0271752025969
0.667973394348 0.028017518475
0.667973394348 0.028017518475
0.667973394348 0.028017518475
0.667973394348 0.028017518475
0.667973394348 0.028017518475
0.667973394348 0.028017518475
0.667973394348 0.028017518475
0.667973394348 0.028017518475
0.667973394348 0.028017518475
0.662876804527 0.0278002989968
0.667973394348 0.028017518475
0.667973394348 0.028017518475
0.641980858379 0.0269097022101
0.667973394348 0.028017518475
0.667973394348 0.028017518475
0.667973394348 0.028017518475
0.667973394348 0.028017518475
0.667973394348 0.028017518475
0.667973394348 0.028017518475
0.667973394348 0.028017518475
0.667973394348 0.028017518475
0.667973394348 0.028017518475
0.667973394348 0.028017518475
0.667973394348 0.028017518475
0.667973394348 0.028017518475
0.667973394348 0.028017518475
0.667973394348 0.028017518475
0.667973394348 0.028017518475
0.596346694819 0.0249647489095
0.667973394348 0.028017518475
0.667973394348 0.028017518475
0.650880732453 0.0272890197675
0.667973394348 0.028017518475
0.667973394348 0.028017518475
0.667973394348 0.028017518475
0.667973394348 0.028017518475
0.667973394348 0.028017518475
0.667973394348 0.028017518475
0.667973394348 0.028017518475
0.667973394348 0.028017518475
0.667973394348 0.028017518475
0.667973394348 0.028017518475
0.667973394348 0.028017518475
0.667973394348 0.028017518475
0.667973394348 0.028017518475
0.667973394348 0.028017518475
0.667973394348 0.028017518475
0.667973394348 0.028017518475
0.667973394348 0.028017518475
0.677969356297 0.0284435519041
0.667973394348 0.028017518475
0.667973394348 0.028017518475
0.703053822448 0.0295126657308
0.667973394348 0.028017518475
0.667973394348 0.028017518475
0.667973394348 0.028017518475
0.667973394348 0.028017518475
0.667973394348 0.028017518475
0.667973394348 0.028017518475
0.667973394348 0.028017518475
0.667973394348 0.028017518475
0.667973394348 0.028017518475
0.665476097974 0.0279110823217
0.667973394348 0.028017518475
0.667973394348 0.028017518475
0.667973394348 0.028017518475
0.667973394348 0.028017518475
0.667973394348 0.028017518475
0.667973394348 0.028017518475
0.667973394348 0.028017518475
0.667973394348 0.028017518475
0.667973394348 0.028017518475
0.667973394348 0.028017518475
0.667973394348 0.028017518475
0.667973394348 0.028017518475
0.667973394348 0.028017518475
0.667973394348 0.028017518475
0.667973394348 0.028017518475
0.667973394348 0.028017518475
0.667973394348 0.028017518475
0.667973394348 0.028017518475
0.667973394348 0.028017518475
0.667973394348 0.028017518475
0.667973394348 0.028017518475
0.667973394348 0.028017518475
0.667973394348 0.028017518475
0.667973394348 0.028017518475
0.667973394348 0.028017518475
0.667973394348 0.028017518475
0.667973394348 0.028017518475
0.667973394348 0.028017518475
0.667973394348 0.028017518475
0.667973394348 0.028017518475
0.667973394348 0.028017518475
0.667973394348 0.028017518475
0.667973394348 0.028017518475
0.667973394348 0.028017518475
0.667973394348 0.028017518475
0.667973394348 0.028017518475
0.667973394348 0.028017518475
0.667973394348 0.028017518475
0.667973394348 0.028017518475
0.667973394348 0.028017518475
0.667973394348 0.028017518475
0.667973394348 0.028017518475
0.667973394348 0.028017518475
0.667973394348 0.028017518475
0.667973394348 0.028017518475
0.667973394348 0.028017518475
0.667973394348 0.028017518475
0.667973394348 0.028017518475
0.667973394348 0.028017518475
0.667973394348 0.028017518475
0.667973394348 0.028017518475
0.667973394348 0.028017518475
0.667973394348 0.028017518475
0.667973394348 0.028017518475
0.667973394348 0.028017518475
0.667973394348 0.028017518475
0.667973394348 0.028017518475
0.667973394348 0.028017518475
0.714387146644 0.0299956982789
0.667973394348 0.028017518475
0.667973394348 0.028017518475
0.667973394348 0.028017518475
0.667973394348 0.028017518475
0.667973394348 0.028017518475
0.667973394348 0.028017518475
0.667973394348 0.028017518475
0.667973394348 0.028017518475
0.667973394348 0.028017518475
0.667973394348 0.028017518475
0.667973394348 0.028017518475
0.667973394348 0.028017518475
0.667973394348 0.028017518475
0.667973394348 0.028017518475
0.667973394348 0.028017518475
0.667973394348 0.028017518475
0.667973394348 0.028017518475
0.667973394348 0.028017518475
0.667973394348 0.028017518475
0.667973394348 0.028017518475
0.667973394348 0.028017518475
0.667973394348 0.028017518475
0.667973394348 0.028017518475
0.611607462906 0.0256151712893
0.667973394348 0.028017518475
0.667973394348 0.028017518475
0.667973394348 0.028017518475
0.667973394348 0.028017518475
