0.0570205821371 0.371401004243
0.702722950246 0.467369341699
0.371048183391 0.536013730401
0.335780691262 0.264868847523
0.087095241971 0.771592674256
0.674318308891 0.458332795189
0.458585067824 0.296666519768
0.728227727607 0.282761858909
0.846074816568 0.374514126099
0.337753728579 0.206544750912
0.943626163008 0.628486270793
0.0222961905143 0.631300569096
0.520989568697 0.548406547166
0.500005923398 0.651740677818
0.74006683184 0.606390047809
0.856191564754 0.632095498949
0.869996376924 0.678659905791
0.616267317195 0.449618713009
0.704998564143 0.480565468507
0.0272693812557 0.504130911651
0.0241720059613 0.477432041964
0.487703504605 0.559879656016
0.102080740468 0.186259147796
0.588759520902 0.106957789775
0.917728317589 0.347497934125
0.0553972639517 0.661585828745
0.869257575134 0.335126170809
0.942513181996 0.404995757772
0.250239237819 0.407709162421
0.977735854542 0.598190056823
0.908592813839 0.595895266793
0.355939064183 0.599274773215
0.226001248739 0.346641641021
0.480355823503 0.542120110854
0.483359997714 0.251854558469
0.509854403064 0.534801381656
0.80365320234 0.412277409152
0.934300818591 0.544857057823
0.642074599203 0.577365124318
0.977718962915 0.456192568731
0.657961277673 0.685429859136
0.348609167395 0.493769382274
0.109839226528 0.431492068044
0.200073817441 0.504262142967
0.693439594917 0.379773734286
0.174961953248 0.579778449907
0.770185582054 0.372083960734
0.825282722858 0.261442618385
0.457308753977 0.646422023461
0.132384829091 0.739562756242
0.0570205821371 0.371401004243
0.0570205821371 0.371401004243
0.0570205821371 0.371401004243
0.0570205821371 0.371401004243
0.0570205821371 0.371401004243
0.0570205821371 0.371401004243
0.0570205821371 0.371401004243
0.618239387351 0.371333554722
0.0570205821371 0.371401004243
0.0570205821371 0.371401004243
0.0570205821371 0.371401004243
0.0570205821371 0.371401004243
0.0570205821371 0.371401004243
0.0570205821371 0.371401004243
0.0570205821371 0.371401004243
0.0570205821371 0.371401004243
0.0570205821371 0.371401004243
0.0570205821371 0.371401004243
0.0570205821371 0.371401004243
0.0570205821371 0.371401004243
0.0570205821371 0.371401004243
0.0570205821371 0.371401004243
0.0570205821371 0.371401004243
0.0570205821371 0.371401004243
0.0570205821371 0.333972725411
0.0570205821371 0.371401004243
0.0570205821371 0.371401004243
0.0570205821371 0.371401004243
0.0570205821371 0.371401004243
0.0570205821371 0.371401004243
0.0570205821371 0.371401004243
0.0570205821371 0.371401004243
0.0570205821371 0.371401004243
0.0570205821371 0.371401004243
0.0570205821371 0.371401004243
0.0570205821371 0.371401004243
0.0570205821371 0.371401004243
0.0570205821371 0.371401004243
0.0570205821371 0.371401004243
0.0570205821371 0.371401004243
0.0570205821371 0.371401004243
0.0570205821371 0.371401004243
0.0570205821371 0.371401004243
0.0570205821371 0.371401004243
0.0570205821371 0.371401004243
0.0570205821371 0.371401004243
0.0570205821371 0.371401004243
0.0570205821371 0.371401004243
0.0570205821371 0.371401004243
0.0570205821371 0.371401004243
0.0570205821371 0.371401004243
0.0570205821371 0.371401004243
0.0570205821371 0.371401004243
0.0570205821371 0.371401004243
0.0570205821371 0.371401004243
0.0570205821371 0.371401004243
0.0570205821371 0.371401004243
0.0570205821371 0.371401004243
0.0570205821371 0.371401004243
0.0570205821371 0.371401004243
0.0570205821371 0.371401004243
0.0570205821371 0.371401004243
0.0570205821371 0.371401004243
0.0570205821371 0.371401004243
0.0570205821371 0.371401004243
0.0570205821371 0.309381068658
0.0570205821371 0.430498694957
0.0570205821371 0.371401004243
0.0570205821371 0.371401004243
0.0570205821371 0.371401004243
0.0570205821371 0.371401004243
0.0570205821371 0.371401004243
0.0570205821371 0.371401004243
0.0570205821371 0.371401004243
0.0570205821371 0.371401004243
0.0570205821371 0.371401004243
0.0570205821371 0.371401004243
0.0570205821371 0.371401004243
0.0570205821371 0.371401004243
0.0570205821371 0.371401004243
0.0570205821371 0.371401004243
0.0570205821371 0.371401004243
0.0570205821371 0.371401004243
0.0570205821371 0.371401004243
0.0570205821371 0.371401004243
0.0570205821371 0.371401004243
0.0570205821371 0.371401004243
0.0570205821371 0.371401004243
0.0570205821371 0.371401004243
0.0570205821371 0.371401004243
0.0570205821371 0.371401004243
0.0570205821371 0.371401004243
0.0570205821371 0.371401004243
0.0570205821371 0.371401004243
0.0570205821371 0.371401004243
0.0570205821371 0.371401004243
0.0570205821371 0.371401004243
0.0570205821371 0.371401004243
0.0570205821371 0.371401004243
0.0570205821371 0.371401004243
0.0570205821371 0.371401004243
0.0570205821371 0.371401004243
0.0570205821371 0.371401004243
0.0570205821371 0.371401004243
0.0570205821371 0.371401004243
0.0570205821371 0.371401004243
0.0570205821371 0.371401004243
0.0570205821371 0.371401004243
0.0570205821371 0.371401004243
0.0570205821371 0.371401004243
0.0570205821371 0.371401004243
0.0570205821371 0.371401004243
0.0570205821371 0.371401004243
0.0570205821371 0.371401004243
0.0570205821371 0.371401004243
0.0570205821371 0.371401004243
0.0570205821371 0.371401004243
0.0570205821371 0.371401004243
0.0570205821371 0.371401004243
0.0570205821371 0.371401004243
0.0570205821371 0.371401004243
0.0570205821371 0.371401004243
0.0570205821371 0.371401004243
0.0570205821371 0.371401004243
0.0570205821371 0.371401004243
0.0570205821371 0.371401004243
0.0570205821371 0.371401004243
0.0570205821371 0.371401004243
0.0570205821371 0.371401004243
0.0570205821371 0.371401004243
0.0570205821371 0.371401004243
0.0570205821371 0.371401004243
0.0570205821371 0.371401004243
0.0570205821371 0.371401004243
0.0570205821371 0.371401004243
0.0570205821371 0.371401004243
0.805455688469 0.371009267669
0.0570205821371 0.371401004243
0.0570205821371 0.371401004243
0.0570205821371 0.371401004243
0.0570205821371 0.371401004243
0.0570205821371 0.371401004243
0.0570205821371 0.371401004243
0.0570205821371 0.371401004243
0.0570205821371 0.337785071292
0.0570205821371 0.371401004243
0.0570205821371 0.371401004243
0.0570205821371 0.371401004243
0.0570205821371 0.371401004243
0.0570205821371 0.371401004243
0.0570205821371 0.371401004243
0.0570205821371 0.371401004243
0.0570205821371 0.371401004243
0.0570205821371 0.371401004243
0.0570205821371 0.371401004243
0.0570205821371 0.371401004243
0.0570205821371 0.371401004243
0.0570205821371 0.371401004243
0.0570205821371 0.371401004243
0.0570205821371 0.371401004243
0.0570205821371 0.371401004243
0.0570205821371 0.346832154503
0.0570205821371 0.371401004243
0.0570205821371 0.371401004243
0.0570205821371 0.371401004243
0.0570205821371 0.371401004243
0.0570205821371 0.371401004243
0.0570205821371 0.38157129497
0.0570205821371 0.371401004243
0.0570205821371 0.371401004243
0.0570205821371 0.371401004243
0.0570205821371 0.371401004243
0.0570205821371 0.371401004243
0.0570205821371 0.371401004243
0.0570205821371 0.371401004243
0.0570205821371 0.371401004243
0.0570205821371 0.371401004243
0.0570205821371 0.371401004243
0.0570205821371 0.371401004243
0.0570205821371 0.371401004243
0.0570205821371 0.371401004243
0.0570205821371 0.371401004243
0.0570205821371 0.371401004243
0.0570205821371 0.371401004243
0.0570205821371 0.371401004243
0.0570205821371 0.371401004243
0.0570205821371 0.371401004243
0.0570205821371 0.371401004243
0.0570205821371 0.371401004243
0.0570205821371 0.371401004243
0.0570205821371 0.371401004243
0.0570205821371 0.371401004243
0.0570205821371 0.371401004243
0.0570205821371 0.371401004243
0.0570205821371 0.371401004243
0.0570205821371 0.371401004243
0.0570205821371 0.371401004243
0.0570205821371 0.316353245827
0.0570205821371 0.371401004243
0.0570205821371 0.371401004243
0.0570205821371 0.371401004243
0.0570205821371 0.371401004243
0.0570205821371 0.371401004243
0.0570205821371 0.371401004243
0.0570205821371 0.371401004243
0.0570205821371 0.371401004243
0.0570205821371 0.371401004243
0.0570205821371 0.344481611022
0.0570205821371 0.371401004243
0.0570205821371 0.371401004243
0.0570205821371 0.371401004243
0.0570205821371 0.371401004243
0.0570205821371 0.371401004243
0.0570205821371 0.371401004243
0.0570205821371 0.371401004243
0.0570205821371 0.371401004243
0.0570205821371 0.371401004243
0.0570205821371 0.371401004243
0.0570205821371 0.371401004243
0.0570205821371 0.371401004243
0.0570205821371 0.371401004243
0.0570205821371 0.371401004243
0.0570205821371 0.371401004243
0.0570205821371 0.371401004243
0.0570205821371 0.371401004243
0.0570205821371 0.371401004243
0.0570205821371 0.371401004243
0.0570205821371 0.371401004243
0.0570205821371 0.371401004243
0.0570205821371 0.371401004243
0.0570205821371 0.371401004243
0.0570205821371 0.371401004243
0.0570205821371 0.371401004243
0.0570205821371 0.371401004243
0.0570205821371 0.371401004243
0.0570205821371 0.371401004243
0.0570205821371 0.371401004243
0.0570205821371 0.371401004243
0.0570205821371 0.371401004243
0.0570205821371 0.371401004243
0.0570205821371 0.371401004243
0.0570205821371 0.371401004243
0.0570205821371 0.371401004243
0.0570205821371 0.371401004243
0.0570205821371 0.371401004243
0.0570205821371 0.371401004243
0.0570205821371 0.388425994651
0.0570205821371 0.371401004243
0.0570205821371 0.371401004243
0.0570205821371 0.371401004243
0.0570205821371 0.371401004243
0.0570205821371 0.371401004243
0.0570205821371 0.371401004243
0.0570205821371 0.371401004243
0.0570205821371 0.371401004243
0.0570205821371 0.371401004243
0.0570205821371 0.371401004243
0.0570205821371 0.371401004243
0.0570205821371 0.371401004243
0.0570205821371 0.371401004243
0.0570205821371 0.371401004243
0.0570205821371 0.371401004243
0.0570205821371 0.371401004243
0.0570205821371 0.371401004243
0.0570205821371 0.371401004243
0.0570205821371 0.371401004243
0.0570205821371 0.371401004243
0.0570205821371 0.371401004243
0.0570205821371 0.371401004243
0.0570205821371 0.371401004243
0.0570205821371 0.371401004243
0.0570205821371 0.371401004243
0.0570205821371 0.371401004243
0.0570205821371 0.371401004243
0.0570205821371 0.371401004243
0.0570205821371 0.371401004243
0.0570205821371 0.371401004243
0.0570205821371 0.371401004243
0.0570205821371 0.371401004243
0.0570205821371 0.44051965079
0.0570205821371 0.371401004243
0.0570205821371 0.371401004243
0.0570205821371 0.371401004243
0.0570205821371 0.371401004243
0.0570205821371 0.371401004243
0.0570205821371 0.371401004243
0.0570205821371 0.371401004243
0.0570205821371 0.371401004243
0.0570205821371 0.371401004243
0.0570205821371 0.371401004243
0.0570205821371 0.371401004243
0.0570205821371 0.371401004243
0.0570205821371 0.371401004243
0.0570205821371 0.371401004243
0.0570205821371 0.371401004243
0.0570205821371 0.371401004243
0.0570205821371 0.371401004243
0.0570205821371 0.371401004243
0.0570205821371 0.371401004243
0.0570205821371 0.371401004243
0.0570205821371 0.371401004243
0.0570205821371 0.371401004243
0.0570205821371 0.371401004243
0.0570205821371 0.371401004243
0.0570205821371 0.371401004243
0.0570205821371 0.371401004243
0.0570205821371 0.277601017126
0.0570205821371 0.371401004243
0.0570205821371 0.371401004243
0.0570205821371 0.371401004243
0.0570205821371 0.371401004243
0.0570205821371 0.371401004243
0.0570205821371 0.371401004243
0.0570205821371 0.371401004243
0.0570205821371 0.371401004243
0.0570205821371 0.371401004243
0.0570205821371 0.371401004243
0.0570205821371 0.371401004243
0.0570205821371 0.371401004243
0.0570205821371 0.371401004243
0.0570205821371 0.371401004243
0.0570205821371 0.371401004243
0.0570205821371 0.371401004243
0.0570205821371 0.38691546316
0.0570205821371 0.371401004243
0.0570205821371 0.371401004243
0.0570205821371 0.371401004243
0.0570205821371 0.371401004243
0.0570205821371 0.371401004243
0.0570205821371 0.371401004243
0.0570205821371 0.371401004243
0.0570205821371 0.371401004243
0.0570205821371 0.371401004243
0.0570205821371 0.371401004243
0.0570205821371 0.371401004243
0.0570205821371 0.371401004243
0.0570205821371 0.371401004243
0.0570205821371 0.371401004243
0.0570205821371 0.371401004243
0.0570205821371 0.371401004243
0.0570205821371 0.371401004243
0.0570205821371 0.371401004243
0.0570205821371 0.371401004243
0.0570205821371 0.371401004243
0.0570205821371 0.371401004243
0.0570205821371 0.371401004243
0.0570205821371 0.371401004243
0.0570205821371 0.371401004243
0.0570205821371 0.371401004243
0.0570205821371 0.371401004243
0.0570205821371 0.371401004243
0.0570205821371 0.371401004243
0.0570205821371 0.371401004243
0.0570205821371 0.371401004243
0.0570205821371 0.371401004243
0.0570205821371 0.371401004243
0.0570205821371 0.371401004243
0.0570205821371 0.371401004243
0.0570205821371 0.371401004243
0.0570205821371 0.371401004243
0.0570205821371 0.371401004243
0.0570205821371 0.371401004243
0.0570205821371 0.371401004243
0.0570205821371 0.371401004243
0.0570205821371 0.371401004243
0.0570205821371 0.365567342852
0.0570205821371 0.371401004243
0.0570205821371 0.371401004243
0.0570205821371 0.371401004243
0.0570205821371 0.371401004243
0.0570205821371 0.371401004243
0.0570205821371 0.371401004243
0.0570205821371 0.371401004243
0.0570205821371 0.371401004243
0.0570205821371 0.371401004243
0.0570205821371 0.371401004243
0.0570205821371 0.371401004243
0.0570205821371 0.371401004243
0.0570205821371 0.371401004243
0.0570205821371 0.371401004243
0.0570205821371 0.371401004243
0.0570205821371 0.371401004243
0.0570205821371 0.371401004243
0.0570205821371 0.371401004243
0.0570205821371 0.371401004243
0.0570205821371 0.371401004243
0.0570205821371 0.371401004243
0.0570205821371 0.371401004243
0.0570205821371 0.371401004243
0.0570205821371 0.371401004243
0.0570205821371 0.371401004243
0.0570205821371 0.371401004243
0.0570205821371 0.371401004243
0.0570205821371 0.371401004243
0.0570205821371 0.371401004243
0.0570205821371 0.371401004243
0.0570205821371 0.371401004243
0.0570205821371 0.371401004243
0.0570205821371 0.371401004243
0.0570205821371 0.371401004243
0.0570205821371 0.371401004243
0.0570205821371 0.371401004243
0.0570205821371 0.371401004243
0.0570205821371 0.371401004243
0.0570205821371 0.371401004243
0.0570205821371 0.371401004243
0.0570205821371 0.371401004243
0.0570205821371 0.371401004243
0.0570205821371 0.371401004243
0.0570205821371 0.371401004243
0.964549829569 0.371086673295
0.0570205821371 0.371401004243
0.0570205821371 0.371401004243
0.0570205821371 0.371401004243
0.0570205821371 0.371401004243
0.0570205821371 0.371401004243
0.0570205821371 0.371401004243
0.0570205821371 0.371401004243
0.0570205821371 0.371401004243
0.0570205821371 0.371401004243
0.0570205821371 0.371401004243
0.0570205821371 0.371401004243
0.0570205821371 0.371401004243
0.0570205821371 0.371401004243
0.0570205821371 0.371401004243
0.0570205821371 0.371401004243
0.0570205821371 0.318649692833
0.0570205821371 0.371401004243
0.0570205821371 0.371401004243
0.0570205821371 0.371401004243
0.0570205821371 0.371401004243
0.0570205821371 0.371401004243
0.0570205821371 0.371401004243
0.0570205821371 0.371401004243
0.0570205821371 0.371401004243
0.0570205821371 0.371401004243
0.0570205821371 0.371401004243
0.0570205821371 0.371401004243
0.0570205821371 0.371401004243
0.0570205821371 0.371401004243
0.0570205821371 0.371401004243
0.0570205821371 0.371401004243
0.0570205821371 0.371401004243
0.0570205821371 0.371401004243
0.0570205821371 0.371401004243
0.0570205821371 0.371401004243
0.0570205821371 0.371401004243
0.0570205821371 0.371401004243
0.0570205821371 0.371401004243
0.0570205821371 0.371401004243
