0.0641163704857 0.795608665857
0.814808099233 0.0515410145884
0.154497706116 0.86628885168
0.0329934669732 0.648461158588
0.501579162021 0.748120888763
0.000978871919707 0.748850613224
0.563220510778 0.465078864321
0.634401311137 0.333397157573
0.778137190346 0.0657977768089
0.395621755844 0.486785478018
0.677784490378 0.212039362089
0.661815647067 0.587775654257
0.00370790192545 0.753425998434
0.650314307918 0.369449965123
0.307045328352 0.711524997393
0.0407005877899 0.770871312489
0.362504607973 0.725387046354
0.596042533782 0.493686770772
0.139770316684 0.731671083767
0.66975620605 0.187824058461
0.552383273537 0.511719891176
0.157454019478 0.802585770951
0.846358461501 0.361790420911
0.843970256035 0.106588288592
0.229123799155 0.699579124935
0.619213925613 0.310960876774
0.0426975593843 0.7956091825
0.353993543669 0.679152359145
0.843245214219 0.0226668638487
0.463091077525 0.702340072828
0.322715292943 0.576625717935
0.206849230008 0.797958910322
0.685170916238 0.366846052548
0.618685006254 0.439529137022
0.506309849216 0.618798063231
0.817707961077 0.00175374914589
0.350077523584 0.570100172813
0.76896858697 0.454777375699
0.540422237277 0.371300818778
0.239852622056 0.585161313268
0.661201694349 0.392233727724
0.57304102821 0.467448837236
0.397429611454 0.473156318785
0.461320272356 0.395643740261
0.794594871816 0.00449664484785
0.593627652403 0.499577590458
0.386258233382 0.538993153336
0.527642610818 0.37797636029
0.235234372539 0.828030381902
0.534527388366 0.486113442053
0.0641163704857 0.795608665857
0.0641163704857 0.795608665857
0.0641163704857 0.795608665857
0.0641163704857 0.795608665857
0.0641163704857 0.795608665857
0.0641163704857 0.795608665857
0.0641163704857 0.795608665857
0.0641163704857 0.795608665857
0.0641163704857 0.795608665857
0.0641163704857 0.795608665857
0.0641163704857 0.795608665857
0.0641163704857 0.795608665857
0.0641163704857 0.795608665857
0.0641163704857 0.795608665857
0.0641163704857 0.795608665857
0.0641163704857 0.795608665857
0.0641163704857 0.795608665857
0.0639957466059 0.794146402625
0.0641163704857 0.795608665857
0.0641163704857 0.795608665857
0.0641163704857 0.795608665857
0.0641163704857 0.795608665857
0.0641163704857 0.795608665857
0.0641163704857 0.795608665857
0.0641163704857 0.795608665857
0.0641163704857 0.795608665857
0.0641163704857 0.795608665857
0.0641163704857 0.795608665857
0.0641163704857 0.795608665857
0.0641163704857 0.795608665857
0.0658227494732 0.816294248662
0.0641163704857 0.795608665857
0.0641163704857 0.795608665857
0.0641163704857 0.795608665857
0.0641163704857 0.795608665857
0.0641163704857 0.795608665857
0.0641163704857 0.795608665857
0.0641163704857 0.795608665857
0.0641163704857 0.795608665857
0.0641163704857 0.795608665857
0.0641163704857 0.795608665857
0.0641163704857 0.795608665857
0.0641163704857 0.795608665857
0.0641163704857 0.795608665857
0.0641163704857 0.795608665857
0.0641163704857 0.795608665857
0.0641163704857 0.795608665857
0.0641163704857 0.795608665857
0.0641163704857 0.795608665857
0.0641163704857 0.795608665857
0.0641163704857 0.795608665857
0.0641163704857 0.795608665857
0.0660768187238 0.819374203678
0.0641163704857 0.795608665857
0.0641163704857 0.795608665857
0.0641163704857 0.795608665857
0.0641163704857 0.795608665857
0.0641163704857 0.795608665857
0.0641163704857 0.795608665857
0.0641163704857 0.795608665857
0.0641163704857 0.795608665857
0.0641163704857 0.795608665857
0.0641163704857 0.795608665857
0.0641163704857 0.795608665857
0.0641163704857 0.795608665857
0.0641163704857 0.795608665857
0.0641163704857 0.795608665857
0.0660938104589 0.819580186022
0.0641163704857 0.795608665857
0.0641163704857 0.795608665857
0.0641163704857 0.795608665857
0.0641163704857 0.795608665857
0.0641163704857 0.795608665857
0.0641163704857 0.795608665857
0.0641163704857 0.795608665857
0.0641163704857 0.795608665857
0.0641163704857 0.795608665857
0.0641163704857 0.795608665857
0.0641163704857 0.795608665857
0.0641163704857 0.795608665857
0.0641163704857 0.795608665857
0.0641163704857 0.795608665857
0.0641163704857 0.795608665857
0.0641163704857 0.795608665857
0.0641163704857 0.795608665857
0.0641163704857 0.795608665857
0.0628879730511 0.780717415416
0.0641163704857 0.795608665857
0.0641163704857 0.795608665857
0.0641163704857 0.795608665857
0.0641163704857 0.795608665857
0.0641163704857 0.795608665857
0.0641163704857 0.795608665857
0.0641163704857 0.795608665857
0.0641163704857 0.795608665857
0.0641163704857 0.795608665857
0.0641163704857 0.795608665857
0.0641163704857 0.795608665857
0.0641163704857 0.795608665857
0.0641163704857 0.795608665857
0.0641163704857 0.795608665857
0.0641163704857 0.795608665857
0.0641163704857 0.795608665857
0.0641163704857 0.795608665857
0.0641163704857 0.795608665857
0.0641163704857 0.795608665857
0.0641163704857 0.795608665857
0.0641163704857 0.795608665857
0.0641163704857 0.795608665857
0.0641163704857 0.795608665857
0.0641163704857 0.795608665857
0.0641163704857 0.795608665857
0.0641163704857 0.795608665857
0.0641163704857 0.795608665857
0.0641163704857 0.795608665857
0.0641163704857 0.795608665857
0.0641163704857 0.795608665857
0.0641163704857 0.795608665857
0.0641163704857 0.795608665857
0.0641163704857 0.795608665857
0.0641163704857 0.795608665857
0.0641163704857 0.795608665857
0.0641163704857 0.795608665857
0.0641163704857 0.795608665857
0.0641163704857 0.795608665857
0.0641163704857 0.795608665857
0.0641163704857 0.795608665857
0.0641163704857 0.795608665857
0.0641163704857 0.795608665857
0.0641163704857 0.795608665857
0.0641163704857 0.795608665857
0.0641163704857 0.795608665857
0.0641163704857 0.795608665857
0.0641163704857 0.795608665857
0.0615033098453 0.763931832839
0.0641163704857 0.795608665857
0.0641163704857 0.795608665857
0.0641163704857 0.795608665857
0.0641163704857 0.795608665857
0.0641163704857 0.795608665857
0.0641163704857 0.795608665857
0.0641163704857 0.795608665857
0.0641163704857 0.795608665857
0.0641163704857 0.795608665857
0.0641163704857 0.795608665857
0.0641163704857 0.795608665857
0.0641163704857 0.795608665857
0.0641163704857 0.795608665857
0.0641163704857 0.795608665857
0.0641163704857 0.795608665857
0.0641163704857 0.795608665857
0.0641163704857 0.795608665857
0.0641163704857 0.795608665857
0.0641163704857 0.795608665857
0.0641163704857 0.795608665857
0.0641163704857 0.795608665857
0.0641163704857 0.795608665857
0.0641163704857 0.795608665857
0.0641163704857 0.795608665857
0.0641163704857 0.795608665857
0.0641163704857 0.795608665857
0.0641163704857 0.795608665857
0.0641163704857 0.795608665857
0.0641163704857 0.795608665857
0.0641163704857 0.795608665857
0.0641163704857 0.795608665857
0.0641163704857 0.795608665857
0.0641163704857 0.795608665857
0.0641163704857 0.795608665857
0.0641163704857 0.795608665857
0.0641163704857 0.795608665857
0.0641163704857 0.795608665857
0.0641163704857 0.795608665857
0.0641163704857 0.795608665857
0.0641163704857 0.795608665857
0.0641163704857 0.795608665857
0.0641163704857 0.795608665857
0.0641163704857 0.795608665857
0.0641163704857 0.795608665857
0.0641163704857 0.795608665857
0.0641163704857 0.795608665857
0.0641163704857 0.795608665857
0.0641163704857 0.795608665857
0.0641163704857 0.795608665857
0.0641163704857 0.795608665857
0.0641163704857 0.795608665857
0.0641163704857 0.795608665857
0.0641163704857 0.795608665857
0.0641163704857 0.795608665857
0.0641163704857 0.795608665857
0.0641163704857 0.795608665857
0.0641163704857 0.795608665857
0.0641163704857 0.795608665857
0.0641163704857 0.795608665857
0.0641163704857 0.795608665857
0.0641163704857 0.795608665857
0.0641163704857 0.795608665857
0.0641163704857 0.795608665857
0.0641163704857 0.795608665857
0.0641163704857 0.795608665857
0.0660325503175 0.818837559831
0.0641163704857 0.795608665857
0.0641163704857 0.795608665857
0.0641163704857 0.795608665857
0.0641163704857 0.795608665857
0.0641163704857 0.795608665857
0.0641163704857 0.795608665857
0.0641163704857 0.795608665857
0.0641163704857 0.795608665857
0.0641163704857 0.795608665857
0.0641163704857 0.795608665857
0.0641163704857 0.795608665857
0.0641163704857 0.795608665857
0.0641163704857 0.795608665857
0.0641163704857 0.795608665857
0.0641163704857 0.795608665857
0.0664404495713 0.82378231938
0.0641163704857 0.795608665857
0.0641163704857 0.795608665857
0.0663352296014 0.822506790076
0.0641163704857 0.795608665857
0.0641163704857 0.795608665857
0.0641163704857 0.795608665857
0.0641163704857 0.795608665857
0.0641163704857 0.795608665857
0.0641163704857 0.795608665857
0.0641163704857 0.795608665857
0.0641163704857 0.795608665857
0.0641163704857 0.795608665857
0.0641163704857 0.795608665857
0.0641163704857 0.795608665857
0.0644612753432 0.799789775705
0.0641163704857 0.795608665857
0.0641163704857 0.795608665857
0.0641163704857 0.795608665857
0.0641163704857 0.795608665857
0.0641163704857 0.795608665857
0.0641163704857 0.795608665857
0.0641163704857 0.795608665857
0.0641163704857 0.795608665857
0.0640009609022 0.794209612942
0.0635130131648 0.788294465487
0.0641163704857 0.795608665857
0.0641163704857 0.795608665857
0.0641163704857 0.795608665857
0.0641163704857 0.795608665857
0.0641163704857 0.795608665857
0.0641163704857 0.795608665857
0.0641163704857 0.795608665857
0.0641163704857 0.795608665857
0.0641163704857 0.795608665857
0.0641163704857 0.795608665857
0.0641163704857 0.795608665857
0.0641163704857 0.795608665857
0.0641163704857 0.795608665857
0.0641163704857 0.795608665857
0.0641163704857 0.795608665857
0.0641163704857 0.795608665857
0.0641163704857 0.795608665857
0.0641163704857 0.795608665857
0.0641163704857 0.795608665857
0.0641163704857 0.795608665857
0.0641163704857 0.795608665857
0.064192325089 0.796529425692
0.0641163704857 0.795608665857
0.0641163704857 0.795608665857
0.0641163704857 0.795608665857
0.0641163704857 0.795608665857
0.0641163704857 0.795608665857
0.0641163704857 0.795608665857
0.0641163704857 0.795608665857
0.0641163704857 0.795608665857
0.0641163704857 0.795608665857
0.0641163704857 0.795608665857
0.0641163704857 0.795608665857
0.0641163704857 0.795608665857
0.0641163704857 0.795608665857
0.0641163704857 0.795608665857
0.0641163704857 0.795608665857
0.0641163704857 0.795608665857
0.0641163704857 0.795608665857
0.0641163704857 0.795608665857
0.0641163704857 0.795608665857
0.0641163704857 0.795608665857
0.0641163704857 0.795608665857
0.0641163704857 0.795608665857
0.0641163704857 0.795608665857
0.0641163704857 0.795608665857
0.0641163704857 0.795608665857
0.0641163704857 0.795608665857
0.0641163704857 0.795608665857
0.0641163704857 0.795608665857
0.0641163704857 0.795608665857
0.0641163704857 0.795608665857
0.0641163704857 0.795608665857
0.0641163704857 0.795608665857
0.0641163704857 0.795608665857
0.0641163704857 0.795608665857
0.0641163704857 0.795608665857
0.0641163704857 0.795608665857
0.0641163704857 0.795608665857
0.0641163704857 0.795608665857
0.0641163704857 0.795608665857
0.0641163704857 0.795608665857
0.0641163704857 0.795608665857
0.0641163704857 0.795608665857
0.0641163704857 0.795608665857
0.0641163704857 0.795608665857
0.0641163704857 0.795608665857
0.0641163704857 0.795608665857
0.0641163704857 0.795608665857
0.0641163704857 0.795608665857
0.0641163704857 0.795608665857
0.0641163704857 0.795608665857
0.0641163704857 0.795608665857
0.0641163704857 0.795608665857
0.0641163704857 0.795608665857
0.0641163704857 0.795608665857
0.0641163704857 0.795608665857
0.0641163704857 0.795608665857
0.0641163704857 0.795608665857
0.0641163704857 0.795608665857
0.0641163704857 0.795608665857
0.0641163704857 0.795608665857
0.0641163704857 0.795608665857
0.0641163704857 0.795608665857
0.0641163704857 0.795608665857
0.0641163704857 0.795608665857
0.0641163704857 0.795608665857
0.0641163704857 0.795608665857
0.0641163704857 0.795608665857
0.0641163704857 0.795608665857
0.0641163704857 0.795608665857
0.0641163704857 0.795608665857
0.0641163704857 0.795608665857
0.0641163704857 0.795608665857
0.0641163704857 0.795608665857
0.0641163704857 0.795608665857
0.0641163704857 0.795608665857
0.0641163704857 0.795608665857
0.0641163704857 0.795608665857
0.0641163704857 0.795608665857
0.0641163704857 0.795608665857
0.0641163704857 0.795608665857
0.0641163704857 0.795608665857
0.0641163704857 0.795608665857
0.0641163704857 0.795608665857
0.0641163704857 0.795608665857
0.0641163704857 0.795608665857
0.0641163704857 0.795608665857
0.0641163704857 0.795608665857
0.0641163704857 0.795608665857
0.0641163704857 0.795608665857
0.0641163704857 0.795608665857
0.0619827937653 0.769744377651
0.0641163704857 0.795608665857
0.0641163704857 0.795608665857
0.0641163704857 0.795608665857
0.0641163704857 0.795608665857
0.0641163704857 0.795608665857
0.0641163704857 0.795608665857
0.0641163704857 0.795608665857
0.0641163704857 0.795608665857
0.0641163704857 0.795608665857
0.0641163704857 0.795608665857
0.0641163704857 0.795608665857
0.0641163704857 0.795608665857
0.0641163704857 0.795608665857
0.0641163704857 0.795608665857
0.0641487398201 0.79600106318
0.0641163704857 0.795608665857
0.0641163704857 0.795608665857
0.0641163704857 0.795608665857
0.0641163704857 0.795608665857
0.0641163704857 0.795608665857
0.0641163704857 0.795608665857
0.0641163704857 0.795608665857
0.0641163704857 0.795608665857
0.0641163704857 0.795608665857
0.065368224799 0.810784272359
0.0641163704857 0.795608665857
0.0641163704857 0.795608665857
0.0641163704857 0.795608665857
0.0641163704857 0.795608665857
0.0641163704857 0.795608665857
0.0641163704857 0.795608665857
0.0641163704857 0.795608665857
0.0641163704857 0.795608665857
0.0641163704857 0.795608665857
0.0634084515832 0.787026917497
0.0641163704857 0.795608665857
0.0641163704857 0.795608665857
0.0641163704857 0.795608665857
0.0641163704857 0.795608665857
0.0641163704857 0.795608665857
0.0641163704857 0.795608665857
0.0641163704857 0.795608665857
0.0641163704857 0.795608665857
0.0641163704857 0.795608665857
0.0641163704857 0.795608665857
0.0641163704857 0.795608665857
0.0641163704857 0.795608665857
0.0641163704857 0.795608665857
0.0641163704857 0.795608665857
0.0641163704857 0.795608665857
0.0641163704857 0.795608665857
0.0641163704857 0.795608665857
0.0641163704857 0.795608665857
0.0641163704857 0.795608665857
0.0641163704857 0.795608665857
0.0641163704857 0.795608665857
0.0641163704857 0.795608665857
0.0641163704857 0.795608665857
0.0641163704857 0.795608665857
0.0641163704857 0.795608665857
0.0641163704857 0.795608665857
0.0641163704857 0.795608665857
0.0641163704857 0.795608665857
0.0641163704857 0.795608665857
0.0641163704857 0.795608665857
0.0641163704857 0.795608665857
0.0645363824935 0.80070026229
0.0641163704857 0.795608665857
0.0641163704857 0.795608665857
0.0641163704857 0.795608665857
0.0641163704857 0.795608665857
0.0641163704857 0.795608665857
0.0641163704857 0.795608665857
0.0641163704857 0.795608665857
0.0641163704857 0.795608665857
0.0641163704857 0.795608665857
0.0641163704857 0.795608665857
0.0641163704857 0.795608665857
0.0641163704857 0.795608665857
0.0641163704857 0.795608665857
0.0641163704857 0.795608665857
0.0639153885187 0.793172261546
0.0641163704857 0.795608665857
0.0641163704857 0.795608665857
0.0641163704857 0.795608665857
0.0641163704857 0.795608665857
0.0641163704857 0.795608665857
0.0641163704857 0.795608665857
0.0641163704857 0.795608665857
0.0641163704857 0.795608665857
0.0641163704857 0.795608665857
0.0641163704857 0.795608665857
0.0641163704857 0.795608665857
0.0641163704857 0.795608665857
0.0641163704857 0.795608665857
