0.986747784445 0.0732127312403
0.87029701027 0.457283762773
0.0334390216973 0.609787459106
0.847942464253 0.837100119877
0.188127251363 0.539525780131
0.864225069954 0.318200668004
0.257769470973 0.749790521908
0.851465601686 0.594483657732
0.568556654235 0.647166673045
0.186330767658 0.865178412792
0.678086855404 0.71479798882
0.63684988802 0.734922886352
0.91374867114 0.7265597601
0.828679565845 0.683628688108
0.215357208533 0.494502875959
0.781737123324 0.35062273388
0.113523123654 0.443767408551
0.998179083951 0.675515440194
0.441101559354 0.656145822253
0.991529349934 0.353194015714
0.622349848708 0.149714764361
0.46906168489 0.403627434832
0.871760435226 0.284615045852
0.84379065251 0.420485564932
0.188092211112 0.598106081652
0.676749249391 0.314551153827
0.921433103956 0.357122135108
0.948887835735 0.128194825126
0.225643336752 0.853354476329
0.240705607678 0.436283471699
0.0898635991841 0.372419977922
0.33041089931 0.424421037539
0.214803885025 0.387782490137
0.672962308794 0.439074633787
0.344611176394 0.537910793371
0.938859573657 0.662627040775
0.926396494742 0.0836542644821
0.369292904809 0.488651049593
0.310304805777 0.0377629353526
0.0556865618824 0.260587359395
0.326990902706 0.590487650742
0.481178753706 0.230327938023
0.603297276257 0.430345884784
0.964269355217 0.612684320926
0.605331634176 0.51424888519
0.78542159107 0.279863234017
0.166341580516 0.472424260274
0.610240510086 0.546488213394
0.997609237714 0.599014080948
0.599500198398 0.859711272053
0.986747784445 0.0732127312403
0.986747784445 0.0732127312403
0.986747784445 0.0732127312403
0.986747784445 0.0732127312403
0.986747784445 0.0732127312403
0.986747784445 0.0732127312403
0.986747784445 0.0732127312403
0.986747784445 0.0844578117442
0.986747784445 0.0732127312403
0.986747784445 0.0732127312403
0.986747784445 0.0732127312403
0.986747784445 0.0732127312403
0.986747784445 0.0732127312403
0.986747784445 0.0732127312403
0.986747784445 0.0732127312403
0.986747784445 0.0732127312403
0.986747784445 0.0732127312403
0.986747784445 0.0732127312403
0.986747784445 0.0732127312403
0.986747784445 0.0732127312403
0.986747784445 0.0732127312403
0.986747784445 0.0732127312403
0.986747784445 0.0732127312403
0.986747784445 0.0732127312403
0.986747784445 0.0732127312403
0.986747784445 0.0732127312403
0.986747784445 0.0732127312403
0.986747784445 0.0732127312403
0.986747784445 0.0732127312403
0.986747784445 0.0732127312403
0.986747784445 0.0732127312403
0.986747784445 0.0732127312403
0.986747784445 0.0732127312403
0.986747784445 0.0732127312403
0.986747784445 0.011101656402
0.986747784445 0.0732127312403
0.986747784445 0.0732127312403
0.986747784445 0.0732127312403
0.986747784445 0.0732127312403
0.986747784445 0.0732127312403
0.986747784445 0.0732127312403
0.986747784445 0.0732127312403
0.986747784445 0.0732127312403
0.986747784445 0.0732127312403
0.986747784445 0.0732127312403
0.986747784445 0.0732127312403
0.986747784445 0.0732127312403
0.986747784445 0.0732127312403
0.986747784445 0.0732127312403
0.986747784445 0.239154400093
0.986747784445 0.0732127312403
0.986747784445 0.0732127312403
0.986747784445 0.0732127312403
0.986747784445 0.0732127312403
0.986747784445 0.0732127312403
0.986747784445 0.0732127312403
0.986747784445 0.0732127312403
0.986747784445 0.0732127312403
0.986747784445 0.0732127312403
0.986747784445 0.0732127312403
0.986747784445 0.0732127312403
0.986747784445 0.0732127312403
0.986747784445 0.0732127312403
0.986747784445 0.0732127312403
0.986747784445 0.0732127312403
0.986747784445 0.0732127312403
0.986747784445 0.196599409292
0.986747784445 0.0732127312403
0.986747784445 0.0732127312403
0.986747784445 -0.00254220178144
0.986747784445 0.0732127312403
0.986747784445 0.0732127312403
0.986747784445 0.0732127312403
0.986747784445 0.0732127312403
0.986747784445 0.0732127312403
0.986747784445 0.0732127312403
0.986747784445 0.0732127312403
0.986747784445 0.0732127312403
0.986747784445 0.0732127312403
0.986747784445 0.0732127312403
0.986747784445 0.0732127312403
0.986747784445 0.0732127312403
0.986747784445 0.248030959952
0.986747784445 0.239452952899
0.986747784445 0.0732127312403
0.986747784445 0.0732127312403
0.986747784445 0.0732127312403
0.986747784445 0.0732127312403
0.986747784445 0.0732127312403
0.986747784445 0.0732127312403
0.986747784445 0.0732127312403
0.986747784445 0.0732127312403
0.986747784445 0.0732127312403
0.986747784445 0.0732127312403
0.986747784445 0.0732127312403
0.986747784445 0.0732127312403
0.986747784445 0.0732127312403
0.986747784445 0.0732127312403
0.986747784445 0.0732127312403
0.986747784445 0.0732127312403
0.986747784445 0.0732127312403
0.986747784445 0.0732127312403
0.986747784445 0.0732127312403
0.986747784445 0.0732127312403
0.986747784445 0.0732127312403
0.986747784445 0.0732127312403
0.986747784445 0.0732127312403
0.986747784445 0.0732127312403
0.986747784445 0.0732127312403
0.986747784445 0.0732127312403
0.986747784445 0.0732127312403
0.986747784445 0.0732127312403
0.986747784445 0.0732127312403
0.986747784445 0.0732127312403
0.986747784445 0.0732127312403
0.986747784445 0.0848704985824
0.986747784445 0.0732127312403
0.986747784445 0.0732127312403
0.986747784445 0.0732127312403
0.986747784445 0.0732127312403
0.986747784445 0.0732127312403
0.986747784445 0.0732127312403
0.986747784445 0.0732127312403
0.986747784445 0.0732127312403
0.986747784445 0.0732127312403
0.986747784445 0.0732127312403
0.986747784445 0.0732127312403
0.986747784445 0.0732127312403
0.986747784445 0.0732127312403
0.986747784445 0.0732127312403
0.986747784445 0.0732127312403
0.986747784445 0.0732127312403
0.986747784445 0.0732127312403
0.986747784445 0.148174859781
0.986747784445 0.0732127312403
0.986747784445 0.0732127312403
0.986747784445 0.0732127312403
0.986747784445 0.0732127312403
0.986747784445 0.0732127312403
0.986747784445 0.0732127312403
0.986747784445 0.0732127312403
0.986747784445 0.0732127312403
0.986747784445 0.0732127312403
0.986747784445 0.0732127312403
0.986747784445 0.0732127312403
0.986747784445 0.0732127312403
0.986747784445 0.0732127312403
0.986747784445 0.0732127312403
0.986747784445 0.0732127312403
0.986747784445 0.0732127312403
0.986747784445 0.0732127312403
0.986747784445 0.0732127312403
0.986747784445 0.0732127312403
0.986747784445 0.0732127312403
0.986747784445 0.0732127312403
0.986747784445 0.0732127312403
0.986747784445 0.0732127312403
0.986747784445 0.0732127312403
0.986747784445 0.0824337483458
0.986747784445 0.0732127312403
0.986747784445 0.0732127312403
0.986747784445 0.0732127312403
0.986747784445 0.0732127312403
0.986747784445 0.0732127312403
0.986747784445 0.0732127312403
0.986747784445 0.0732127312403
0.986747784445 0.0732127312403
0.986747784445 0.0732127312403
0.986747784445 0.0732127312403
0.986747784445 0.0732127312403
0.986747784445 0.0732127312403
0.986747784445 0.0732127312403
0.986747784445 0.0732127312403
0.986747784445 0.0732127312403
0.986747784445 0.0732127312403
0.986747784445 0.0732127312403
0.986747784445 0.0732127312403
0.986747784445 0.0732127312403
0.986747784445 0.0732127312403
0.986747784445 0.0732127312403
0.986747784445 0.0732127312403
0.986747784445 0.0732127312403
0.986747784445 0.0732127312403
0.986747784445 0.0732127312403
0.986747784445 0.0732127312403
0.986747784445 0.0732127312403
0.986747784445 0.0732127312403
0.986747784445 0.0732127312403
0.986747784445 0.0732127312403
0.986747784445 0.0732127312403
0.986747784445 0.0732127312403
0.986747784445 0.0732127312403
0.986747784445 0.0732127312403
0.986747784445 0.0732127312403
0.986747784445 0.0732127312403
0.986747784445 0.0732127312403
0.986747784445 0.0732127312403
0.986747784445 0.0732127312403
0.986747784445 0.0732127312403
0.986747784445 0.0732127312403
0.986747784445 0.0732127312403
0.986747784445 0.0732127312403
0.986747784445 0.0732127312403
0.986747784445 0.0732127312403
0.986747784445 0.0732127312403
0.986747784445 0.0732127312403
0.986747784445 0.0732127312403
0.986747784445 0.0732127312403
0.986747784445 0.0732127312403
0.986747784445 0.0732127312403
0.986747784445 0.0732127312403
0.986747784445 0.0732127312403
0.986747784445 0.0732127312403
0.986747784445 0.0732127312403
0.986747784445 0.0732127312403
0.986747784445 0.0732127312403
0.986747784445 0.0495375295894
0.986747784445 0.0732127312403
0.986747784445 0.0732127312403
0.986747784445 0.0732127312403
0.986747784445 0.0732127312403
0.986747784445 0.0732127312403
0.986747784445 0.0732127312403
0.986747784445 0.0732127312403
0.986747784445 0.0732127312403
0.986747784445 0.0732127312403
0.986747784445 0.0732127312403
0.986747784445 0.0732127312403
0.986747784445 0.0732127312403
0.986747784445 0.0732127312403
0.272774743056 0.073504697824
0.986747784445 0.0732127312403
0.986747784445 0.0732127312403
0.986747784445 0.0732127312403
0.986747784445 0.0732127312403
0.986747784445 0.0732127312403
0.986747784445 0.0732127312403
0.986747784445 0.0688719530469
0.986747784445 0.0732127312403
0.986747784445 0.0732127312403
0.986747784445 0.0732127312403
0.986747784445 0.0732127312403
0.986747784445 0.0732127312403
0.518089268099 0.0736790463669
0.986747784445 0.0732127312403
0.986747784445 0.0732127312403
0.986747784445 0.0732127312403
0.986747784445 0.147098451315
0.986747784445 0.0732127312403
0.986747784445 0.0732127312403
0.986747784445 0.0732127312403
0.986747784445 0.0732127312403
0.986747784445 0.0732127312403
0.986747784445 0.0732127312403
0.986747784445 0.0732127312403
0.986747784445 0.0732127312403
0.986747784445 0.0732127312403
0.986747784445 0.0732127312403
0.986747784445 0.0732127312403
0.986747784445 0.0732127312403
0.986747784445 0.0732127312403
0.986747784445 0.078930345795
0.986747784445 0.0732127312403
0.986747784445 0.0732127312403
0.986747784445 0.0732127312403
0.986747784445 0.0732127312403
0.986747784445 0.0732127312403
0.986747784445 0.0732127312403
0.986747784445 0.0732127312403
0.986747784445 0.0732127312403
0.986747784445 0.0732127312403
0.986747784445 0.0732127312403
0.986747784445 0.0732127312403
0.986747784445 0.0732127312403
0.986747784445 0.0732127312403
0.986747784445 0.0732127312403
0.986747784445 0.0732127312403
0.986747784445 0.0732127312403
0.986747784445 0.0732127312403
0.986747784445 0.0732127312403
0.986747784445 0.0732127312403
0.986747784445 0.0732127312403
0.986747784445 0.0732127312403
0.986747784445 0.0732127312403
0.986747784445 0.0732127312403
0.986747784445 0.0732127312403
0.986747784445 0.0732127312403
0.986747784445 0.0732127312403
0.986747784445 0.0732127312403
0.986747784445 0.0732127312403
0.986747784445 0.0732127312403
0.986747784445 0.0732127312403
0.986747784445 0.0732127312403
0.986747784445 0.0732127312403
0.986747784445 0.0732127312403
0.986747784445 0.0732127312403
0.986747784445 0.0732127312403
0.986747784445 0.0732127312403
0.986747784445 0.0732127312403
0.986747784445 0.0732127312403
0.986747784445 0.0732127312403
0.986747784445 0.229599604905
0.986747784445 0.0732127312403
0.986747784445 0.0732127312403
0.986747784445 0.0732127312403
0.986747784445 0.0732127312403
0.986747784445 0.0732127312403
0.986747784445 0.0732127312403
0.986747784445 0.0732127312403
0.986747784445 0.0732127312403
0.986747784445 0.0732127312403
0.986747784445 0.0732127312403
0.986747784445 0.0732127312403
0.986747784445 0.0732127312403
0.986747784445 0.0732127312403
0.986747784445 0.0732127312403
0.986747784445 0.0732127312403
0.986747784445 0.0732127312403
0.986747784445 0.0732127312403
0.986747784445 0.0732127312403
0.986747784445 0.0732127312403
0.986747784445 0.0732127312403
0.986747784445 0.0732127312403
0.986747784445 0.0732127312403
0.986747784445 0.0732127312403
0.986747784445 0.0732127312403
0.986747784445 0.0732127312403
0.986747784445 0.0732127312403
0.986747784445 0.0732127312403
0.986747784445 0.16216541632
0.986747784445 0.0732127312403
0.986747784445 0.0732127312403
0.986747784445 0.0732127312403
0.986747784445 0.000646808327052
0.986747784445 0.0732127312403
0.986747784445 0.0732127312403
0.986747784445 0.0732127312403
0.986747784445 0.0732127312403
0.986747784445 0.0732127312403
0.986747784445 0.0732127312403
0.986747784445 0.0732127312403
0.986747784445 0.0732127312403
0.986747784445 0.0732127312403
0.986747784445 0.0732127312403
0.986747784445 0.0732127312403
0.986747784445 0.0732127312403
0.986747784445 0.0732127312403
0.986747784445 0.0732127312403
0.986747784445 0.0732127312403
0.986747784445 0.0732127312403
0.986747784445 0.0732127312403
0.986747784445 0.0732127312403
0.986747784445 0.0732127312403
0.986747784445 0.0933001162448
0.986747784445 0.0732127312403
0.986747784445 0.0732127312403
0.986747784445 0.0732127312403
0.986747784445 0.0732127312403
0.986747784445 0.0732127312403
0.986747784445 0.0732127312403
0.986747784445 0.0732127312403
0.986747784445 0.0732127312403
0.986747784445 0.0732127312403
0.986747784445 0.0732127312403
0.986747784445 0.0732127312403
0.986747784445 0.0732127312403
0.986747784445 0.198371005367
0.986747784445 0.0732127312403
0.986747784445 0.0732127312403
0.986747784445 0.0732127312403
0.986747784445 0.0732127312403
0.986747784445 0.0732127312403
0.986747784445 0.0732127312403
0.986747784445 0.0732127312403
0.986747784445 0.0732127312403
0.986747784445 0.0732127312403
0.986747784445 0.0732127312403
0.986747784445 0.0732127312403
0.986747784445 0.0732127312403
0.986747784445 0.0732127312403
0.986747784445 0.0732127312403
0.986747784445 0.0732127312403
0.986747784445 0.0732127312403
0.986747784445 0.179430131502
0.986747784445 0.0732127312403
0.986747784445 0.0732127312403
0.986747784445 0.0732127312403
0.986747784445 0.0732127312403
0.986747784445 0.0732127312403
0.986747784445 0.0732127312403
0.986747784445 0.0732127312403
0.986747784445 0.0732127312403
0.986747784445 0.0732127312403
0.986747784445 0.0732127312403
0.986747784445 0.216947033461
0.986747784445 0.0732127312403
0.986747784445 0.0732127312403
0.986747784445 0.0732127312403
0.986747784445 0.0732127312403
0.986747784445 0.0732127312403
0.986747784445 0.0732127312403
0.986747784445 0.0732127312403
0.986747784445 0.0732127312403
0.986747784445 0.0732127312403
0.986747784445 0.0732127312403
0.986747784445 0.236583347153
0.986747784445 0.0732127312403
0.986747784445 0.0732127312403
0.986747784445 0.0732127312403
0.986747784445 0.0732127312403
0.986747784445 0.0732127312403
0.986747784445 0.0732127312403
0.986747784445 0.0732127312403
0.986747784445 0.0732127312403
0.986747784445 0.0732127312403
0.986747784445 0.0732127312403
0.986747784445 0.0732127312403
0.986747784445 0.0732127312403
0.986747784445 0.0732127312403
0.986747784445 -0.0305368399676
0.986747784445 0.0732127312403
0.986747784445 0.0732127312403
0.986747784445 0.0732127312403
0.986747784445 0.0732127312403
0.986747784445 0.0732127312403
0.986747784445 0.0732127312403
0.986747784445 0.0732127312403
0.986747784445 0.0732127312403
0.986747784445 0.0732127312403
0.986747784445 0.0732127312403
0.986747784445 0.0732127312403
0.986747784445 0.0732127312403
0.986747784445 0.0732127312403
0.986747784445 0.0732127312403
0.986747784445 0.0732127312403
0.986747784445 0.0732127312403
0.986747784445 0.0732127312403
0.986747784445 0.0732127312403
0.986747784445 0.0732127312403
0.986747784445 0.0732127312403
0.986747784445 0.0732127312403
0.986747784445 0.0732127312403
0.986747784445 0.0732127312403
0.986747784445 0.0732127312403
0.986747784445 0.0732127312403
0.986747784445 0.0732127312403
0.986747784445 0.206693374079
0.986747784445 0.0732127312403
0.986747784445 0.0732127312403
0.986747784445 0.0732127312403
