0.452077597234 0.277706948179
0.478496625363 0.0873587363478
0.431154862438 0.569569762363
0.111989373776 0.48094943134
0.0185953167669 0.737784946375
0.321884634387 0.846103639259
0.26397587967 0.667454838776
0.493744091442 0.604450196269
0.205333871611 0.703146168158
0.288405791828 0.373829308702
0.658123651904 0.203097556675
0.621619460523 0.289552251146
0.68141021097 0.14199079368
0.372733986889 0.569804033887
0.634555879074 0.183102372873
0.42372760553 0.421960970035
0.39966516197 0.437362123656
0.182711479523 0.839700918262
0.783755687483 0.450086070005
0.567474459632 0.617640745757
0.593185581466 0.179797909089
0.183071575754 0.663506326523
0.216118371265 0.740320801418
0.102848505761 0.712488255149
0.620304990784 0.319515291797
0.624260571256 0.415878760521
0.186333088871 0.677794888747
0.193668125525 0.401462219581
0.633509287635 0.227150573765
0.294590503021 0.614952215092
0.197284468785 0.926569421987
0.324295931733 0.456844150443
0.387802639117 0.0327152352927
0.242285752333 0.702406213573
0.671243736209 0.157958633857
0.389435625335 0.613348106992
0.474210915117 0.344420469381
0.628373771348 0.265191330643
0.316099630307 0.511361402331
0.204870163192 0.645111780487
0.186692333044 0.542357326921
0.0300842650042 0.457031235378
0.325635850268 0.566361139172
0.0707476261532 0.554078688508
0.33358238647 0.428249057152
0.218101704697 0.697623980309
0.65702161721 0.275519748555
0.17029159284 0.623593151206
0.671914710279 0.190292257468
0.0915369375249 0.423577224124
0.452077597234 0.277706948179
0.453475610611 0.278566675813
0.452077597234 0.277706948179
0.452077597234 0.277706948179
0.452077597234 0.277706948179
0.452077597234 0.277706948179
0.452077597234 0.277706948179
0.452077597234 0.277706948179
0.452077597234 0.277706948179
0.452077597234 0.277706948179
0.452077597234 0.277706948179
0.452077597234 0.277706948179
0.452077597234 0.277706948179
0.452077597234 0.277706948179
0.452077597234 0.277706948179
0.452077597234 0.277706948179
0.452077597234 0.277706948179
0.452077597234 0.277706948179
0.452077597234 0.277706948179
0.452077597234 0.277706948179
0.452077597234 0.277706948179
0.452077597234 0.277706948179
0.452077597234 0.277706948179
0.452077597234 0.277706948179
0.452077597234 0.277706948179
0.452077597234 0.277706948179
0.452077597234 0.277706948179
0.452077597234 0.277706948179
0.452077597234 0.277706948179
0.452077597234 0.277706948179
0.35341305083 0.21703182274
0.452077597234 0.277706948179
0.452077597234 0.277706948179
0.452077597234 0.277706948179
0.452077597234 0.277706948179
0.452077597234 0.277706948179
0.452077597234 0.277706948179
0.452077597234 0.277706948179
0.452077597234 0.277706948179
0.452077597234 0.277706948179
0.452077597234 0.277706948179
0.452077597234 0.277706948179
0.452077597234 0.277706948179
0.452077597234 0.277706948179
0.452077597234 0.277706948179
0.452077597234 0.277706948179
0.452077597234 0.277706948179
0.452077597234 0.277706948179
0.452077597234 0.277706948179
0.452077597234 0.277706948179
0.452077597234 0.277706948179
0.452077597234 0.277706948179
0.452077597234 0.277706948179
0.452077597234 0.277706948179
0.452077597234 0.277706948179
0.452077597234 0.277706948179
0.452077597234 0.277706948179
0.452077597234 0.277706948179
0.452077597234 0.277706948179
0.452077597234 0.277706948179
0.452077597234 0.277706948179
0.452077597234 0.277706948179
0.452077597234 0.277706948179
0.452077597234 0.277706948179
0.452077597234 0.277706948179
0.452077597234 0.277706948179
0.452077597234 0.277706948179
0.452077597234 0.277706948179
0.452077597234 0.277706948179
0.452077597234 0.277706948179
0.452077597234 0.277706948179
0.452077597234 0.277706948179
0.452077597234 0.277706948179
0.452077597234 0.277706948179
0.452077597234 0.277706948179
0.452077597234 0.277706948179
0.452077597234 0.277706948179
0.452077597234 0.277706948179
0.452077597234 0.277706948179
0.452077597234 0.277706948179
0.452077597234 0.277706948179
0.452077597234 0.277706948179
0.452077597234 0.277706948179
0.452077597234 0.277706948179
0.432143052761 0.265447924745
0.452077597234 0.277706948179
0.452077597234 0.277706948179
0.452077597234 0.277706948179
0.452077597234 0.277706948179
0.452077597234 0.277706948179
0.452077597234 0.277706948179
0.452077597234 0.277706948179
0.452077597234 0.277706948179
0.452077597234 0.277706948179
0.452077597234 0.277706948179
0.452077597234 0.277706948179
0.387835577401 0.238200430854
0.452077597234 0.277706948179
0.452077597234 0.277706948179
0.452077597234 0.277706948179
0.452077597234 0.277706948179
0.452077597234 0.277706948179
0.452077597234 0.277706948179
0.452077597234 0.277706948179
0.452077597234 0.277706948179
0.452077597234 0.277706948179
0.452077597234 0.277706948179
0.452077597234 0.277706948179
0.528383483639 0.324632306863
0.452077597234 0.277706948179
0.452077597234 0.277706948179
0.452077597234 0.277706948179
0.452077597234 0.277706948179
0.452077597234 0.277706948179
0.452077597234 0.277706948179
0.452077597234 0.277706948179
0.452077597234 0.277706948179
0.452077597234 0.277706948179
0.452077597234 0.277706948179
0.452077597234 0.277706948179
0.452077597234 0.277706948179
0.452077597234 0.277706948179
0.452077597234 0.277706948179
0.452077597234 0.277706948179
0.452077597234 0.277706948179
0.452077597234 0.277706948179
0.452077597234 0.277706948179
0.452077597234 0.277706948179
0.452077597234 0.277706948179
0.452077597234 0.277706948179
0.452077597234 0.277706948179
0.452077597234 0.277706948179
0.452077597234 0.277706948179
0.452077597234 0.277706948179
0.452077597234 0.277706948179
0.452077597234 0.277706948179
0.452077597234 0.277706948179
0.529649885295 0.325411098051
0.452077597234 0.277706948179
0.452077597234 0.277706948179
0.452077597234 0.277706948179
0.452077597234 0.277706948179
0.452077597234 0.277706948179
0.452077597234 0.277706948179
0.452077597234 0.277706948179
0.452077597234 0.277706948179
0.452077597234 0.277706948179
0.452077597234 0.277706948179
0.452077597234 0.277706948179
0.452077597234 0.277706948179
0.452077597234 0.277706948179
0.452077597234 0.277706948179
0.452077597234 0.277706948179
0.452077597234 0.277706948179
0.461155976938 0.283289823157
0.522776620539 0.020431905513
0.452077597234 0.277706948179
0.452077597234 0.277706948179
0.452077597234 0.277706948179
0.452077597234 0.277706948179
0.452077597234 0.277706948179
0.452077597234 0.277706948179
0.452077597234 0.277706948179
0.452077597234 0.277706948179
0.452077597234 0.277706948179
0.452077597234 0.277706948179
0.452077597234 0.277706948179
0.452077597234 0.277706948179
0.276490055449 0.468782631936
0.452077597234 0.277706948179
0.452077597234 0.277706948179
0.452077597234 0.277706948179
0.452077597234 0.277706948179
0.452077597234 0.277706948179
0.452077597234 0.277706948179
0.452077597234 0.277706948179
0.452077597234 0.277706948179
0.452077597234 0.277706948179
0.452077597234 0.277706948179
0.452077597234 0.277706948179
0.452077597234 0.277706948179
0.49755138695 0.30567168319
0.452077597234 0.277706948179
0.452077597234 0.277706948179
0.452077597234 0.277706948179
0.452077597234 0.277706948179
0.452077597234 0.277706948179
0.452077597234 0.277706948179
0.452077597234 0.277706948179
0.452077597234 0.277706948179
0.452077597234 0.277706948179
0.452077597234 0.277706948179
0.452077597234 0.277706948179
0.452077597234 0.277706948179
0.452077597234 0.277706948179
0.452077597234 0.277706948179
0.452077597234 0.277706948179
0.452077597234 0.277706948179
0.452077597234 0.277706948179
0.452077597234 0.277706948179
0.195395526502 0.512297272506
0.452077597234 0.277706948179
0.452077597234 0.277706948179
0.365520331592 0.224477362254
0.452077597234 0.277706948179
0.452077597234 0.277706948179
0.452077597234 0.277706948179
0.452077597234 0.277706948179
0.452077597234 0.277706948179
0.452077597234 0.277706948179
0.452077597234 0.277706948179
0.452077597234 0.277706948179
0.452077597234 0.277706948179
0.452077597234 0.277706948179
0.452077597234 0.277706948179
0.452077597234 0.277706948179
0.452077597234 0.277706948179
0.452077597234 0.277706948179
0.452077597234 0.277706948179
0.452077597234 0.277706948179
0.452077597234 0.277706948179
0.452077597234 0.277706948179
0.452077597234 0.277706948179
0.564888009589 0.347081269249
0.452077597234 0.277706948179
0.452077597234 0.277706948179
0.452077597234 0.277706948179
0.452077597234 0.277706948179
0.452077597234 0.277706948179
0.452077597234 0.277706948179
0.452077597234 0.277706948179
0.452077597234 0.277706948179
0.452077597234 0.277706948179
0.452077597234 0.277706948179
0.452077597234 0.277706948179
0.452077597234 0.277706948179
0.56262346392 0.345688655615
0.452077597234 0.277706948179
0.452077597234 0.277706948179
0.452077597234 0.277706948179
0.452077597234 0.277706948179
0.452077597234 0.277706948179
0.452077597234 0.277706948179
0.452077597234 0.277706948179
0.392437817877 0.241030642196
0.452077597234 0.277706948179
0.452077597234 0.277706948179
0.0793834168497 0.545925833237
0.452077597234 0.277706948179
0.452077597234 0.277706948179
0.452077597234 0.277706948179
0.452077597234 0.277706948179
0.452077597234 0.277706948179
0.452077597234 0.277706948179
0.452077597234 0.277706948179
0.452077597234 0.277706948179
0.452077597234 0.277706948179
0.452077597234 0.277706948179
0.452077597234 0.277706948179
0.452077597234 0.277706948179
0.452077597234 0.277706948179
0.452077597234 0.277706948179
0.452077597234 0.277706948179
0.452077597234 0.277706948179
0.452077597234 0.277706948179
0.529805977302 0.325507088986
0.452077597234 0.277706948179
0.452077597234 0.277706948179
0.452077597234 0.277706948179
0.452077597234 0.277706948179
0.452077597234 0.277706948179
0.452077597234 0.277706948179
0.452077597234 0.277706948179
0.452077597234 0.277706948179
0.497341860925 0.305542832268
0.452077597234 0.277706948179
0.452077597234 0.277706948179
0.452077597234 0.277706948179
0.452077597234 0.277706948179
0.452077597234 0.277706948179
0.452077597234 0.277706948179
0.452077597234 0.277706948179
0.452077597234 0.277706948179
0.452077597234 0.277706948179
0.452077597234 0.277706948179
0.452077597234 0.277706948179
0.452077597234 0.277706948179
0.452077597234 0.277706948179
0.452077597234 0.277706948179
0.452077597234 0.277706948179
0.452077597234 0.277706948179
0.452077597234 0.277706948179
0.466616728954 0.286647988026
0.452077597234 0.277706948179
0.507400638328 0.31172861635
0.452077597234 0.277706948179
0.452077597234 0.277706948179
0.452077597234 0.277706948179
0.452077597234 0.277706948179
0.452077597234 0.277706948179
0.452077597234 0.277706948179
0.452077597234 0.277706948179
0.452077597234 0.277706948179
0.458082986361 0.281400045162
0.452077597234 0.277706948179
0.452077597234 0.277706948179
0.452077597234 0.277706948179
0.452077597234 0.277706948179
0.452077597234 0.277706948179
0.452077597234 0.277706948179
0.452077597234 0.277706948179
0.452077597234 0.277706948179
0.452077597234 0.277706948179
0.452077597234 0.277706948179
0.452077597234 0.277706948179
0.452077597234 0.277706948179
0.452077597234 0.277706948179
0.452077597234 0.277706948179
0.452077597234 0.277706948179
0.452077597234 0.277706948179
0.452077597234 0.277706948179
0.452077597234 0.277706948179
0.452077597234 0.277706948179
0.452077597234 0.277706948179
0.452077597234 0.277706948179
0.452077597234 0.277706948179
0.452077597234 0.277706948179
0.452077597234 0.277706948179
0.452077597234 0.277706948179
0.452077597234 0.277706948179
0.452077597234 0.277706948179
0.452077597234 0.277706948179
0.452077597234 0.277706948179
0.452077597234 0.277706948179
0.452077597234 0.277706948179
0.452077597234 0.277706948179
0.452077597234 0.277706948179
0.452077597234 0.277706948179
0.452077597234 0.277706948179
0.452077597234 0.277706948179
0.452077597234 0.277706948179
0.452077597234 0.277706948179
0.452077597234 0.277706948179
0.452077597234 0.277706948179
0.452077597234 0.277706948179
0.452077597234 0.277706948179
0.452077597234 0.277706948179
0.452077597234 0.277706948179
0.452077597234 0.277706948179
0.452077597234 0.277706948179
0.452077597234 0.277706948179
0.452077597234 0.277706948179
0.452077597234 0.277706948179
0.452077597234 0.277706948179
0.452077597234 0.277706948179
0.452077597234 0.277706948179
0.452077597234 0.277706948179
0.452077597234 0.277706948179
0.452077597234 0.277706948179
0.452077597234 0.277706948179
0.452077597234 0.277706948179
0.452077597234 0.277706948179
0.452077597234 0.277706948179
0.452077597234 0.277706948179
0.452077597234 0.277706948179
0.452077597234 0.277706948179
0.452077597234 0.277706948179
0.452077597234 0.277706948179
0.452077597234 0.277706948179
0.452077597234 0.277706948179
0.452077597234 0.277706948179
0.452077597234 0.277706948179
0.452077597234 0.277706948179
0.384633649657 0.236231361167
0.452077597234 0.277706948179
0.452077597234 0.277706948179
0.452077597234 0.277706948179
0.452077597234 0.277706948179
0.452077597234 0.277706948179
0.452077597234 0.277706948179
0.452077597234 0.277706948179
0.452077597234 0.277706948179
0.452077597234 0.277706948179
0.452077597234 0.277706948179
0.484713331767 0.297776743853
0.452077597234 0.277706948179
0.452077597234 0.277706948179
0.452077597234 0.277706948179
0.452077597234 0.277706948179
0.452077597234 0.277706948179
0.452077597234 0.277706948179
0.452077597234 0.277706948179
0.452077597234 0.277706948179
0.452077597234 0.277706948179
0.452077597234 0.277706948179
0.452077597234 0.277706948179
0.452077597234 0.277706948179
0.452077597234 0.277706948179
0.53980815834 0.331658068353
0.452077597234 0.277706948179
0.452077597234 0.277706948179
0.452077597234 0.277706948179
0.452077597234 0.277706948179
0.452077597234 0.277706948179
0.452077597234 0.277706948179
0.452077597234 0.277706948179
0.452077597234 0.277706948179
0.452077597234 0.277706948179
0.452077597234 0.277706948179
0.452077597234 0.277706948179
0.452077597234 0.277706948179
0.452077597234 0.277706948179
0.452077597234 0.277706948179
0.452077597234 0.277706948179
0.452077597234 0.277706948179
0.452077597234 0.277706948179
0.452077597234 0.277706948179
0.386763121097 0.237540909039
0.452077597234 0.277706948179
0.464322154361 0.28523690769
0.452077597234 0.277706948179
0.452077597234 0.277706948179
0.452077597234 0.277706948179
0.359254499778 0.220624102445
0.452077597234 0.277706948179
0.452077597234 0.277706948179
0.452077597234 0.277706948179
0.452077597234 0.277706948179
0.452077597234 0.277706948179
0.452077597234 0.277706948179
0.452077597234 0.277706948179
0.452077597234 0.277706948179
0.452077597234 0.277706948179
0.452077597234 0.277706948179
0.452077597234 0.277706948179
0.452077597234 0.277706948179
0.452077597234 0.277706948179
0.452077597234 0.277706948179
0.452077597234 0.277706948179
0.452077597234 0.277706948179
0.452077597234 0.277706948179
0.452077597234 0.277706948179
0.452077597234 0.277706948179
0.452077597234 0.277706948179
0.452077597234 0.277706948179
0.452077597234 0.277706948179
0.452077597234 0.277706948179
0.452077597234 0.277706948179
0.452077597234 0.277706948179
0.452077597234 0.277706948179
