0.660302167056 0.216135540973
0.797891810879 0.34240027999
0.759467731394 0.0866951672524
0.764143315727 0.055155500684
0.690643753636 0.594814087934
0.255265853291 0.635051601277
0.747366118427 0.251415812164
0.0570298943844 0.746690975667
0.0240429722171 0.607441828298
0.534771839507 0.375982095247
0.36994774537 0.599039403729
0.859831647812 0.185758593444
0.733835130819 0.110294232065
0.0918006773623 0.764643099656
0.58709330936 0.231747345441
0.649765388178 0.215787819531
0.590538093764 0.640173644787
0.769228642367 0.150628944049
0.163018856426 0.689386330063
0.216056219355 0.614480687411
0.0746142180359 0.705376089301
0.693009450139 0.237308712094
0.596032058766 0.441368010536
0.464169656168 0.157715989729
0.113907553791 0.561844176365
0.796374896592 0.150149881726
0.493443595198 0.192177799503
0.250972064108 0.534066122435
0.304501525897 0.784894068386
0.56068301916 0.302778340503
0.348531264642 0.365991880483
0.11235801472 0.649701319199
0.685249761552 0.308552259004
0.138929954715 0.628444772407
0.0912237825205 0.556329230848
0.513535351453 0.562007028626
0.393771409711 0.597891359366
0.732313075916 0.343639560059
0.551918173248 0.277461028409
0.474043399675 0.582740407352
0.485501773409 0.128236111526
0.270457418386 0.603962598283
0.0636673160097 0.477649193732
0.56480637097 0.712422930241
0.425894385851 0.652634091047
0.24576106626 0.593080337274
0.653227600135 0.153134696605
0.811159897749 0.269878567702
0.50171535325 0.280748878143
0.699810097355 0.0713053615909
0.660302167056 0.216135540973
0.660302167056 0.216135540973
0.6066078454 0.198513466734
0.660302167056 0.216135540973
0.660302167056 0.216135540973
0.660302167056 0.216135540973
0.660302167056 0.216135540973
0.660302167056 0.216135540973
0.660302167056 0.216135540973
0.660302167056 0.216135540973
0.660302167056 0.216135540973
0.660302167056 0.216135540973
0.660302167056 0.216135540973
0.660302167056 0.216135540973
0.660302167056 0.216135540973
0.660302167056 0.216135540973
0.660302167056 0.216135540973
0.660302167056 0.216135540973
0.660302167056 0.216135540973
0.660302167056 0.216135540973
0.660302167056 0.216135540973
0.660302167056 0.216135540973
0.660302167056 0.216135540973
0.660302167056 0.216135540973
0.660302167056 0.216135540973
0.660302167056 0.216135540973
0.660302167056 0.216135540973
0.660302167056 0.216135540973
0.660302167056 0.216135540973
0.660302167056 0.216135540973
0.660302167056 0.216135540973
0.660302167056 0.216135540973
0.660302167056 0.216135540973
0.660302167056 0.216135540973
0.660302167056 0.216135540973
0.660302167056 0.216135540973
0.660302167056 0.216135540973
0.660302167056 0.216135540973
0.660302167056 0.216135540973
0.660302167056 0.216135540973
0.660302167056 0.216135540973
0.660302167056 0.216135540973
0.660302167056 0.216135540973
0.660302167056 0.216135540973
0.660302167056 0.216135540973
0.660302167056 0.216135540973
0.660302167056 0.216135540973
0.660302167056 0.216135540973
0.660302167056 0.216135540973
0.660302167056 0.216135540973
0.660302167056 0.216135540973
0.660302167056 0.216135540973
0.660302167056 0.216135540973
0.660302167056 0.216135540973
0.660302167056 0.216135540973
0.660302167056 0.216135540973
0.660302167056 0.216135540973
0.660302167056 0.216135540973
0.660302167056 0.216135540973
0.660302167056 0.216135540973
0.660302167056 0.216135540973
0.660302167056 0.216135540973
0.660302167056 0.216135540973
0.660302167056 0.216135540973
0.660302167056 0.216135540973
0.660302167056 0.216135540973
0.660302167056 0.216135540973
0.660302167056 0.216135540973
0.660302167056 0.216135540973
0.660302167056 0.216135540973
0.660302167056 0.216135540973
0.660302167056 0.216135540973
0.660302167056 0.216135540973
0.670848331909 0.219596713295
0.660302167056 0.216135540973
0.660302167056 0.216135540973
0.660302167056 0.216135540973
0.660302167056 0.216135540973
0.660302167056 0.216135540973
0.660302167056 0.216135540973
0.660302167056 0.216135540973
0.660302167056 0.216135540973
0.660302167056 0.216135540973
0.660302167056 0.216135540973
0.660302167056 0.216135540973
0.660302167056 0.216135540973
0.660302167056 0.216135540973
0.660302167056 0.216135540973
0.660302167056 0.216135540973
0.660302167056 0.216135540973
0.660302167056 0.216135540973
0.660302167056 0.216135540973
0.660302167056 0.216135540973
0.660302167056 0.216135540973
0.660302167056 0.216135540973
0.660302167056 0.216135540973
0.660302167056 0.216135540973
0.660302167056 0.216135540973
0.660302167056 0.216135540973
0.660302167056 0.216135540973
0.660302167056 0.216135540973
0.660302167056 0.216135540973
0.660302167056 0.216135540973
0.660302167056 0.216135540973
0.660302167056 0.216135540973
0.660302167056 0.216135540973
0.660302167056 0.216135540973
0.660302167056 0.216135540973
0.660302167056 0.216135540973
0.660302167056 0.216135540973
0.660302167056 0.216135540973
0.660302167056 0.216135540973
0.660302167056 0.216135540973
0.660302167056 0.216135540973
0.629446991984 0.206009103596
0.660302167056 0.216135540973
0.660302167056 0.216135540973
0.660302167056 0.216135540973
0.660302167056 0.216135540973
0.660302167056 0.216135540973
0.660302167056 0.216135540973
0.660302167056 0.216135540973
0.660302167056 0.216135540973
0.660302167056 0.216135540973
0.660302167056 0.216135540973
0.660302167056 0.216135540973
0.660302167056 0.216135540973
0.660302167056 0.216135540973
0.660302167056 0.216135540973
0.660302167056 0.216135540973
0.660302167056 0.216135540973
0.660302167056 0.216135540973
0.660302167056 0.216135540973
0.660302167056 0.216135540973
0.660302167056 0.216135540973
0.660302167056 0.216135540973
0.660302167056 0.216135540973
0.660302167056 0.216135540973
0.660302167056 0.216135540973
0.660302167056 0.216135540973
0.660302167056 0.216135540973
0.660302167056 0.216135540973
0.660302167056 0.216135540973
0.660302167056 0.216135540973
0.660302167056 0.216135540973
0.660302167056 0.216135540973
0.660302167056 0.216135540973
0.660302167056 0.216135540973
0.660302167056 0.216135540973
0.660302167056 0.216135540973
0.660302167056 0.216135540973
0.660302167056 0.216135540973
0.660302167056 0.216135540973
0.660302167056 0.216135540973
0.660302167056 0.216135540973
0.660302167056 0.216135540973
0.660302167056 0.216135540973
0.660302167056 0.216135540973
0.660302167056 0.216135540973
0.660302167056 0.216135540973
0.660302167056 0.216135540973
0.660302167056 0.216135540973
0.660302167056 0.216135540973
0.660302167056 0.216135540973
0.660302167056 0.216135540973
0.660302167056 0.216135540973
0.660302167056 0.216135540973
0.660302167056 0.216135540973
0.660302167056 0.216135540973
0.660302167056 0.216135540973
0.660302167056 0.216135540973
0.660302167056 0.216135540973
0.660302167056 0.216135540973
0.660302167056 0.216135540973
0.660302167056 0.216135540973
0.660302167056 0.216135540973
0.660302167056 0.216135540973
0.660302167056 0.216135540973
0.660302167056 0.216135540973
0.660302167056 0.216135540973
0.660302167056 0.216135540973
0.660302167056 0.216135540973
0.660302167056 0.216135540973
0.660302167056 0.216135540973
0.660302167056 0.216135540973
0.660302167056 0.216135540973
0.660302167056 0.216135540973
0.660302167056 0.216135540973
0.660302167056 0.216135540973
0.660302167056 0.216135540973
0.660302167056 0.216135540973
0.660302167056 0.216135540973
0.660302167056 0.216135540973
0.660302167056 0.216135540973
0.660302167056 0.216135540973
0.660302167056 0.216135540973
0.660302167056 0.216135540973
0.660302167056 0.216135540973
0.660302167056 0.216135540973
0.672117690874 0.220013307401
0.660302167056 0.216135540973
0.660302167056 0.216135540973
0.660302167056 0.216135540973
0.660302167056 0.216135540973
0.660302167056 0.216135540973
0.660302167056 0.216135540973
0.660302167056 0.216135540973
0.660302167056 0.216135540973
0.660302167056 0.216135540973
0.660302167056 0.216135540973
0.660302167056 0.216135540973
0.694703224276 0.227425710315
0.660302167056 0.216135540973
0.660302167056 0.216135540973
0.660302167056 0.216135540973
0.660302167056 0.216135540973
0.660302167056 0.216135540973
0.660302167056 0.216135540973
0.660302167056 0.216135540973
0.660302167056 0.216135540973
0.660302167056 0.216135540973
0.660302167056 0.216135540973
0.660302167056 0.216135540973
0.660302167056 0.216135540973
0.660302167056 0.216135540973
0.660302167056 0.216135540973
0.660302167056 0.216135540973
0.660302167056 0.216135540973
0.660302167056 0.216135540973
0.660302167056 0.216135540973
0.660302167056 0.216135540973
0.660302167056 0.216135540973
0.660302167056 0.216135540973
0.660302167056 0.216135540973
0.660302167056 0.216135540973
0.660302167056 0.216135540973
0.660302167056 0.216135540973
0.660302167056 0.216135540973
0.660302167056 0.216135540973
0.660302167056 0.216135540973
0.660302167056 0.216135540973
0.660302167056 0.216135540973
0.712422876936 0.233241167611
0.660302167056 0.216135540973
0.660302167056 0.216135540973
0.660302167056 0.216135540973
0.660302167056 0.216135540973
0.660302167056 0.216135540973
0.660302167056 0.216135540973
0.660302167056 0.216135540973
0.660302167056 0.216135540973
0.660302167056 0.216135540973
0.660302167056 0.216135540973
0.660302167056 0.216135540973
0.660302167056 0.216135540973
0.660302167056 0.216135540973
0.660302167056 0.216135540973
0.660302167056 0.216135540973
0.660302167056 0.216135540973
0.660302167056 0.216135540973
0.660302167056 0.216135540973
0.660302167056 0.216135540973
0.660302167056 0.216135540973
0.660302167056 0.216135540973
0.660302167056 0.216135540973
0.668286012474 0.218755779246
0.660302167056 0.216135540973
0.660302167056 0.216135540973
0.693489488207 0.0444628377379
0.660302167056 0.216135540973
0.660302167056 0.216135540973
0.660302167056 0.216135540973
0.660302167056 0.216135540973
0.660302167056 0.216135540973
0.660302167056 0.216135540973
0.660302167056 0.216135540973
0.660302167056 0.216135540973
0.660302167056 0.216135540973
0.660302167056 0.216135540973
0.660302167056 0.216135540973
0.660302167056 0.216135540973
0.660302167056 0.216135540973
0.660302167056 0.216135540973
0.660302167056 0.216135540973
0.660302167056 0.216135540973
0.661863217448 0.21664786602
0.660302167056 0.216135540973
0.660302167056 0.216135540973
0.660302167056 0.216135540973
0.660302167056 0.216135540973
0.660302167056 0.216135540973
0.660302167056 0.216135540973
0.660302167056 0.216135540973
0.660302167056 0.216135540973
0.660302167056 0.216135540973
0.660302167056 0.216135540973
0.660302167056 0.216135540973
0.660302167056 0.216135540973
0.660302167056 0.216135540973
0.660302167056 0.216135540973
0.660302167056 0.216135540973
0.660302167056 0.216135540973
0.660302167056 0.216135540973
0.660302167056 0.216135540973
0.660302167056 0.216135540973
0.660302167056 0.216135540973
0.660302167056 0.216135540973
0.660302167056 0.216135540973
0.660302167056 0.216135540973
0.660302167056 0.216135540973
0.660302167056 0.216135540973
0.660302167056 0.216135540973
0.660302167056 0.216135540973
0.660302167056 0.216135540973
0.660302167056 0.216135540973
0.660302167056 0.216135540973
0.660302167056 0.216135540973
0.660302167056 0.216135540973
0.660302167056 0.216135540973
0.660302167056 0.216135540973
0.660302167056 0.216135540973
0.660302167056 0.216135540973
0.660302167056 0.216135540973
0.660302167056 0.216135540973
0.660302167056 0.216135540973
0.660302167056 0.216135540973
0.660302167056 0.216135540973
0.660302167056 0.216135540973
0.660302167056 0.216135540973
0.660302167056 0.216135540973
0.660302167056 0.216135540973
0.660302167056 0.216135540973
0.660302167056 0.216135540973
0.660302167056 0.216135540973
0.660302167056 0.216135540973
0.660302167056 0.216135540973
0.708209927991 0.231858509319
0.660302167056 0.216135540973
0.660302167056 0.216135540973
0.660302167056 0.216135540973
0.660302167056 0.216135540973
0.651950762026 0.213394672387
0.660302167056 0.216135540973
0.660302167056 0.216135540973
0.631873935096 0.206805608149
0.660302167056 0.216135540973
0.660302167056 0.216135540973
0.660302167056 0.216135540973
0.660302167056 0.216135540973
0.660302167056 0.216135540973
0.660302167056 0.216135540973
0.660302167056 0.216135540973
0.660302167056 0.216135540973
0.660302167056 0.216135540973
0.660302167056 0.216135540973
0.660302167056 0.216135540973
0.660302167056 0.216135540973
0.660302167056 0.216135540973
0.660302167056 0.216135540973
0.660302167056 0.216135540973
0.660302167056 0.216135540973
0.660302167056 0.216135540973
0.694898524718 0.227489806457
0.660302167056 0.216135540973
0.660302167056 0.216135540973
0.657893039043 0.215344883201
0.660302167056 0.216135540973
0.660302167056 0.216135540973
0.660302167056 0.216135540973
0.660302167056 0.216135540973
0.660302167056 0.216135540973
0.660302167056 0.216135540973
0.660302167056 0.216135540973
0.660302167056 0.216135540973
0.660302167056 0.216135540973
0.660302167056 0.216135540973
0.660302167056 0.216135540973
0.660302167056 0.216135540973
0.660302167056 0.216135540973
0.660302167056 0.216135540973
0.660302167056 0.216135540973
0.660302167056 0.216135540973
0.660302167056 0.216135540973
0.660302167056 0.216135540973
0.660302167056 0.216135540973
0.660302167056 0.216135540973
0.660302167056 0.216135540973
0.660302167056 0.216135540973
0.660302167056 0.216135540973
0.660302167056 0.216135540973
0.660302167056 0.216135540973
0.660302167056 0.216135540973
0.660302167056 0.216135540973
0.660302167056 0.216135540973
0.660302167056 0.216135540973
0.660302167056 0.216135540973
0.660302167056 0.216135540973
0.647080109662 0.211796160759
0.660302167056 0.216135540973
0.660302167056 0.216135540973
0.660302167056 0.216135540973
0.62203881692 0.203577796021
0.660302167056 0.216135540973
0.660302167056 0.216135540973
0.660302167056 0.216135540973
0.660302167056 0.216135540973
0.660302167056 0.216135540973
0.660302167056 0.216135540973
0.660302167056 0.216135540973
0.660302167056 0.216135540973
0.660302167056 0.216135540973
0.660302167056 0.216135540973
0.660302167056 0.216135540973
0.660302167056 0.216135540973
0.660302167056 0.216135540973
0.660302167056 0.216135540973
0.660302167056 0.216135540973
0.660302167056 0.216135540973
0.660302167056 0.216135540973
0.660302167056 0.216135540973
0.660302167056 0.216135540973
0.660302167056 0.216135540973
0.660302167056 0.216135540973
0.660302167056 0.216135540973
0.660302167056 0.216135540973
0.660302167056 0.216135540973
0.660302167056 0.216135540973
0.660302167056 0.216135540973
0.660302167056 0.216135540973
0.660302167056 0.216135540973
0.660302167056 0.216135540973
0.660302167056 0.216135540973
0.660302167056 0.216135540973
0.660302167056 0.216135540973
0.660302167056 0.216135540973
0.660302167056 0.216135540973
0.660302167056 0.216135540973
0.660302167056 0.216135540973
0.660302167056 0.216135540973
0.660302167056 0.216135540973
0.660302167056 0.216135540973
0.660302167056 0.216135540973
0.660302167056 0.216135540973
0.660302167056 0.216135540973
0.612626716944 0.200488815298
0.660302167056 0.216135540973
0.660302167056 0.216135540973
0.660302167056 0.216135540973
0.660302167056 0.216135540973
0.660302167056 0.216135540973
