0.414477126712 0.662439380756
0.539372815389 0.318452651409
0.641353369565 0.192310065626
0.387755279005 0.525593461883
0.775168340144 0.28838699052
0.964018302448 0.0450818697832
0.477748179939 0.539680257525
0.300900117277 0.757318060385
0.78751958011 0.158827590614
0.622834731775 0.468400369324
0.42975504605 0.681375625408
0.304019122224 0.437373432978
0.7401897875 0.397146641776
0.751875328656 0.0165297194033
0.523921058272 0.312932552473
0.136636775985 0.845863093746
0.230201216506 0.597519947814
0.427054352722 0.308732792875
0.706577395595 0.115726411025
0.118898505929 0.781964332378
0.079417612096 0.580360845888
0.105333553314 0.635801190169
0.695548850823 0.349568700099
0.616511805692 0.556274703499
0.109187221551 0.802228696801
0.677142839323 0.248510014546
0.616577371688 0.245719513093
0.593355817988 0.511402900092
0.788324943092 0.443072846451
0.643387422244 0.204454272096
0.439537160844 0.47373424202
0.659841394387 0.336803331238
0.553147580527 0.364675360677
0.65748893469 0.631828661155
0.805653288869 0.246546685657
0.511891152477 0.398586893223
0.279874687796 0.618834830768
0.021360877331 0.52324851244
0.0704687895098 0.648469338129
0.68493335883 0.149372347591
0.553706844101 0.148359564873
0.846000796249 0.131083328787
0.757940239327 0.357640469648
0.72489219808 0.21876376489
0.472287399051 0.596597151548
0.403134051097 0.677516994405
0.618281498347 0.0652888488115
0.14123309106 0.59830985017
0.567826111216 0.315064163557
0.357804220775 0.688705920524
0.414477126712 0.662439380756
0.414477126712 0.662439380756
0.408037794956 0.652119354418
0.414477126712 0.662439380756
0.414477126712 0.662439380756
0.414477126712 0.662439380756
0.414477126712 0.662439380756
0.414477126712 0.662439380756
0.414477126712 0.662439380756
0.414477126712 0.662439380756
0.414477126712 0.662439380756
0.414477126712 0.662439380756
0.414477126712 0.662439380756
0.414477126712 0.662439380756
0.414477126712 0.662439380756
0.414477126712 0.662439380756
0.414477126712 0.662439380756
0.414477126712 0.662439380756
0.414477126712 0.662439380756
0.414477126712 0.662439380756
0.414477126712 0.662439380756
0.414477126712 0.662439380756
0.414477126712 0.662439380756
0.414477126712 0.662439380756
0.414477126712 0.662439380756
0.414477126712 0.662439380756
0.414477126712 0.662439380756
0.414477126712 0.662439380756
0.414477126712 0.662439380756
0.414477126712 0.662439380756
0.414477126712 0.662439380756
0.414477126712 0.662439380756
0.414477126712 0.662439380756
0.414477126712 0.662439380756
0.414477126712 0.662439380756
0.414477126712 0.662439380756
0.414477126712 0.662439380756
0.414477126712 0.662439380756
0.414477126712 0.662439380756
0.414477126712 0.662439380756
0.414477126712 0.662439380756
0.414477126712 0.662439380756
0.414477126712 0.662439380756
0.414477126712 0.662439380756
0.414477126712 0.662439380756
0.414477126712 0.662439380756
0.414477126712 0.662439380756
0.414477126712 0.662439380756
0.414477126712 0.662439380756
0.414477126712 0.662439380756
0.414477126712 0.662439380756
0.414477126712 0.662439380756
0.414477126712 0.662439380756
0.414477126712 0.662439380756
0.414477126712 0.662439380756
0.414477126712 0.662439380756
0.414477126712 0.662439380756
0.414477126712 0.662439380756
0.414477126712 0.662439380756
0.414477126712 0.662439380756
0.414477126712 0.662439380756
0.414477126712 0.662439380756
0.414477126712 0.662439380756
0.414477126712 0.662439380756
0.414477126712 0.662439380756
0.414477126712 0.662439380756
0.414477126712 0.662439380756
0.414477126712 0.662439380756
0.414477126712 0.662439380756
0.414477126712 0.662439380756
0.414477126712 0.662439380756
0.414477126712 0.662439380756
0.414477126712 0.662439380756
0.414477126712 0.662439380756
0.414477126712 0.662439380756
0.414477126712 0.662439380756
0.414477126712 0.662439380756
0.414477126712 0.662439380756
0.414477126712 0.662439380756
0.414477126712 0.662439380756
0.414477126712 0.662439380756
0.414477126712 0.662439380756
0.414477126712 0.662439380756
0.414477126712 0.662439380756
0.414477126712 0.662439380756
0.414477126712 0.662439380756
0.414477126712 0.662439380756
0.414477126712 0.662439380756
0.414477126712 0.662439380756
0.414477126712 0.662439380756
0.414477126712 0.662439380756
0.414477126712 0.662439380756
0.414477126712 0.662439380756
0.405424658256 0.647931398183
0.430091214796 0.687463374922
0.414477126712 0.662439380756
0.414477126712 0.662439380756
0.414477126712 0.662439380756
0.414477126712 0.662439380756
0.414477126712 0.662439380756
0.414477126712 0.662439380756
0.414477126712 0.662439380756
0.414477126712 0.662439380756
0.414477126712 0.662439380756
0.414477126712 0.662439380756
0.430040472181 0.687382052024
0.414477126712 0.662439380756
0.414477126712 0.662439380756
0.414477126712 0.662439380756
0.414477126712 0.662439380756
0.414477126712 0.662439380756
0.42142599663 0.673576020909
0.40246044076 0.643180780605
0.414477126712 0.662439380756
0.414477126712 0.662439380756
0.414477126712 0.662439380756
0.414477126712 0.662439380756
0.414477126712 0.662439380756
0.414477126712 0.662439380756
0.414477126712 0.662439380756
0.414477126712 0.662439380756
0.414477126712 0.662439380756
0.414477126712 0.662439380756
0.414477126712 0.662439380756
0.414477126712 0.662439380756
0.414477126712 0.662439380756
0.414477126712 0.662439380756
0.414477126712 0.662439380756
0.414477126712 0.662439380756
0.414477126712 0.662439380756
0.414477126712 0.662439380756
0.414477126712 0.662439380756
0.414477126712 0.662439380756
0.414477126712 0.662439380756
0.414477126712 0.662439380756
0.414477126712 0.662439380756
0.414477126712 0.662439380756
0.414477126712 0.662439380756
0.442979324439 0.708118566488
0.414477126712 0.662439380756
0.414477126712 0.662439380756
0.414477126712 0.662439380756
0.414477126712 0.662439380756
0.414477126712 0.662439380756
0.414477126712 0.662439380756
0.414477126712 0.662439380756
0.414477126712 0.662439380756
0.414477126712 0.662439380756
0.414477126712 0.662439380756
0.414477126712 0.662439380756
0.414477126712 0.662439380756
0.414477126712 0.662439380756
0.414477126712 0.662439380756
0.414477126712 0.662439380756
0.414477126712 0.662439380756
0.414477126712 0.662439380756
0.414477126712 0.662439380756
0.414477126712 0.662439380756
0.414477126712 0.662439380756
0.414477126712 0.662439380756
0.414477126712 0.662439380756
0.414477126712 0.662439380756
0.414477126712 0.662439380756
0.414477126712 0.662439380756
0.444090910865 0.709900055876
0.414477126712 0.662439380756
0.414477126712 0.662439380756
0.414477126712 0.662439380756
0.40752699521 0.651300718722
0.414477126712 0.662439380756
0.414477126712 0.662439380756
0.414477126712 0.662439380756
0.414477126712 0.662439380756
0.414477126712 0.662439380756
0.414477126712 0.662439380756
0.414477126712 0.662439380756
0.414477126712 0.662439380756
0.414477126712 0.662439380756
0.4305102128 0.688134884109
0.414477126712 0.662439380756
0.414477126712 0.662439380756
0.414477126712 0.662439380756
0.414477126712 0.662439380756
0.414477126712 0.662439380756
0.414477126712 0.662439380756
0.414477126712 0.662439380756
0.414477126712 0.662439380756
0.418583682527 0.669020772394
0.414477126712 0.662439380756
0.414477126712 0.662439380756
0.414477126712 0.662439380756
0.414477126712 0.662439380756
0.414477126712 0.662439380756
0.414477126712 0.662439380756
0.414477126712 0.662439380756
0.414477126712 0.662439380756
0.414477126712 0.662439380756
0.414477126712 0.662439380756
0.414477126712 0.662439380756
0.414477126712 0.662439380756
0.414477126712 0.662439380756
0.414477126712 0.662439380756
0.414477126712 0.662439380756
0.414477126712 0.662439380756
0.414477126712 0.662439380756
0.414477126712 0.662439380756
0.414477126712 0.662439380756
0.414477126712 0.662439380756
0.414477126712 0.662439380756
0.414477126712 0.662439380756
0.414477126712 0.662439380756
0.414477126712 0.662439380756
0.414477126712 0.662439380756
0.414477126712 0.662439380756
0.414477126712 0.662439380756
0.414477126712 0.662439380756
0.414477126712 0.662439380756
0.414477126712 0.662439380756
0.409061936171 0.653760699314
0.414477126712 0.662439380756
0.414477126712 0.662439380756
0.393363033012 0.628600775856
0.414477126712 0.662439380756
0.414477126712 0.662439380756
0.404438457771 0.646350859182
0.414477126712 0.662439380756
0.414477126712 0.662439380756
0.414477126712 0.662439380756
0.414477126712 0.662439380756
0.394957210822 0.631155692672
0.414477126712 0.662439380756
0.414477126712 0.662439380756
0.414477126712 0.662439380756
0.414477126712 0.662439380756
0.414477126712 0.662439380756
0.414477126712 0.662439380756
0.414477126712 0.662439380756
0.402106091054 0.642612880326
0.414477126712 0.662439380756
0.414477126712 0.662439380756
0.414477126712 0.662439380756
0.414477126712 0.662439380756
0.414477126712 0.662439380756
0.414477126712 0.662439380756
0.414477126712 0.662439380756
0.414477126712 0.662439380756
0.414477126712 0.662439380756
0.414477126712 0.662439380756
0.414477126712 0.662439380756
0.414477126712 0.662439380756
0.414477126712 0.662439380756
0.414477126712 0.662439380756
0.414477126712 0.662439380756
0.414477126712 0.662439380756
0.414477126712 0.662439380756
0.414477126712 0.662439380756
0.414477126712 0.662439380756
0.414477126712 0.662439380756
0.414477126712 0.662439380756
0.414477126712 0.662439380756
0.414477126712 0.662439380756
0.414477126712 0.662439380756
0.414477126712 0.662439380756
0.414477126712 0.662439380756
0.414477126712 0.662439380756
0.414477126712 0.662439380756
0.442994832374 0.708143420355
0.414477126712 0.662439380756
0.414477126712 0.662439380756
0.414477126712 0.662439380756
0.406952477103 0.650379964484
0.414477126712 0.662439380756
0.414477126712 0.662439380756
0.412751129552 0.659673203019
0.414477126712 0.662439380756
0.414477126712 0.662439380756
0.414477126712 0.662439380756
0.414477126712 0.662439380756
0.414477126712 0.662439380756
0.414477126712 0.662439380756
0.414477126712 0.662439380756
0.414477126712 0.662439380756
0.414477126712 0.662439380756
0.414477126712 0.662439380756
0.414477126712 0.662439380756
0.414477126712 0.662439380756
0.414477126712 0.662439380756
0.414477126712 0.662439380756
0.414477126712 0.662439380756
0.414477126712 0.662439380756
0.414477126712 0.662439380756
0.414477126712 0.662439380756
0.414477126712 0.662439380756
0.414477126712 0.662439380756
0.414477126712 0.662439380756
0.414477126712 0.662439380756
0.414477126712 0.662439380756
0.414477126712 0.662439380756
0.430470031963 0.688070488097
0.414477126712 0.662439380756
0.396671486412 0.63390308478
0.414477126712 0.662439380756
0.414477126712 0.662439380756
0.414477126712 0.662439380756
0.402242445534 0.642831409497
0.414477126712 0.662439380756
0.414477126712 0.662439380756
0.414477126712 0.662439380756
0.414477126712 0.662439380756
0.414477126712 0.662439380756
0.415776619754 0.664522019597
0.414477126712 0.662439380756
0.414477126712 0.662439380756
0.414477126712 0.662439380756
0.414477126712 0.662439380756
0.414477126712 0.662439380756
0.414477126712 0.662439380756
0.414477126712 0.662439380756
0.414477126712 0.662439380756
0.414477126712 0.662439380756
0.414477126712 0.662439380756
0.433316005275 0.649336420518
0.414477126712 0.662439380756
0.414477126712 0.662439380756
0.414477126712 0.662439380756
0.414477126712 0.662439380756
0.414477126712 0.662439380756
0.414477126712 0.662439380756
0.414477126712 0.662439380756
0.414477126712 0.662439380756
0.403948559754 0.645565721744
0.414477126712 0.662439380756
0.414477126712 0.662439380756
0.414477126712 0.662439380756
0.414477126712 0.662439380756
0.414477126712 0.662439380756
0.414477126712 0.662439380756
0.414477126712 0.662439380756
0.414477126712 0.662439380756
0.414477126712 0.662439380756
0.414477126712 0.662439380756
0.414477126712 0.662439380756
0.403080493713 0.644174511484
0.414477126712 0.662439380756
0.414477126712 0.662439380756
0.414477126712 0.662439380756
0.414477126712 0.662439380756
0.414477126712 0.662439380756
0.401198689063 0.641158628114
0.414477126712 0.662439380756
0.414477126712 0.662439380756
0.414477126712 0.662439380756
0.414477126712 0.662439380756
0.414477126712 0.662439380756
0.414477126712 0.662439380756
0.414477126712 0.662439380756
0.414477126712 0.662439380756
0.414477126712 0.662439380756
0.414477126712 0.662439380756
0.414477126712 0.662439380756
0.414477126712 0.662439380756
0.414477126712 0.662439380756
0.414477126712 0.662439380756
0.414477126712 0.662439380756
0.414477126712 0.662439380756
0.414477126712 0.662439380756
0.414477126712 0.662439380756
0.414477126712 0.662439380756
0.414477126712 0.662439380756
0.414477126712 0.662439380756
0.414477126712 0.662439380756
0.414477126712 0.662439380756
0.430174145837 0.687596284758
0.414477126712 0.662439380756
0.414477126712 0.662439380756
0.414477126712 0.662439380756
0.414477126712 0.662439380756
0.414477126712 0.662439380756
0.414477126712 0.662439380756
0.414477126712 0.662439380756
0.414477126712 0.662439380756
0.414477126712 0.662439380756
0.414477126712 0.662439380756
0.414477126712 0.662439380756
0.414477126712 0.662439380756
0.414477126712 0.662439380756
0.384910056987 0.615053572742
0.414477126712 0.662439380756
0.408003845547 0.652064945232
0.414477126712 0.662439380756
0.414477126712 0.662439380756
0.414477126712 0.662439380756
0.414477126712 0.662439380756
0.414477126712 0.662439380756
0.407130350084 0.650665033482
0.414477126712 0.662439380756
0.414477126712 0.662439380756
0.414477126712 0.662439380756
0.414477126712 0.662439380756
0.414477126712 0.662439380756
0.414477126712 0.662439380756
0.414477126712 0.662439380756
0.414477126712 0.662439380756
0.414477126712 0.662439380756
0.414477126712 0.662439380756
0.414477126712 0.662439380756
0.414477126712 0.662439380756
0.414477126712 0.662439380756
0.414477126712 0.662439380756
0.414477126712 0.662439380756
0.414477126712 0.662439380756
0.414477126712 0.662439380756
0.414477126712 0.662439380756
0.414477126712 0.662439380756
0.414477126712 0.662439380756
0.414477126712 0.662439380756
0.414477126712 0.662439380756
0.414477126712 0.662439380756
0.447811778919 0.71586332315
0.414477126712 0.662439380756
0.414477126712 0.662439380756
0.414477126712 0.662439380756
0.414477126712 0.662439380756
0.397075687521 0.634550879652
0.414477126712 0.662439380756
0.414477126712 0.662439380756
0.414477126712 0.662439380756
0.414477126712 0.662439380756
0.433315011447 0.692630008294
0.414477126712 0.662439380756
0.414477126712 0.662439380756
0.414477126712 0.662439380756
0.414477126712 0.662439380756
0.414477126712 0.662439380756
0.414477126712 0.662439380756
0.41782526817 0.667805295939
0.414477126712 0.662439380756
0.486519552116 0.607435833996
0.414477126712 0.662439380756
0.414477126712 0.662439380756
0.414477126712 0.662439380756
0.414477126712 0.662439380756
0.414477126712 0.662439380756
0.414477126712 0.662439380756
0.414477126712 0.662439380756
0.414477126712 0.662439380756
0.414477126712 0.662439380756
0.414477126712 0.662439380756
0.414477126712 0.662439380756
0.414477126712 0.662439380756
