0.692014396168 0.19318698948
0.563159450298 0.326093479567
0.664676123604 0.265421993443
0.302637125632 0.459835578576
0.132115887243 0.651394107215
0.377362358494 0.478230472945
0.0314526195627 0.806555324383
0.747601770472 0.0122636994319
0.733383685165 0.0312431114511
0.576271112954 0.180054514233
0.734644771915 0.178066535343
0.413597531586 0.353452156872
0.57603065567 0.26745868926
0.772345241464 0.0438394311017
0.586507368517 0.215024770083
0.0636296727001 0.804104359914
0.35836540957 0.333024654061
0.497741947029 0.303844544239
0.168416314029 0.585970902153
0.670476984638 0.0625530911144
0.585667875778 0.273308476067
0.205908380919 0.622250704949
0.240671816823 0.736372902988
0.0612968624036 0.722525467424
0.292352791788 0.60986661799
0.651346763353 0.06651127792
0.196992308112 0.851609283223
0.348740774925 0.4667514222
0.228800989538 0.487970997525
0.47794150125 0.220001418262
0.596918129114 0.245017090485
0.289848204961 0.574638565469
0.00423863382548 0.906099271489
0.555861518267 0.339006403353
0.486644140687 0.404106488292
0.743693948423 0.152666356026
0.52396980226 0.400726783261
0.658702019543 0.111442552608
0.566851701412 0.251818604945
0.828735514197 0.152657082522
0.455039359562 0.451625761817
0.434480173387 0.322287359669
0.575273557105 0.287220012583
0.661191455123 0.241057511553
0.616912308958 0.337488755562
0.201169490175 0.610506353009
0.553038349402 0.38811610124
0.702382246296 0.000302194335309
0.00938082320292 0.84460653633
0.725977408816 0.251104216857
0.692014396168 0.19318698948
0.692014396168 0.19318698948
0.692014396168 0.19318698948
0.692014396168 0.19318698948
0.692014396168 0.19318698948
0.692014396168 0.19318698948
0.692014396168 0.19318698948
0.692014396168 0.19318698948
0.692014396168 0.19318698948
0.692014396168 0.19318698948
0.692014396168 0.19318698948
0.692014396168 0.19318698948
0.692014396168 0.19318698948
0.664364608395 0.185475218999
0.692014396168 0.19318698948
0.684158412161 0.190995886024
0.692014396168 0.19318698948
0.692014396168 0.19318698948
0.692014396168 0.19318698948
0.692014396168 0.19318698948
0.692014396168 0.19318698948
0.692014396168 0.19318698948
0.692014396168 0.19318698948
0.692014396168 0.19318698948
0.692014396168 0.19318698948
0.692014396168 0.19318698948
0.692014396168 0.19318698948
0.692014396168 0.19318698948
0.692014396168 0.19318698948
0.692014396168 0.19318698948
0.692014396168 0.19318698948
0.692014396168 0.19318698948
0.664124235996 0.18540817701
0.692014396168 0.19318698948
0.692014396168 0.19318698948
0.692014396168 0.19318698948
0.692014396168 0.19318698948
0.692014396168 0.19318698948
0.692014396168 0.19318698948
0.692014396168 0.19318698948
0.692014396168 0.19318698948
0.692014396168 0.19318698948
0.692014396168 0.19318698948
0.692014396168 0.19318698948
0.692014396168 0.19318698948
0.692014396168 0.19318698948
0.692014396168 0.19318698948
0.692014396168 0.19318698948
0.692014396168 0.19318698948
0.692014396168 0.19318698948
0.692014396168 0.19318698948
0.692014396168 0.19318698948
0.681177297364 0.190164426727
0.692014396168 0.19318698948
0.692014396168 0.19318698948
0.721182782319 0.201322310487
0.692014396168 0.19318698948
0.692014396168 0.19318698948
0.692014396168 0.19318698948
0.692014396168 0.19318698948
0.692014396168 0.19318698948
0.692014396168 0.19318698948
0.692014396168 0.19318698948
0.692014396168 0.19318698948
0.692014396168 0.19318698948
0.692014396168 0.19318698948
0.692014396168 0.19318698948
0.692014396168 0.19318698948
0.692014396168 0.19318698948
0.692014396168 0.19318698948
0.692014396168 0.19318698948
0.692014396168 0.19318698948
0.692014396168 0.19318698948
0.692014396168 0.19318698948
0.692014396168 0.19318698948
0.692014396168 0.19318698948
0.692014396168 0.19318698948
0.692014396168 0.19318698948
0.692014396168 0.19318698948
0.692014396168 0.19318698948
0.692014396168 0.19318698948
0.692014396168 0.19318698948
0.692014396168 0.19318698948
0.692014396168 0.19318698948
0.692014396168 0.19318698948
0.692014396168 0.19318698948
0.692014396168 0.19318698948
0.692014396168 0.19318698948
0.692014396168 0.19318698948
0.692014396168 0.19318698948
0.692014396168 0.19318698948
0.692014396168 0.19318698948
0.692014396168 0.19318698948
0.692014396168 0.19318698948
0.692014396168 0.19318698948
0.692014396168 0.19318698948
0.692014396168 0.19318698948
0.692014396168 0.19318698948
0.692014396168 0.19318698948
0.692014396168 0.19318698948
0.692014396168 0.19318698948
0.692014396168 0.19318698948
0.692014396168 0.19318698948
0.692014396168 0.19318698948
0.692014396168 0.19318698948
0.692014396168 0.19318698948
0.686777635736 0.191726410656
0.692014396168 0.19318698948
0.692014396168 0.19318698948
0.692014396168 0.19318698948
0.692014396168 0.19318698948
0.692014396168 0.19318698948
0.692014396168 0.19318698948
0.692014396168 0.19318698948
0.692014396168 0.19318698948
0.692014396168 0.19318698948
0.692014396168 0.19318698948
0.692014396168 0.19318698948
0.692014396168 0.19318698948
0.692014396168 0.19318698948
0.692014396168 0.19318698948
0.692014396168 0.19318698948
0.692014396168 0.19318698948
0.692014396168 0.19318698948
0.692014396168 0.19318698948
0.692014396168 0.19318698948
0.692014396168 0.19318698948
0.692014396168 0.19318698948
0.692014396168 0.19318698948
0.692014396168 0.19318698948
0.692014396168 0.19318698948
0.692014396168 0.19318698948
0.692014396168 0.19318698948
0.692014396168 0.19318698948
0.692014396168 0.19318698948
0.692014396168 0.19318698948
0.692014396168 0.19318698948
0.688275628869 0.192144214196
0.692014396168 0.19318698948
0.677630067141 0.189175072828
0.692014396168 0.19318698948
0.692014396168 0.19318698948
0.692014396168 0.19318698948
0.692014396168 0.19318698948
0.692014396168 0.19318698948
0.692014396168 0.19318698948
0.692014396168 0.19318698948
0.692014396168 0.19318698948
0.692014396168 0.19318698948
0.692014396168 0.19318698948
0.692014396168 0.19318698948
0.692014396168 0.19318698948
0.692014396168 0.19318698948
0.692014396168 0.19318698948
0.692014396168 0.19318698948
0.692014396168 0.19318698948
0.692014396168 0.19318698948
0.692014396168 0.19318698948
0.692014396168 0.19318698948
0.692014396168 0.19318698948
0.692014396168 0.19318698948
0.692014396168 0.19318698948
0.692014396168 0.19318698948
0.692014396168 0.19318698948
0.692014396168 0.19318698948
0.692014396168 0.19318698948
0.692014396168 0.19318698948
0.692014396168 0.19318698948
0.692014396168 0.19318698948
0.692014396168 0.19318698948
0.692014396168 0.19318698948
0.692014396168 0.19318698948
0.692014396168 0.19318698948
0.692014396168 0.19318698948
0.692014396168 0.19318698948
0.692014396168 0.19318698948
0.692014396168 0.19318698948
0.692014396168 0.19318698948
0.692014396168 0.19318698948
0.692014396168 0.19318698948
0.692014396168 0.19318698948
0.692014396168 0.19318698948
0.692014396168 0.19318698948
0.692014396168 0.19318698948
0.692014396168 0.19318698948
0.692014396168 0.19318698948
0.692014396168 0.19318698948
0.692014396168 0.19318698948
0.692014396168 0.19318698948
0.692014396168 0.19318698948
0.692014396168 0.19318698948
0.692014396168 0.19318698948
0.692014396168 0.19318698948
0.692014396168 0.19318698948
0.692014396168 0.19318698948
0.692014396168 0.19318698948
0.692014396168 0.19318698948
0.692014396168 0.19318698948
0.692014396168 0.19318698948
0.663066828746 0.18511325677
0.692014396168 0.19318698948
0.692014396168 0.19318698948
0.692014396168 0.19318698948
0.692014396168 0.19318698948
0.692014396168 0.19318698948
0.692014396168 0.19318698948
0.692014396168 0.19318698948
0.692014396168 0.19318698948
0.692014396168 0.19318698948
0.692014396168 0.19318698948
0.692014396168 0.19318698948
0.692014396168 0.19318698948
0.692014396168 0.19318698948
0.692014396168 0.19318698948
0.692014396168 0.19318698948
0.692014396168 0.19318698948
0.692014396168 0.19318698948
0.715763415011 0.19981080099
0.692014396168 0.19318698948
0.692014396168 0.19318698948
0.692014396168 0.19318698948
0.692014396168 0.19318698948
0.692014396168 0.19318698948
0.692014396168 0.19318698948
0.692014396168 0.19318698948
0.692014396168 0.19318698948
0.692014396168 0.19318698948
0.692014396168 0.19318698948
0.692014396168 0.19318698948
0.692014396168 0.19318698948
0.692014396168 0.19318698948
0.692014396168 0.19318698948
0.692014396168 0.19318698948
0.671927019203 0.187584442293
0.692014396168 0.19318698948
0.692014396168 0.19318698948
0.692014396168 0.19318698948
0.692014396168 0.19318698948
0.692014396168 0.19318698948
0.692014396168 0.19318698948
0.692014396168 0.19318698948
0.692014396168 0.19318698948
0.692014396168 0.19318698948
0.692014396168 0.19318698948
0.692014396168 0.19318698948
0.692014396168 0.19318698948
0.692014396168 0.19318698948
0.692014396168 0.19318698948
0.692014396168 0.19318698948
0.692014396168 0.19318698948
0.692014396168 0.19318698948
0.692014396168 0.19318698948
0.692014396168 0.19318698948
0.692014396168 0.19318698948
0.692014396168 0.19318698948
0.692014396168 0.19318698948
0.692014396168 0.19318698948
0.692014396168 0.19318698948
0.692014396168 0.19318698948
0.692014396168 0.19318698948
0.692014396168 0.19318698948
0.692014396168 0.19318698948
0.692014396168 0.19318698948
0.692014396168 0.19318698948
0.692014396168 0.19318698948
0.692014396168 0.19318698948
0.692014396168 0.19318698948
0.692014396168 0.19318698948
0.692014396168 0.19318698948
0.692014396168 0.19318698948
0.692014396168 0.19318698948
0.692014396168 0.19318698948
0.692014396168 0.19318698948
0.692014396168 0.19318698948
0.692014396168 0.19318698948
0.692014396168 0.19318698948
0.692014396168 0.19318698948
0.692014396168 0.19318698948
0.692014396168 0.19318698948
0.692014396168 0.19318698948
0.692014396168 0.19318698948
0.692014396168 0.19318698948
0.692014396168 0.19318698948
0.692014396168 0.19318698948
0.692014396168 0.19318698948
0.692014396168 0.19318698948
0.692014396168 0.19318698948
0.692014396168 0.19318698948
0.692014396168 0.19318698948
0.692014396168 0.19318698948
0.692014396168 0.19318698948
0.692014396168 0.19318698948
0.692014396168 0.19318698948
0.692014396168 0.19318698948
0.692014396168 0.19318698948
0.692014396168 0.19318698948
0.692014396168 0.19318698948
0.692014396168 0.19318698948
0.692014396168 0.19318698948
0.692014396168 0.19318698948
0.692014396168 0.19318698948
0.692014396168 0.19318698948
0.692014396168 0.19318698948
0.692014396168 0.19318698948
0.702856474432 0.196210941049
0.692014396168 0.19318698948
0.692014396168 0.19318698948
0.692014396168 0.19318698948
0.692014396168 0.19318698948
0.692014396168 0.19318698948
0.692014396168 0.19318698948
0.692014396168 0.19318698948
0.692014396168 0.19318698948
0.692014396168 0.19318698948
0.692014396168 0.19318698948
0.685710028265 0.191428645485
0.692014396168 0.19318698948
0.692014396168 0.19318698948
0.692014396168 0.19318698948
0.692014396168 0.19318698948
0.692014396168 0.19318698948
0.692014396168 0.19318698948
0.692014396168 0.19318698948
0.692014396168 0.19318698948
0.692014396168 0.19318698948
0.692014396168 0.19318698948
0.692014396168 0.19318698948
0.692014396168 0.19318698948
0.692014396168 0.19318698948
0.692014396168 0.19318698948
0.692014396168 0.19318698948
0.692014396168 0.19318698948
0.692014396168 0.19318698948
0.692014396168 0.19318698948
0.692014396168 0.19318698948
0.692014396168 0.19318698948
0.692014396168 0.19318698948
0.692014396168 0.19318698948
0.692014396168 0.19318698948
0.692014396168 0.19318698948
0.692014396168 0.19318698948
0.692014396168 0.19318698948
0.698810907132 0.19508259653
0.692014396168 0.19318698948
0.692014396168 0.19318698948
0.692014396168 0.19318698948
0.692014396168 0.19318698948
0.692014396168 0.19318698948
0.692014396168 0.19318698948
0.692044205859 0.193195303667
0.692014396168 0.19318698948
0.692014396168 0.19318698948
0.692014396168 0.19318698948
0.692014396168 0.19318698948
0.692014396168 0.19318698948
0.692014396168 0.19318698948
0.692014396168 0.19318698948
0.692014396168 0.19318698948
0.692014396168 0.19318698948
0.692014396168 0.19318698948
0.692014396168 0.19318698948
0.692014396168 0.19318698948
0.692014396168 0.19318698948
0.692014396168 0.19318698948
0.692014396168 0.19318698948
0.692014396168 0.19318698948
0.692014396168 0.19318698948
0.692014396168 0.19318698948
0.692014396168 0.19318698948
0.692014396168 0.19318698948
0.692014396168 0.19318698948
0.692014396168 0.19318698948
0.692014396168 0.19318698948
0.692014396168 0.19318698948
0.692014396168 0.19318698948
0.692014396168 0.19318698948
0.692014396168 0.19318698948
0.692014396168 0.19318698948
0.692014396168 0.19318698948
0.692014396168 0.19318698948
0.692014396168 0.19318698948
0.692014396168 0.19318698948
0.692014396168 0.19318698948
0.692014396168 0.19318698948
0.692014396168 0.19318698948
0.692014396168 0.19318698948
0.692014396168 0.19318698948
0.692014396168 0.19318698948
0.692014396168 0.19318698948
0.672588524492 0.187768941971
0.692014396168 0.19318698948
0.692014396168 0.19318698948
0.692014396168 0.19318698948
0.692014396168 0.19318698948
0.692014396168 0.19318698948
0.692014396168 0.19318698948
0.692014396168 0.19318698948
0.692014396168 0.19318698948
0.692014396168 0.19318698948
0.692014396168 0.19318698948
0.692014396168 0.19318698948
0.692014396168 0.19318698948
0.692014396168 0.19318698948
0.692014396168 0.19318698948
0.692014396168 0.19318698948
0.692014396168 0.19318698948
0.692014396168 0.19318698948
0.692014396168 0.19318698948
0.692014396168 0.19318698948
0.692014396168 0.19318698948
0.692014396168 0.19318698948
0.692014396168 0.19318698948
0.692014396168 0.19318698948
0.692014396168 0.19318698948
0.714626580037 0.199493727656
0.692014396168 0.19318698948
0.692014396168 0.19318698948
0.692014396168 0.19318698948
0.692014396168 0.19318698948
0.703400635277 0.196362712324
0.692014396168 0.19318698948
0.692014396168 0.19318698948
0.692014396168 0.19318698948
0.692014396168 0.19318698948
0.692014396168 0.19318698948
0.692014396168 0.19318698948
0.692014396168 0.19318698948
0.692014396168 0.19318698948
0.692014396168 0.19318698948
0.692014396168 0.19318698948
0.692014396168 0.19318698948
0.692014396168 0.19318698948
0.692014396168 0.19318698948
0.692014396168 0.19318698948
0.692014396168 0.19318698948
0.692014396168 0.19318698948
0.692014396168 0.19318698948
0.692014396168 0.19318698948
0.692014396168 0.19318698948
0.692014396168 0.19318698948
0.692014396168 0.19318698948
0.692014396168 0.19318698948
0.692014396168 0.19318698948
0.692014396168 0.19318698948
0.692014396168 0.19318698948
0.692014396168 0.19318698948
0.692014396168 0.19318698948
0.692014396168 0.19318698948
0.692014396168 0.19318698948
0.692014396168 0.19318698948
