0.570759681975 0.540911773385
0.0802404619322 0.610796571873
0.499128000933 0.218468996786
0.385339872606 0.596070540741
0.624780731587 0.232285854962
0.439138758882 0.6814776852
0.433182675561 0.331826470742
0.617612903077 0.303895141945
0.0445525379857 0.733844325463
0.626713279739 0.346400063676
0.48358518308 0.375955674602
0.572710801219 0.191514469352
0.495352420848 0.455729028601
0.245820472667 0.350348402253
0.00411436040532 0.252213815239
0.731735459596 0.214637966106
0.453305937185 0.411431464129
0.825427965029 0.0108491975475
0.561507477096 0.729808130054
0.557190624394 0.00382457209613
0.205574904265 0.615146482945
0.489905049335 0.217655657699
0.0841341341541 0.525402279139
0.0390058364416 0.554001757333
0.557853996799 0.312088586978
0.0939818753917 0.542469014232
0.307154884794 0.767124658161
0.608246163346 0.466196670153
0.514115913537 0.314889923567
0.262167712019 0.629136640241
0.174645099141 0.517882435752
0.388768834277 0.618972710318
0.528295853966 0.62627552999
0.226670281061 0.49082568906
0.7501150435 0.322849837722
0.169756605673 0.519521445512
0.657757981666 0.593157684192
0.23901817444 0.628382308998
0.419733021599 0.0765747735605
0.843131232172 0.00823307622122
0.409954232028 0.606357969409
0.540606220766 0.326715233959
0.354249241442 0.772353216687
0.685748672149 0.0980519786416
0.0331569651975 0.870511213905
0.504960452945 0.462830561558
0.461550185889 0.430892010318
0.388110594525 0.411141043459
0.761395264611 0.194191761759
0.859236885584 0.125842198541
0.570759681975 0.540911773385
0.570759681975 0.540911773385
0.570759681975 0.540911773385
0.570759681975 0.540911773385
0.570759681975 0.540911773385
0.570759681975 0.540911773385
0.570759681975 0.540911773385
0.570759681975 0.540911773385
0.570759681975 0.540911773385
0.570759681975 0.540911773385
0.570759681975 0.540911773385
0.570759681975 0.540911773385
0.570759681975 0.540911773385
0.570759681975 0.540911773385
0.570759681975 0.540911773385
0.50555408808 0.479158533186
0.570759681975 0.540911773385
0.570759681975 0.540911773385
0.570759681975 0.540911773385
0.570759681975 0.540911773385
0.570759681975 0.540911773385
0.570759681975 0.540911773385
0.570759681975 0.540911773385
0.570759681975 0.540911773385
0.511341958043 0.48463996051
0.570759681975 0.540911773385
0.570759681975 0.540911773385
0.570759681975 0.540911773385
0.570759681975 0.540911773385
0.570759681975 0.540911773385
0.570759681975 0.540911773385
0.570759681975 0.540911773385
0.570759681975 0.540911773385
0.570759681975 0.540911773385
0.570759681975 0.540911773385
0.570759681975 0.540911773385
0.570759681975 0.540911773385
0.570759681975 0.540911773385
0.498830517714 0.472790946741
0.524803417144 0.497388693673
0.633243264674 0.600087121086
0.570759681975 0.540911773385
0.570759681975 0.540911773385
0.570759681975 0.540911773385
0.570759681975 0.540911773385
0.570759681975 0.540911773385
0.570759681975 0.540911773385
0.570759681975 0.540911773385
0.570759681975 0.540911773385
0.570759681975 0.540911773385
0.570759681975 0.540911773385
0.570759681975 0.540911773385
0.570759681975 0.540911773385
0.570759681975 0.540911773385
0.570759681975 0.540911773385
0.570759681975 0.540911773385
0.570759681975 0.540911773385
0.570759681975 0.540911773385
0.570759681975 0.540911773385
0.570759681975 0.540911773385
0.570759681975 0.540911773385
0.570759681975 0.540911773385
0.570759681975 0.540911773385
0.570759681975 0.540911773385
0.570759681975 0.540911773385
0.570759681975 0.540911773385
0.570759681975 0.540911773385
0.570759681975 0.540911773385
0.570759681975 0.540911773385
0.570759681975 0.540911773385
0.570759681975 0.540911773385
0.570759681975 0.540911773385
0.570759681975 0.540911773385
0.570759681975 0.540911773385
0.570759681975 0.540911773385
0.570759681975 0.540911773385
0.570759681975 0.540911773385
0.564311781652 0.534805261448
0.570759681975 0.540911773385
0.570759681975 0.540911773385
0.570759681975 0.540911773385
0.570759681975 0.540911773385
0.570759681975 0.540911773385
0.570759681975 0.540911773385
0.570759681975 0.540911773385
0.570759681975 0.540911773385
0.570759681975 0.540911773385
0.570759681975 0.540911773385
0.570759681975 0.540911773385
0.570759681975 0.540911773385
0.570759681975 0.540911773385
0.570759681975 0.540911773385
0.570759681975 0.540911773385
0.570759681975 0.540911773385
0.570759681975 0.540911773385
0.570759681975 0.540911773385
0.570759681975 0.540911773385
0.570759681975 0.540911773385
0.570759681975 0.540911773385
0.570759681975 0.540911773385
0.570759681975 0.540911773385
0.570759681975 0.540911773385
0.570759681975 0.540911773385
0.570759681975 0.540911773385
0.570759681975 0.540911773385
0.570759681975 0.540911773385
0.570759681975 0.540911773385
0.570759681975 0.540911773385
0.570759681975 0.540911773385
0.570759681975 0.540911773385
0.570759681975 0.540911773385
0.570759681975 0.540911773385
0.570759681975 0.540911773385
0.570759681975 0.540911773385
0.570759681975 0.540911773385
0.570759681975 0.540911773385
0.570759681975 0.540911773385
0.570759681975 0.540911773385
0.570759681975 0.540911773385
0.570759681975 0.540911773385
0.570759681975 0.540911773385
0.570759681975 0.540911773385
0.570759681975 0.540911773385
0.570759681975 0.540911773385
0.570759681975 0.540911773385
0.570759681975 0.540911773385
0.570759681975 0.540911773385
0.570759681975 0.540911773385
0.570759681975 0.540911773385
0.570759681975 0.540911773385
0.570759681975 0.540911773385
0.570759681975 0.540911773385
0.570759681975 0.540911773385
0.570759681975 0.540911773385
0.570759681975 0.540911773385
0.570759681975 0.540911773385
0.570759681975 0.540911773385
0.570759681975 0.540911773385
0.570759681975 0.540911773385
0.570759681975 0.540911773385
0.570759681975 0.540911773385
0.570759681975 0.540911773385
0.570759681975 0.540911773385
0.570759681975 0.540911773385
0.570759681975 0.540911773385
0.570759681975 0.540911773385
0.570759681975 0.540911773385
0.570759681975 0.540911773385
0.570759681975 0.540911773385
0.570759681975 0.540911773385
0.570759681975 0.540911773385
0.570759681975 0.540911773385
0.570759681975 0.540911773385
0.570759681975 0.540911773385
0.570759681975 0.540911773385
0.570759681975 0.540911773385
0.570759681975 0.540911773385
0.570759681975 0.540911773385
0.570759681975 0.540911773385
0.570759681975 0.540911773385
0.570759681975 0.540911773385
0.570759681975 0.540911773385
0.570759681975 0.540911773385
0.570759681975 0.540911773385
0.570759681975 0.540911773385
0.570759681975 0.540911773385
0.570759681975 0.540911773385
0.570759681975 0.540911773385
0.570759681975 0.540911773385
0.570759681975 0.540911773385
0.570759681975 0.540911773385
0.570759681975 0.540911773385
0.570759681975 0.540911773385
0.570759681975 0.540911773385
0.570759681975 0.540911773385
0.570759681975 0.540911773385
0.570759681975 0.540911773385
0.570759681975 0.540911773385
0.570759681975 0.540911773385
0.570759681975 0.540911773385
0.570759681975 0.540911773385
0.570759681975 0.540911773385
0.570759681975 0.540911773385
0.570759681975 0.540911773385
0.570759681975 0.540911773385
0.570759681975 0.540911773385
0.570759681975 0.540911773385
0.570759681975 0.540911773385
0.570759681975 0.540911773385
0.570759681975 0.540911773385
0.570759681975 0.540911773385
0.570759681975 0.540911773385
0.570759681975 0.540911773385
0.570759681975 0.540911773385
0.570759681975 0.540911773385
0.570759681975 0.540911773385
0.570759681975 0.540911773385
0.570759681975 0.540911773385
0.570759681975 0.540911773385
0.570759681975 0.540911773385
0.570759681975 0.540911773385
0.570759681975 0.540911773385
0.570759681975 0.540911773385
0.570759681975 0.540911773385
0.570759681975 0.540911773385
0.570759681975 0.540911773385
0.570759681975 0.540911773385
0.570759681975 0.540911773385
0.570759681975 0.540911773385
0.570759681975 0.540911773385
0.570759681975 0.540911773385
0.570759681975 0.540911773385
0.570759681975 0.540911773385
0.570759681975 0.540911773385
0.570759681975 0.540911773385
0.570759681975 0.540911773385
0.570759681975 0.540911773385
0.570759681975 0.540911773385
0.570759681975 0.540911773385
0.570759681975 0.540911773385
0.570759681975 0.540911773385
0.570759681975 0.540911773385
0.570759681975 0.540911773385
0.570759681975 0.540911773385
0.570759681975 0.540911773385
0.570759681975 0.540911773385
0.570759681975 0.540911773385
0.570759681975 0.540911773385
0.570759681975 0.540911773385
0.584824102767 0.554231544029
0.570759681975 0.540911773385
0.521503314197 0.49426331688
0.570759681975 0.540911773385
0.570759681975 0.540911773385
0.570759681975 0.540911773385
0.570759681975 0.540911773385
0.570759681975 0.540911773385
0.570759681975 0.540911773385
0.570759681975 0.540911773385
0.570759681975 0.540911773385
0.570759681975 0.540911773385
0.570759681975 0.540911773385
0.570759681975 0.540911773385
0.570759681975 0.540911773385
0.570759681975 0.540911773385
0.570759681975 0.540911773385
0.570759681975 0.540911773385
0.570759681975 0.540911773385
0.570759681975 0.540911773385
0.570759681975 0.540911773385
0.504601623297 0.478256497286
0.56880083877 0.539056642441
0.570759681975 0.540911773385
0.570759681975 0.540911773385
0.570759681975 0.540911773385
0.570759681975 0.540911773385
0.570759681975 0.540911773385
0.570759681975 0.540911773385
0.570759681975 0.540911773385
0.570759681975 0.540911773385
0.612507002654 0.580448754302
0.570759681975 0.540911773385
0.570759681975 0.540911773385
0.570759681975 0.540911773385
0.570759681975 0.540911773385
0.570759681975 0.540911773385
0.570759681975 0.540911773385
0.570759681975 0.540911773385
0.570759681975 0.540911773385
0.570759681975 0.540911773385
0.570759681975 0.540911773385
0.570759681975 0.540911773385
0.570759681975 0.540911773385
0.570759681975 0.540911773385
0.570759681975 0.540911773385
0.570759681975 0.540911773385
0.570759681975 0.540911773385
0.570759681975 0.540911773385
0.570759681975 0.540911773385
0.570759681975 0.540911773385
0.570759681975 0.540911773385
0.570759681975 0.540911773385
0.570759681975 0.540911773385
0.570759681975 0.540911773385
0.570759681975 0.540911773385
0.570759681975 0.540911773385
0.570759681975 0.540911773385
0.570759681975 0.540911773385
0.570759681975 0.540911773385
0.570759681975 0.540911773385
0.570759681975 0.540911773385
0.570759681975 0.540911773385
0.570759681975 0.540911773385
0.570759681975 0.540911773385
0.570759681975 0.540911773385
0.570759681975 0.540911773385
0.570759681975 0.540911773385
0.570759681975 0.540911773385
0.570759681975 0.540911773385
0.570759681975 0.540911773385
0.570759681975 0.540911773385
0.570759681975 0.540911773385
0.570759681975 0.540911773385
0.570759681975 0.540911773385
0.570759681975 0.540911773385
0.570759681975 0.540911773385
0.570759681975 0.540911773385
0.570759681975 0.540911773385
0.570759681975 0.540911773385
0.570759681975 0.540911773385
0.616766665189 0.58448288616
0.570759681975 0.540911773385
0.570759681975 0.540911773385
0.570759681975 0.540911773385
0.570759681975 0.540911773385
0.570759681975 0.540911773385
0.570759681975 0.540911773385
0.570759681975 0.540911773385
0.570759681975 0.540911773385
0.570759681975 0.540911773385
0.576385861352 0.546240070938
0.570759681975 0.540911773385
0.570759681975 0.540911773385
0.570759681975 0.540911773385
0.570759681975 0.540911773385
0.570759681975 0.540911773385
0.570759681975 0.540911773385
0.570759681975 0.540911773385
0.570759681975 0.540911773385
0.570759681975 0.540911773385
0.570759681975 0.540911773385
0.570759681975 0.540911773385
0.570759681975 0.540911773385
0.570759681975 0.540911773385
0.588275152805 0.557499875919
0.570759681975 0.540911773385
0.570759681975 0.540911773385
0.570759681975 0.540911773385
0.570759681975 0.540911773385
0.570759681975 0.540911773385
0.570759681975 0.540911773385
0.572366693098 0.542433700231
0.570759681975 0.540911773385
0.570759681975 0.540911773385
0.570759681975 0.540911773385
0.570759681975 0.540911773385
0.570759681975 0.540911773385
0.570759681975 0.540911773385
0.570759681975 0.540911773385
0.570759681975 0.540911773385
0.570759681975 0.540911773385
0.570759681975 0.540911773385
0.570759681975 0.540911773385
0.570759681975 0.540911773385
0.570759681975 0.540911773385
0.570759681975 0.540911773385
0.570759681975 0.540911773385
0.570759681975 0.540911773385
0.570759681975 0.540911773385
0.570759681975 0.540911773385
0.570759681975 0.540911773385
0.570759681975 0.540911773385
0.570759681975 0.540911773385
0.570759681975 0.540911773385
0.570759681975 0.540911773385
0.570759681975 0.540911773385
0.570759681975 0.540911773385
0.570759681975 0.540911773385
0.570759681975 0.540911773385
0.570759681975 0.540911773385
0.570759681975 0.540911773385
0.570759681975 0.540911773385
0.570759681975 0.540911773385
0.570759681975 0.540911773385
0.72703900242 0.317842380184
0.570759681975 0.540911773385
0.570759681975 0.540911773385
0.570759681975 0.540911773385
0.570759681975 0.540911773385
0.570759681975 0.540911773385
0.570759681975 0.540911773385
0.570759681975 0.540911773385
0.494014067853 0.468229507034
0.570759681975 0.540911773385
0.570759681975 0.540911773385
0.570759681975 0.540911773385
0.570759681975 0.540911773385
0.557963975523 0.528793544152
0.570759681975 0.540911773385
0.570759681975 0.540911773385
0.570759681975 0.540911773385
0.570759681975 0.540911773385
0.570759681975 0.540911773385
0.570759681975 0.540911773385
0.570759681975 0.540911773385
0.570759681975 0.540911773385
0.570759681975 0.540911773385
0.570759681975 0.540911773385
0.570759681975 0.540911773385
0.570759681975 0.540911773385
0.570759681975 0.540911773385
0.570759681975 0.540911773385
0.570759681975 0.540911773385
0.570759681975 0.540911773385
0.570759681975 0.540911773385
0.570759681975 0.540911773385
0.570759681975 0.540911773385
0.570759681975 0.540911773385
0.570759681975 0.540911773385
0.570759681975 0.540911773385
0.570759681975 0.540911773385
0.570759681975 0.540911773385
0.570759681975 0.540911773385
0.570759681975 0.540911773385
0.570759681975 0.540911773385
0.570759681975 0.540911773385
0.570759681975 0.540911773385
0.570759681975 0.540911773385
0.570759681975 0.540911773385
0.570759681975 0.540911773385
0.570759681975 0.540911773385
0.570759681975 0.540911773385
0.570759681975 0.540911773385
0.570759681975 0.540911773385
0.570759681975 0.540911773385
0.570759681975 0.540911773385
0.570759681975 0.540911773385
0.570759681975 0.540911773385
0.570759681975 0.540911773385
0.570759681975 0.540911773385
0.570759681975 0.540911773385
0.570759681975 0.540911773385
0.570759681975 0.540911773385
0.570759681975 0.540911773385
0.570759681975 0.540911773385
0.570759681975 0.540911773385
0.570759681975 0.540911773385
0.570759681975 0.540911773385
0.570759681975 0.540911773385
0.570759681975 0.540911773385
0.570759681975 0.540911773385
0.570759681975 0.540911773385
0.570759681975 0.540911773385
0.570759681975 0.540911773385
0.570759681975 0.540911773385
0.570759681975 0.540911773385
0.570759681975 0.540911773385
0.570759681975 0.540911773385
0.570759681975 0.540911773385
0.570759681975 0.540911773385
