0.119625174655 0.933771083177
0.740185961585 0.0731344587607
0.795875531115 0.143492640406
0.705397009156 0.0251174691889
0.222853896813 0.802336784942
0.633132410804 0.0430498703233
0.270121279964 0.687067719595
0.319144938382 0.754812774585
0.100903614257 0.742091302148
0.484913095713 0.72623769738
0.827960650111 0.0309370988468
0.686400672365 0.143500294853
0.2717447116 0.726433540988
0.695078091369 0.0342370290563
0.0945720404933 0.858735332669
0.419557465491 0.8464800228
0.649291783832 0.55983605193
0.401524962904 0.564905823482
0.0299646663808 0.817931020266
0.160169545599 0.980845152818
0.501806292191 0.470187010472
0.776078768471 0.00898343968383
0.0433105181964 0.786813566984
0.830286586896 0.0199117593491
0.385465454136 0.573036835002
0.485706937424 0.551772388168
0.72356564165 0.171725053355
0.246865827434 0.643685314022
0.142738676247 0.854799667488
0.340025051314 0.682228869081
0.702406543243 0.0325479894685
0.69955016724 0.265881391839
0.604815557899 0.309378584863
0.34145567669 0.770598939441
0.281039608941 0.731699928451
0.657173842958 0.363016479847
0.801339662022 0.0648973148069
0.669870582683 0.518863753587
0.148836298099 0.765651189236
0.727557149866 0.261027724364
0.494086701484 0.607418226267
0.15699482899 0.786274578224
0.769677021715 0.293364904165
0.811528086899 0.0256653170138
0.912315774891 0.0489682972279
0.0649948945347 0.922613051072
0.659440099497 0.265659999341
0.263538928428 0.712842918936
0.515063871633 0.529845530706
0.644364225054 0.442548398026
0.119625174655 0.933771083177
0.119625174655 0.933771083177
0.119625174655 0.933771083177
0.119625174655 0.933771083177
0.119357135247 0.931694607061
0.119625174655 0.933771083177
0.119625174655 0.933771083177
0.119625174655 0.933771083177
0.116159829377 0.906925378857
0.119625174655 0.933771083177
0.119625174655 0.933771083177
0.119625174655 0.933771083177
0.119625174655 0.933771083177
0.119625174655 0.933771083177
0.119625174655 0.933771083177
0.119625174655 0.933771083177
0.119625174655 0.933771083177
0.119625174655 0.933771083177
0.119625174655 0.933771083177
0.119625174655 0.933771083177
0.119625174655 0.933771083177
0.119625174655 0.933771083177
0.119625174655 0.933771083177
0.119625174655 0.933771083177
0.119625174655 0.933771083177
0.119625174655 0.933771083177
0.119625174655 0.933771083177
0.119625174655 0.933771083177
0.119625174655 0.933771083177
0.119625174655 0.933771083177
0.119625174655 0.933771083177
0.119625174655 0.933771083177
0.119625174655 0.933771083177
0.119625174655 0.933771083177
0.119625174655 0.933771083177
0.119625174655 0.933771083177
0.119625174655 0.933771083177
0.119625174655 0.933771083177
0.121993793667 0.952120552143
0.119625174655 0.933771083177
0.119625174655 0.933771083177
0.119625174655 0.933771083177
0.119625174655 0.933771083177
0.119625174655 0.933771083177
0.119625174655 0.933771083177
0.119625174655 0.933771083177
0.118836197057 0.927658947847
0.119625174655 0.933771083177
0.119625174655 0.933771083177
0.119625174655 0.933771083177
0.119625174655 0.933771083177
0.119625174655 0.933771083177
0.119625174655 0.933771083177
0.119625174655 0.933771083177
0.119625174655 0.933771083177
0.119625174655 0.933771083177
0.119625174655 0.933771083177
0.119625174655 0.933771083177
0.119625174655 0.933771083177
0.119625174655 0.933771083177
0.119625174655 0.933771083177
0.119625174655 0.933771083177
0.119625174655 0.933771083177
0.119625174655 0.933771083177
0.119625174655 0.933771083177
0.119625174655 0.933771083177
0.119625174655 0.933771083177
0.119625174655 0.933771083177
0.119625174655 0.933771083177
0.119625174655 0.933771083177
0.119625174655 0.933771083177
0.119625174655 0.933771083177
0.119625174655 0.933771083177
0.119625174655 0.933771083177
0.119625174655 0.933771083177
0.119625174655 0.933771083177
0.119625174655 0.933771083177
0.119625174655 0.933771083177
0.119625174655 0.933771083177
0.119625174655 0.933771083177
0.119625174655 0.933771083177
0.119625174655 0.933771083177
0.119625174655 0.933771083177
0.119625174655 0.933771083177
0.119625174655 0.933771083177
0.119625174655 0.933771083177
0.119625174655 0.933771083177
0.119625174655 0.933771083177
0.119625174655 0.933771083177
0.119625174655 0.933771083177
0.119625174655 0.933771083177
0.119625174655 0.933771083177
0.119625174655 0.933771083177
0.119625174655 0.933771083177
0.119625174655 0.933771083177
0.119625174655 0.933771083177
0.119625174655 0.933771083177
0.119058818031 0.929383571617
0.119625174655 0.933771083177
0.119625174655 0.933771083177
0.119625174655 0.933771083177
0.119625174655 0.933771083177
0.119625174655 0.933771083177
0.119625174655 0.933771083177
0.119625174655 0.933771083177
0.119625174655 0.933771083177
0.119625174655 0.933771083177
0.119625174655 0.933771083177
0.119625174655 0.933771083177
0.119625174655 0.933771083177
0.119625174655 0.933771083177
0.119625174655 0.933771083177
0.119625174655 0.933771083177
0.119625174655 0.933771083177
0.119625174655 0.933771083177
0.119625174655 0.933771083177
0.119625174655 0.933771083177
0.119625174655 0.933771083177
0.119625174655 0.933771083177
0.119625174655 0.933771083177
0.119625174655 0.933771083177
0.119625174655 0.933771083177
0.119625174655 0.933771083177
0.119625174655 0.933771083177
0.119625174655 0.933771083177
0.119625174655 0.933771083177
0.119625174655 0.933771083177
0.119625174655 0.933771083177
0.119386060673 0.931918689625
0.119625174655 0.933771083177
0.119625174655 0.933771083177
0.119625174655 0.933771083177
0.119625174655 0.933771083177
0.119625174655 0.933771083177
0.119625174655 0.933771083177
0.119625174655 0.933771083177
0.119625174655 0.933771083177
0.119625174655 0.933771083177
0.119625174655 0.933771083177
0.119625174655 0.933771083177
0.119625174655 0.933771083177
0.119625174655 0.933771083177
0.119625174655 0.933771083177
0.119625174655 0.933771083177
0.119625174655 0.933771083177
0.119625174655 0.933771083177
0.119625174655 0.933771083177
0.119625174655 0.933771083177
0.119770580633 0.934897529627
0.119625174655 0.933771083177
0.119625174655 0.933771083177
0.119625174655 0.933771083177
0.119625174655 0.933771083177
0.119625174655 0.933771083177
0.119625174655 0.933771083177
0.119625174655 0.933771083177
0.119625174655 0.933771083177
0.119625174655 0.933771083177
0.119625174655 0.933771083177
0.119625174655 0.933771083177
0.119625174655 0.933771083177
0.119221437803 0.930643371712
0.119625174655 0.933771083177
0.119625174655 0.933771083177
0.119625174655 0.933771083177
0.119625174655 0.933771083177
0.119625174655 0.933771083177
0.119625174655 0.933771083177
0.120869128787 0.943407878977
0.119625174655 0.933771083177
0.119625174655 0.933771083177
0.119625174655 0.933771083177
0.119625174655 0.933771083177
0.119625174655 0.933771083177
0.119625174655 0.933771083177
0.119625174655 0.933771083177
0.119625174655 0.933771083177
0.119625174655 0.933771083177
0.119625174655 0.933771083177
0.119625174655 0.933771083177
0.119625174655 0.933771083177
0.119625174655 0.933771083177
0.119625174655 0.933771083177
0.119625174655 0.933771083177
0.119625174655 0.933771083177
0.119625174655 0.933771083177
0.119625174655 0.933771083177
0.119625174655 0.933771083177
0.119625174655 0.933771083177
0.119625174655 0.933771083177
0.119815572325 0.935246076038
0.119625174655 0.933771083177
0.119625174655 0.933771083177
0.119625174655 0.933771083177
0.119625174655 0.933771083177
0.119625174655 0.933771083177
0.119625174655 0.933771083177
0.119625174655 0.933771083177
0.119625174655 0.933771083177
0.119625174655 0.933771083177
0.119625174655 0.933771083177
0.119625174655 0.933771083177
0.119625174655 0.933771083177
0.119625174655 0.933771083177
0.119625174655 0.933771083177
0.119625174655 0.933771083177
0.119625174655 0.933771083177
0.119625174655 0.933771083177
0.119625174655 0.933771083177
0.119625174655 0.933771083177
0.119625174655 0.933771083177
0.119625174655 0.933771083177
0.119625174655 0.933771083177
0.119625174655 0.933771083177
0.119625174655 0.933771083177
0.119625174655 0.933771083177
0.119625174655 0.933771083177
0.119625174655 0.933771083177
0.119625174655 0.933771083177
0.119625174655 0.933771083177
0.119625174655 0.933771083177
0.119625174655 0.933771083177
0.119625174655 0.933771083177
0.119625174655 0.933771083177
0.119625174655 0.933771083177
0.119625174655 0.933771083177
0.119625174655 0.933771083177
0.119625174655 0.933771083177
0.119625174655 0.933771083177
0.119625174655 0.933771083177
0.12121150963 0.946060271202
0.119625174655 0.933771083177
0.119625174655 0.933771083177
0.119625174655 0.933771083177
0.119625174655 0.933771083177
0.119625174655 0.933771083177
0.116039271797 0.905991430609
0.119625174655 0.933771083177
0.119625174655 0.933771083177
0.119625174655 0.933771083177
0.122667617623 0.957340603028
0.119625174655 0.933771083177
0.119625174655 0.933771083177
0.119625174655 0.933771083177
0.119625174655 0.933771083177
0.119625174655 0.933771083177
0.119625174655 0.933771083177
0.119625174655 0.933771083177
0.119625174655 0.933771083177
0.119625174655 0.933771083177
0.119625174655 0.933771083177
0.119625174655 0.933771083177
0.119625174655 0.933771083177
0.119625174655 0.933771083177
0.119625174655 0.933771083177
0.119625174655 0.933771083177
0.119625174655 0.933771083177
0.119625174655 0.933771083177
0.123634712868 0.96483259904
0.119625174655 0.933771083177
0.119625174655 0.933771083177
0.120924050557 0.943833352763
0.119625174655 0.933771083177
0.119625174655 0.933771083177
0.119625174655 0.933771083177
0.119625174655 0.933771083177
0.119625174655 0.933771083177
0.119625174655 0.933771083177
0.119625174655 0.933771083177
0.119625174655 0.933771083177
0.119625174655 0.933771083177
0.119625174655 0.933771083177
0.119625174655 0.933771083177
0.119625174655 0.933771083177
0.119625174655 0.933771083177
0.119625174655 0.933771083177
0.119625174655 0.933771083177
0.119625174655 0.933771083177
0.119625174655 0.933771083177
0.119625174655 0.933771083177
0.119625174655 0.933771083177
0.119625174655 0.933771083177
0.119625174655 0.933771083177
0.119625174655 0.933771083177
0.119625174655 0.933771083177
0.119625174655 0.933771083177
0.119625174655 0.933771083177
0.119625174655 0.933771083177
0.119625174655 0.933771083177
0.119625174655 0.933771083177
0.119625174655 0.933771083177
0.119625174655 0.933771083177
0.119625174655 0.933771083177
0.119625174655 0.933771083177
0.119625174655 0.933771083177
0.119625174655 0.933771083177
0.119625174655 0.933771083177
0.119625174655 0.933771083177
0.119625174655 0.933771083177
0.119625174655 0.933771083177
0.119625174655 0.933771083177
0.119625174655 0.933771083177
0.119625174655 0.933771083177
0.119625174655 0.933771083177
0.119625174655 0.933771083177
0.119625174655 0.933771083177
0.119625174655 0.933771083177
0.119625174655 0.933771083177
0.119625174655 0.933771083177
0.119625174655 0.933771083177
0.123021971668 0.960085750527
0.120742899329 0.942429991221
0.119625174655 0.933771083177
0.119625174655 0.933771083177
0.119625174655 0.933771083177
0.119625174655 0.933771083177
0.119625174655 0.933771083177
0.119625174655 0.933771083177
0.119625174655 0.933771083177
0.119625174655 0.933771083177
0.119625174655 0.933771083177
0.119625174655 0.933771083177
0.119625174655 0.933771083177
0.119625174655 0.933771083177
0.120749300563 0.94247958098
0.119625174655 0.933771083177
0.119625174655 0.933771083177
0.119625174655 0.933771083177
0.119625174655 0.933771083177
0.119625174655 0.933771083177
0.119625174655 0.933771083177
0.119625174655 0.933771083177
0.119625174655 0.933771083177
0.119625174655 0.933771083177
0.119625174655 0.933771083177
0.119625174655 0.933771083177
0.119625174655 0.933771083177
0.119625174655 0.933771083177
0.119625174655 0.933771083177
0.119625174655 0.933771083177
0.119625174655 0.933771083177
0.119625174655 0.933771083177
0.119625174655 0.933771083177
0.119625174655 0.933771083177
0.119625174655 0.933771083177
0.119625174655 0.933771083177
0.119625174655 0.933771083177
0.119625174655 0.933771083177
0.119625174655 0.933771083177
0.119625174655 0.933771083177
0.119625174655 0.933771083177
0.119625174655 0.933771083177
0.119625174655 0.933771083177
0.119625174655 0.933771083177
0.119625174655 0.933771083177
0.119625174655 0.933771083177
0.119625174655 0.933771083177
0.119625174655 0.933771083177
0.119625174655 0.933771083177
0.119625174655 0.933771083177
0.119625174655 0.933771083177
0.119625174655 0.933771083177
0.119625174655 0.933771083177
0.119625174655 0.933771083177
0.119625174655 0.933771083177
0.119625174655 0.933771083177
0.119625174655 0.933771083177
0.119625174655 0.933771083177
0.119625174655 0.933771083177
0.119625174655 0.933771083177
0.119625174655 0.933771083177
0.119625174655 0.933771083177
0.119625174655 0.933771083177
0.119625174655 0.933771083177
0.119625174655 0.933771083177
0.119625174655 0.933771083177
0.119625174655 0.933771083177
0.119625174655 0.933771083177
0.119625174655 0.933771083177
0.11546331571 0.90152955291
0.119625174655 0.933771083177
0.119803690958 0.935154032204
0.119625174655 0.933771083177
0.119625174655 0.933771083177
0.117965874998 0.920916644616
0.119625174655 0.933771083177
0.118145779486 0.922310347784
0.119625174655 0.933771083177
0.119625174655 0.933771083177
0.119625174655 0.933771083177
0.119625174655 0.933771083177
0.115530673092 0.902051364224
0.119625174655 0.933771083177
0.119625174655 0.933771083177
0.119625174655 0.933771083177
0.119625174655 0.933771083177
0.119625174655 0.933771083177
0.119625174655 0.933771083177
0.119625174655 0.933771083177
0.119625174655 0.933771083177
0.117827090353 0.919841493006
0.119625174655 0.933771083177
0.119625174655 0.933771083177
0.115473709119 0.901610069674
0.119625174655 0.933771083177
0.119625174655 0.933771083177
0.119625174655 0.933771083177
0.119625174655 0.933771083177
0.119625174655 0.933771083177
0.119625174655 0.933771083177
0.119625174655 0.933771083177
0.119625174655 0.933771083177
0.119625174655 0.933771083177
0.119625174655 0.933771083177
0.119625174655 0.933771083177
0.118879724576 0.927996151442
0.119625174655 0.933771083177
0.116000291278 0.90568945219
0.119625174655 0.933771083177
0.119625174655 0.933771083177
0.119625174655 0.933771083177
0.119625174655 0.933771083177
0.11716571618 0.914717889425
0.119625174655 0.933771083177
0.119625174655 0.933771083177
0.119625174655 0.933771083177
0.119625174655 0.933771083177
0.119625174655 0.933771083177
0.119625174655 0.933771083177
0.119625174655 0.933771083177
0.119625174655 0.933771083177
0.119625174655 0.933771083177
0.119625174655 0.933771083177
0.119625174655 0.933771083177
0.119625174655 0.933771083177
0.119625174655 0.933771083177
0.120591746661 0.941259025704
0.119625174655 0.933771083177
0.119625174655 0.933771083177
0.119625174655 0.933771083177
0.119625174655 0.933771083177
0.119625174655 0.933771083177
0.119625174655 0.933771083177
0.119625174655 0.933771083177
0.119625174655 0.933771083177
0.119625174655 0.933771083177
0.119625174655 0.933771083177
0.119625174655 0.933771083177
0.119625174655 0.933771083177
0.119625174655 0.933771083177
