0.0472453617432 0.667037450533
0.0809304536543 0.561720576832
0.477904674781 0.192107764197
0.447790551208 0.072122691524
0.283047966234 0.56927363178
0.0423004592484 0.521084611971
0.323732816975 0.357429831283
0.940387733066 0.157477291961
0.360142640755 0.222831889028
0.336663435076 0.375372523769
0.362735469467 0.276286734618
0.382826791757 0.506659291683
0.319247435705 0.107335304537
0.824473907978 0.0122421239606
0.216208206365 0.398670551798
0.119518558865 0.552398107698
0.739310316797 0.246351282889
0.255527639935 0.624971455787
0.618249451516 0.0825034192719
0.365698542258 0.49590278119
0.413655105164 0.138552357745
0.23187644429 0.46839274821
0.274852486757 0.588541745996
0.0129825921683 0.64735248124
0.125314843174 0.600072837472
0.582330434753 0.0738634996863
0.35818395846 0.27941454689
0.325689435999 0.396635562686
0.438332518728 0.473965842695
0.140653042125 0.351690585688
0.13207300326 0.367171503576
0.240984067385 0.481007621564
0.0224224572495 0.303529581681
0.736400678221 0.0184767871142
0.649880330503 0.0659754046896
0.160954091753 0.401283173508
0.279775590679 0.272226212743
0.00411531805397 0.58425084312
0.47314429406 0.308558622581
0.221526520983 0.258089486218
0.0848001180362 0.665972229961
0.0272458351957 0.585997559011
0.19043085742 0.462953506927
0.0303127071663 1.08179278408
0.318650759735 0.403797955866
0.313010041579 0.402231044286
0.5843438947 0.284628824794
0.452136719575 0.182578749877
0.445255038849 0.0566763018879
0.257162215053 0.251320628664
0.0472453617432 0.667037450533
0.0472453617432 0.667037450533
0.0472453617432 0.667037450533
0.0472453617432 0.667037450533
0.0472453617432 0.667037450533
0.0472453617432 0.667037450533
0.0472453617432 0.667037450533
0.0472453617432 0.667037450533
0.0472453617432 0.667037450533
0.0472453617432 0.667037450533
0.0472453617432 0.667037450533
0.0472453617432 0.667037450533
0.0472453617432 0.667037450533
0.0472453617432 0.667037450533
0.0472453617432 0.667037450533
0.0472453617432 0.667037450533
0.0472453617432 0.667037450533
0.0472453617432 0.667037450533
0.0472453617432 0.667037450533
0.0472453617432 0.667037450533
0.0472453617432 0.667037450533
0.0472453617432 0.667037450533
0.0472453617432 0.667037450533
0.0472453617432 0.667037450533
0.0472453617432 0.667037450533
0.0472453617432 0.667037450533
0.0472453617432 0.667037450533
0.0472453617432 0.667037450533
0.0472453617432 0.667037450533
0.0472453617432 0.667037450533
0.0472453617432 0.667037450533
0.0472453617432 0.667037450533
0.0472453617432 0.667037450533
0.0472453617432 0.667037450533
0.0472453617432 0.667037450533
0.0472453617432 0.667037450533
0.0472453617432 0.667037450533
0.0472453617432 0.667037450533
0.0472453617432 0.667037450533
0.0472453617432 0.667037450533
0.0472453617432 0.667037450533
0.0472453617432 0.667037450533
0.0472453617432 0.667037450533
0.0472453617432 0.667037450533
0.0472453617432 0.667037450533
0.0472453617432 0.667037450533
0.0472453617432 0.667037450533
0.0472453617432 0.667037450533
0.0472453617432 0.667037450533
0.0472453617432 0.667037450533
0.0541733146913 0.765050842447
0.0472453617432 0.667037450533
0.0472453617432 0.667037450533
0.0421310213643 0.594682188927
0.0472453617432 0.667037450533
0.0472453617432 0.667037450533
0.0434286414246 0.613040301992
0.0472453617432 0.667037450533
0.0472453617432 0.667037450533
0.0472453617432 0.667037450533
0.0472453617432 0.667037450533
0.0472453617432 0.667037450533
0.0472453617432 0.667037450533
0.0394890639805 0.557305029121
0.0472453617432 0.667037450533
0.0472453617432 0.667037450533
0.0472453617432 0.667037450533
0.0472453617432 0.667037450533
0.0472453617432 0.667037450533
0.0472453617432 0.667037450533
0.0472453617432 0.667037450533
0.0472453617432 0.667037450533
0.0472453617432 0.667037450533
0.0472453617432 0.667037450533
0.0472453617432 0.667037450533
0.0472453617432 0.667037450533
0.0472453617432 0.667037450533
0.0472453617432 0.667037450533
0.0472453617432 0.667037450533
0.0472453617432 0.667037450533
0.0472453617432 0.667037450533
0.0502950505897 0.663817027186
0.0472453617432 0.667037450533
0.305295270965 0.394540814254
0.0472453617432 0.667037450533
0.0472453617432 0.667037450533
0.0472453617432 0.667037450533
0.0496151075359 0.700563489877
0.0472453617432 0.667037450533
0.0472453617432 0.667037450533
0.0472453617432 0.667037450533
0.0472453617432 0.667037450533
0.0472453617432 0.667037450533
0.0479627659663 0.677186945167
0.0472453617432 0.667037450533
0.0472453617432 0.667037450533
0.0472453617432 0.667037450533
0.0472453617432 0.667037450533
0.0472453617432 0.667037450533
0.0472453617432 0.667037450533
0.0472453617432 0.667037450533
0.0472453617432 0.667037450533
0.0472453617432 0.667037450533
0.0472453617432 0.667037450533
0.0472453617432 0.667037450533
0.0472453617432 0.667037450533
0.0472453617432 0.667037450533
0.0472453617432 0.667037450533
0.0472453617432 0.667037450533
0.0472453617432 0.667037450533
0.0472453617432 0.667037450533
0.0472453617432 0.667037450533
0.0472453617432 0.667037450533
0.0472453617432 0.667037450533
0.0472453617432 0.667037450533
0.0472453617432 0.667037450533
0.0472453617432 0.667037450533
0.0472453617432 0.667037450533
0.0472453617432 0.667037450533
0.0552431744963 0.780186711461
0.0472453617432 0.667037450533
0.0472453617432 0.667037450533
0.0472453617432 0.667037450533
0.0472453617432 0.667037450533
0.0472453617432 0.667037450533
0.0472453617432 0.667037450533
0.0472453617432 0.667037450533
0.0472453617432 0.667037450533
0.0472453617432 0.667037450533
0.0472453617432 0.667037450533
0.0472453617432 0.667037450533
0.0472453617432 0.667037450533
0.0472453617432 0.667037450533
0.0472453617432 0.667037450533
0.0472453617432 0.667037450533
0.0472453617432 0.667037450533
0.0472453617432 0.667037450533
0.0472453617432 0.667037450533
0.0472453617432 0.667037450533
0.0472453617432 0.667037450533
0.0472453617432 0.667037450533
0.0472453617432 0.667037450533
0.0472453617432 0.667037450533
0.0472453617432 0.667037450533
0.0472453617432 0.667037450533
0.0472453617432 0.667037450533
0.0472453617432 0.667037450533
0.0472453617432 0.667037450533
0.0472453617432 0.667037450533
0.0472453617432 0.667037450533
0.0472453617432 0.667037450533
0.0472453617432 0.667037450533
0.0472453617432 0.667037450533
0.0472453617432 0.667037450533
0.0402974817485 0.568742140215
0.0472453617432 0.667037450533
0.0472453617432 0.667037450533
0.0472453617432 0.667037450533
0.0472453617432 0.667037450533
0.0472453617432 0.667037450533
0.0472453617432 0.667037450533
0.0472453617432 0.667037450533
0.0472453617432 0.667037450533
0.0472453617432 0.667037450533
0.0472453617432 0.667037450533
0.0472453617432 0.667037450533
0.0472453617432 0.667037450533
0.0472453617432 0.667037450533
0.0472453617432 0.667037450533
0.0472453617432 0.667037450533
0.0472453617432 0.667037450533
0.0472453617432 0.667037450533
0.0472453617432 0.667037450533
0.0472453617432 0.667037450533
0.0472453617432 0.667037450533
0.0472453617432 0.667037450533
0.0472453617432 0.667037450533
0.0472453617432 0.667037450533
0.0472453617432 0.667037450533
0.0400354856939 0.565035544317
0.0472453617432 0.667037450533
0.0472453617432 0.667037450533
0.0472453617432 0.667037450533
0.0472453617432 0.667037450533
0.0474406521433 0.669800326473
0.0472453617432 0.667037450533
0.0472453617432 0.667037450533
0.0472453617432 0.667037450533
0.0472453617432 0.667037450533
0.0472453617432 0.667037450533
0.0472453617432 0.667037450533
0.0472453617432 0.667037450533
0.0472453617432 0.667037450533
0.0472453617432 0.667037450533
0.0472453617432 0.667037450533
0.0472453617432 0.667037450533
0.0472453617432 0.667037450533
0.0472453617432 0.667037450533
0.0472453617432 0.667037450533
0.0472453617432 0.667037450533
0.0472453617432 0.667037450533
0.0472453617432 0.667037450533
0.0472453617432 0.667037450533
0.0472453617432 0.667037450533
0.0472453617432 0.667037450533
0.0472453617432 0.667037450533
0.0472453617432 0.667037450533
0.0472453617432 0.667037450533
0.0472453617432 0.667037450533
0.0472453617432 0.667037450533
0.0472453617432 0.667037450533
0.0472453617432 0.667037450533
0.0472453617432 0.667037450533
0.0472453617432 0.667037450533
0.0472453617432 0.667037450533
0.0488895703441 0.690298933859
0.0472453617432 0.667037450533
0.0472453617432 0.667037450533
0.0472453617432 0.667037450533
0.0472453617432 0.667037450533
0.0472453617432 0.667037450533
0.0472453617432 0.667037450533
0.0472453617432 0.667037450533
0.0472453617432 0.667037450533
0.0472453617432 0.667037450533
0.0538524233691 0.760511024241
0.0472453617432 0.667037450533
0.0472453617432 0.667037450533
0.0472453617432 0.667037450533
0.0472453617432 0.667037450533
0.0472453617432 0.667037450533
0.0472453617432 0.667037450533
0.0472453617432 0.667037450533
0.0472453617432 0.667037450533
0.0472453617432 0.667037450533
0.0472453617432 0.667037450533
0.0472453617432 0.667037450533
0.0472453617432 0.667037450533
0.0472453617432 0.667037450533
0.0472453617432 0.667037450533
0.0472453617432 0.667037450533
0.0472453617432 0.667037450533
0.0472453617432 0.667037450533
0.0472453617432 0.667037450533
0.0472453617432 0.667037450533
0.0404246357954 0.570541055352
0.0472453617432 0.667037450533
0.0472453617432 0.667037450533
0.0472453617432 0.667037450533
0.0472453617432 0.667037450533
0.0472453617432 0.667037450533
0.0472453617432 0.667037450533
0.0472453617432 0.667037450533
0.0472453617432 0.667037450533
0.0472453617432 0.667037450533
0.0472453617432 0.667037450533
0.0472453617432 0.667037450533
0.0472453617432 0.667037450533
0.306542505763 0.393223753968
0.0531802456505 0.751001372737
0.0472453617432 0.667037450533
0.0472453617432 0.667037450533
0.0472453617432 0.667037450533
0.0472453617432 0.667037450533
0.0472453617432 0.667037450533
0.0472453617432 0.667037450533
0.0472453617432 0.667037450533
0.0472453617432 0.667037450533
0.0472453617432 0.667037450533
0.0472453617432 0.667037450533
0.0472453617432 0.667037450533
0.0472453617432 0.667037450533
0.0472453617432 0.667037450533
0.0472453617432 0.667037450533
0.0472453617432 0.667037450533
0.0472453617432 0.667037450533
0.0472453617432 0.667037450533
0.0472453617432 0.667037450533
0.0472453617432 0.667037450533
0.0472453617432 0.667037450533
0.0472453617432 0.667037450533
0.0472453617432 0.667037450533
0.0472453617432 0.667037450533
0.0472453617432 0.667037450533
0.0472453617432 0.667037450533
0.0472453617432 0.667037450533
0.0472453617432 0.667037450533
0.0472453617432 0.667037450533
0.0472453617432 0.667037450533
0.0472453617432 0.667037450533
0.0472453617432 0.667037450533
0.0472453617432 0.667037450533
0.0472453617432 0.667037450533
0.0472453617432 0.667037450533
0.0472453617432 0.667037450533
0.0472453617432 0.667037450533
0.0472453617432 0.667037450533
0.0472453617432 0.667037450533
0.0472453617432 0.667037450533
0.0445200698229 0.628481313233
0.0472453617432 0.667037450533
0.0472453617432 0.667037450533
0.0472453617432 0.667037450533
0.0472453617432 0.667037450533
0.0472453617432 0.667037450533
0.0472453617432 0.667037450533
0.0472453617432 0.667037450533
0.0472453617432 0.667037450533
0.0472453617432 0.667037450533
0.0472453617432 0.667037450533
0.0472453617432 0.667037450533
0.0472453617432 0.667037450533
0.0472453617432 0.667037450533
0.0472453617432 0.667037450533
0.0472453617432 0.667037450533
0.0472453617432 0.667037450533
0.0472453617432 0.667037450533
0.0472453617432 0.667037450533
0.0472453617432 0.667037450533
0.0472453617432 0.667037450533
0.0472453617432 0.667037450533
0.0472453617432 0.667037450533
0.0472453617432 0.667037450533
0.0472453617432 0.667037450533
0.0532283765718 0.751682306181
0.0472453617432 0.667037450533
0.0472453617432 0.667037450533
0.0472453617432 0.667037450533
0.0472453617432 0.667037450533
0.0472453617432 0.667037450533
0.0472453617432 0.667037450533
0.0472453617432 0.667037450533
0.0472453617432 0.667037450533
0.0472453617432 0.667037450533
0.0472453617432 0.667037450533
0.0495251732765 0.699291142637
0.0472453617432 0.667037450533
0.0472453617432 0.667037450533
0.0472453617432 0.667037450533
0.0472453617432 0.667037450533
0.0472453617432 0.667037450533
0.0472453617432 0.667037450533
0.0472453617432 0.667037450533
0.0472453617432 0.667037450533
0.0472453617432 0.667037450533
0.0472453617432 0.667037450533
0.0472453617432 0.667037450533
0.0472453617432 0.667037450533
0.0472453617432 0.667037450533
0.0472453617432 0.667037450533
0.0489375904583 0.690978299656
0.0472453617432 0.667037450533
0.0472453617432 0.667037450533
0.0472453617432 0.667037450533
0.0472453617432 0.667037450533
0.0472453617432 0.667037450533
0.0472453617432 0.667037450533
0.0472453617432 0.667037450533
0.0472453617432 0.667037450533
0.0472453617432 0.667037450533
0.0472453617432 0.667037450533
0.0472453617432 0.667037450533
0.0472453617432 0.667037450533
0.0472453617432 0.667037450533
0.0472453617432 0.667037450533
0.0472453617432 0.667037450533
0.0472453617432 0.667037450533
0.0472453617432 0.667037450533
0.0431557404019 0.609179427779
0.0472453617432 0.667037450533
0.0472453617432 0.667037450533
0.0472453617432 0.667037450533
0.0515462370451 0.727884194108
0.0472453617432 0.667037450533
0.0472453617432 0.667037450533
0.0472453617432 0.667037450533
0.0472453617432 0.667037450533
0.0472453617432 0.667037450533
0.0472453617432 0.667037450533
0.0472453617432 0.667037450533
0.0472453617432 0.667037450533
0.0472453617432 0.667037450533
0.0472453617432 0.667037450533
0.0472453617432 0.667037450533
0.0472453617432 0.667037450533
0.0472453617432 0.667037450533
0.0472453617432 0.667037450533
0.0472453617432 0.667037450533
0.0472453617432 0.667037450533
0.0472453617432 0.667037450533
0.0472453617432 0.667037450533
0.0472453617432 0.667037450533
0.0472453617432 0.667037450533
0.0472453617432 0.667037450533
0.0472453617432 0.667037450533
0.0472453617432 0.667037450533
0.0472453617432 0.667037450533
0.0472453617432 0.667037450533
0.0472453617432 0.667037450533
0.0472453617432 0.667037450533
0.0472453617432 0.667037450533
0.0472453617432 0.667037450533
0.0472453617432 0.667037450533
0.0472453617432 0.667037450533
0.0472453617432 0.667037450533
0.0472453617432 0.667037450533
0.0472453617432 0.667037450533
0.0472453617432 0.667037450533
0.0472453617432 0.667037450533
0.0472453617432 0.667037450533
0.0472453617432 0.667037450533
0.0472453617432 0.667037450533
0.0472453617432 0.667037450533
0.0472453617432 0.667037450533
0.651318935122 0.0291452795676
0.0472453617432 0.667037450533
0.0472453617432 0.667037450533
0.0472453617432 0.667037450533
0.0472453617432 0.667037450533
0.0472453617432 0.667037450533
0.0472453617432 0.667037450533
0.0472453617432 0.667037450533
0.0472453617432 0.667037450533
0.0472453617432 0.667037450533
0.0472453617432 0.667037450533
0.0472453617432 0.667037450533
0.0472453617432 0.667037450533
0.0385390487767 0.543864664672
0.0472453617432 0.667037450533
0.581063976866 0.103333407998
0.0472453617432 0.667037450533
0.0472453617432 0.667037450533
0.0472453617432 0.667037450533
0.0472453617432 0.667037450533
0.0472453617432 0.667037450533
0.0472453617432 0.667037450533
0.0472453617432 0.667037450533
0.0472453617432 0.667037450533
0.0472453617432 0.667037450533
0.0472453617432 0.667037450533
0.0472453617432 0.667037450533
0.0472453617432 0.667037450533
0.0472453617432 0.667037450533
0.0472453617432 0.667037450533
0.0472453617432 0.667037450533
0.0472453617432 0.667037450533
0.0472453617432 0.667037450533
0.0472453617432 0.667037450533
0.0387229625801 0.546466589921
0.0472453617432 0.667037450533
