0.13024208873 3.74711529282
0.0945204952374 3.83198066686
0.33848612595 3.67794562862
0.89990831073 2.37159374928
0.671091776233 3.30092800112
0.360654313521 3.73118924321
0.801503985455 2.43278634843
0.802392651701 2.42908969026
0.428284524801 3.90583852381
0.505489792442 3.99932354391
0.0223281672824 3.97300774035
0.755785220823 2.6814635686
0.753609552087 2.69569159633
0.362843758143 3.73677761713
0.230039083522 3.57974770061
0.775896018433 2.55914395259
0.736141222568 2.8155586716
0.567130981537 3.89022446556
0.209804252622 3.59749353066
0.379792522206 3.7812429826
0.260702531234 3.57445308618
0.370437964359 3.7564810142
0.554223909789 3.92918806754
0.966699247427 2.73485658321
0.269299508337 3.57786454938
0.400788830462 3.83719301681
0.778935578152 2.5422767919
0.900196090062 2.3725090911
0.753073906428 2.69922093556
0.276746545086 3.58255737288
0.961445293339 2.69683226502
0.928881124795 2.49409315971
0.705189652387 3.04436483732
0.229966710724 3.57979174477
0.878377110974 2.3212163185
0.824425875738 2.35405171168
0.484466044952 3.99481720746
0.44484868434 3.94124618722
0.693446894776 3.13338110115
0.669636498311 3.31162282079
0.404720536999 3.84749520352
0.68105055984 3.22690535612
0.931549643081 2.5083078339
0.44653056588 3.94449089424
0.566033242026 3.89387531521
0.895257968039 2.35767606356
0.624574002934 3.61675492597
0.0328837475067 3.95708722343
0.928297906995 2.49104878554
0.733102879281 2.83727925968
0.822166505026 2.36021614572
0.247264497637 3.57344400328
0.442981521068 3.93756150794
0.920300811833 2.45161443461
0.765147950832 2.62233496303
0.428438256318 3.90619272101
0.128548127579 3.75111055505
0.586625099812 3.81511491185
0.150852289031 3.69996791466
0.714694647027 2.97273155331
0.321470778855 3.64266299224
0.664614326354 3.34824040841
0.0713236131027 3.88426202455
0.381849293038 3.78673114202
0.958142307582 2.67359939384
0.0788738326183 3.86774660464
0.618358697857 3.65354875858
0.23954861585 3.57522808529
0.985916503837 2.88360295741
0.568873681449 3.88430051662
0.655757118779 3.41154913211
0.906056484207 2.39250520949
0.574638795073 3.86358790757
0.0547294188046 3.91827573847
0.722224523827 2.91664964669
0.740240009283 2.78662427437
0.83462929696 2.33080366278
0.685466329556 3.19371540895
0.547324583954 3.94645498122
0.458532060302 3.96542423476
0.274053284823 3.5806750658
0.346856682012 3.69723218852
0.148546154325 3.70506871138
0.812861733751 2.38935943156
0.0704259522469 3.88618643642
0.48143535627 3.99264952762
0.406126356548 3.85115146374
0.00134615476523 3.99863676675
0.643611229988 3.4951426358
0.303665728243 3.61252818392
0.104299173945 3.80890693462
0.928663109741 2.49295249642
0.932970336318 2.51606441528
0.958593082441 2.67673840123
0.122628005082 3.76515580619
0.750133646651 2.71877406844
0.841612404719 2.31933594116
0.317477857808 3.63525642075
0.901318391365 2.37613865959
0.551596366981 3.93605644884
0.968473867511 2.74798205151
0.817417185899 2.37434509401
0.721051664557 2.92533337877
0.193498189446 3.61915771596
0.777348083841 2.5510282846
0.199452569656 3.61054129418
0.817519678194 2.37402362187
0.574097536662 3.86560507846
0.857437769565 2.30715576388
0.192711789172 3.62035327769
0.963193090564 2.70933932844
0.217437617409 3.58954641906
0.986360442842 2.88719205292
0.578404121454 3.84914174863
0.12322863203 3.76372606929
0.358880202457 3.72669620021
0.340616894757 3.68274671594
0.156693096352 3.68730554847
0.467906969759 3.97875877114
0.51043926805 3.99753142646
0.256577485369 3.57358307247
0.787779314089 2.49593853932
0.802830065527 2.42728835097
0.271517865394 3.57909451748
0.30088502819 3.60852649657
0.748117615059 2.73235110542
0.17589826645 3.64886882263
0.937135831579 2.53954809276
0.329366970054 3.65832347058
0.648210602236 3.46397421759
0.847904106298 2.31217433581
0.506997524745 3.99889782751
0.893170372179 2.35196678506
0.778736032537 2.54336981772
0.889175362037 2.34197935392
0.432831914593 3.91613026323
0.663419849292 3.35687798345
0.980355123517 2.839168758
0.97864105947 2.82568312995
0.319193928119 3.63839583189
0.33382229002 3.66771606053
0.0266412000896 3.9667395965
0.6307021982 3.57900864166
0.578315712024 3.84948920482
0.797025809375 2.45215838298
0.355850822445 3.71910306673
0.338199992379 3.67730684931
0.85272478314 2.30875187874
0.171973901619 3.65626728709
0.859054875315 2.30700907103
0.480777193241 3.99213132705
0.274249491462 3.58080513041
0.164138687821 3.67176920973
0.40664079467 3.85248539558
0.670263245021 3.30702122428
0.285659961969 3.59026507082
0.42175809539 3.89043178161
0.500721430336 3.99998842568
0.157458973562 3.68567458074
0.0598492572582 3.90815373162
0.123959594607 3.76198732183
0.371179437733 3.75842734664
0.748587704744 2.72917323813
0.161621979437 3.67693868258
0.218213742131 3.58882148625
0.279925210941 3.58504691882
0.254600554946 3.57334237265
0.582729617736 3.83166029293
0.239814013195 3.57513844633
0.377262724679 3.77450904337
0.988306463666 2.90299364296
0.860725932367 2.30707342702
0.657227423723 3.40116425422
0.524178708402 3.98644880327
0.495876615412 3.99962559735
0.276089442192 3.58207886155
0.242355966174 3.5743815258
0.039972025034 3.9453230905
0.854761885108 2.30784889278
0.439022029066 3.9294725728
0.862469937171 2.30737505738
0.235890722679 3.57666671274
0.485290553982 3.99534402056
0.282355543881 3.58714476917
0.359324568738 3.72781849986
0.832439171448 2.33515121643
0.409793817535 3.86060985573
0.861912900458 2.30725266508
0.168904571573 3.66222842509
0.901980427033 2.37832429504
0.975928708683 2.80456003895
0.164870426879 3.67028277132
0.480237703167 3.99169408513
0.404309836456 3.84642414082
0.754816285278 2.68777854395
0.331179548486 3.66209831808
0.596060740135 3.77195275867
0.798522943817 2.44554517004
0.643205361725 3.49786252797
0.728085310474 2.87360282824
0.328040040006 3.65560144853
0.43636580321 3.92384693409
0.921305270561 2.45632736456
0.482602548542 3.9935270849
0.883963977801 2.33081751626
0.984421088537 2.87155733064
0.411680179145 3.86542450837
0.661971909767 3.36730883221
0.0919024876121 3.83808182979
0.532692440275 3.97491322398
0.897340951734 2.36370607473
0.897525923293 2.36425758517
0.732503292018 2.84159114573
0.188691177047 3.62666821847
0.811257983236 2.3949792479
0.745848407839 2.74779132907
0.794337389839 2.46437236573
0.898115993654 2.36603437583
0.311632754386 3.62507455218
0.404902496837 3.8479693238
0.555911016224 3.92458815687
0.297973203979 3.6045518076
0.672962485809 3.28712957064
0.827326701756 2.34667196089
0.210643619933 3.59654823633
0.0266325322127 3.96675252546
0.741605882673 2.77708276012
0.895465692892 2.35826248556
0.604969448931 3.72731816084
0.544729873745 3.95230780358
0.149270663746 3.70346043525
0.841982047583 2.31883152208
0.55215407486 3.93462869961
0.905006100555 2.38873215515
0.61343743868 3.68156072211
0.00901802887042 3.99021642499
0.312024665789 3.62573197098
0.207622439326 3.60003140682
0.371959180979 3.76047778051
0.648893870075 3.45929131053
0.135715172035 3.73430318507
0.605490320149 3.72459549571
0.792850759983 2.47131032414
0.363976735032 3.7396871452
0.178488806772 3.64412917869
0.962379867598 2.70350198004
0.733789996271 2.83234803643
0.527193238018 3.98278030607
0.896699120492 2.36181265522
0.0620819531095 3.90363080875
0.638395782901 3.52969720483
0.720074301343 2.93258546662
0.00181183937029 3.99815722283
0.0627364992628 3.90229278593
0.189987569942 3.62459552202
0.731388994155 2.84962590768
0.913393669022 2.42112666437
0.292028357594 3.5971375819
0.0843351509129 3.85547050015
0.597120068145 3.76683952412
0.961168770364 2.69486683032
0.330417264075 3.66050292053
0.872854634444 2.31414424165
0.0202934343324 3.97584884139
0.594988632666 3.77707338603
0.998425500057 2.98675909583
0.730676488129 2.85477773033
0.978856989868 2.82737627081
0.0687192773916 3.88982066118
0.72011929064 2.93225133813
0.911095379028 2.41173841953
0.654690321123 3.41905063701
0.406764107113 3.85280481161
0.716932809434 2.95598522692
0.362662340764 3.73631282248
0.889798230224 2.34345508819
0.446578644126 3.94458259088
0.544275995104 3.95329569875
0.820432373166 2.36519234339
0.521277038723 3.98955406344
0.428830721001 3.90709503115
0.188724606675 3.62661434021
0.541697607928 3.95870525226
0.528416749213 3.98116176835
0.244780320218 3.57383184819
0.17614045693 3.64842075202
0.390489435455 3.8098341575
0.738582272749 2.79827348011
0.801643933812 2.43220091405
0.617577851748 3.65806081747
0.218074678835 3.58895023008
0.129757251626 3.74825752457
0.308887027976 3.62057307609
0.00536273717779 3.99436633149
0.654716632792 3.41886596215
0.895677411335 2.35886358766
0.271613111623 3.57915052626
0.292907677481 3.59817414108
0.819094643536 2.36917506509
0.0491420866564 3.9289026356
0.0681003899969 3.89113041801
0.625140294951 3.61332665943
0.82714769075 2.34710983085
0.393963727909 3.81910514778
0.510726446161 3.99739239135
0.903552919462 2.38364784496
0.18796602747 3.62784250101
0.22047371703 3.58679982737
0.5597911933 3.91344551887
0.115634678761 3.78184953308
0.849335535501 2.3109700538
0.67402719639 3.2792521155
0.703052947598 3.06054522177
0.60093496834 3.74798804913
0.851261108745 2.30960034353
0.598508517631 3.76005737849
0.246201749237 3.57358814025
0.997907517919 2.98241384494
0.648991000912 3.45862453348
0.74411856948 2.7596696578
0.52364962751 3.98704602945
0.98961037281 2.91364183053
0.805144339751 2.41795941445
0.0569525649076 3.91392423654
0.788359195185 2.49304859738
0.875854413741 2.31768687656
0.716326902284 2.96051296607
0.276700299181 3.58252328998
0.460883203613 3.96903256949
0.67402719639 3.2792521155
0.106587440086 3.80346047826
0.0301135854998 3.96145403967
0.899082404787 2.36900165218
0.625668495569 3.61011783305
0.757402074831 2.67100429734
0.313222061031 3.62776334684
0.270554186764 3.57854264188
0.931002963496 2.50535790159
0.83756078096 2.32554314104
0.864926137836 2.3082066585
0.9401293878 2.55709244277
0.617927509422 3.65604345511
0.600534310748 3.74999984918
0.543126836146 3.95574918228
0.92427937756 2.47068966721
0.666493271876 3.33459591588
0.607425110371 3.71437520579
0.69543994871 3.11827239279
0.298436462879 3.60516924725
0.188510707979 3.6269594703
0.860515145002 2.30705319916
0.0705485554723 3.88592411766
0.0742670365461 3.87789164642
0.907738738329 2.39871848772
0.305400213016 3.61512458886
0.769079896234 2.59860162657
0.676379351602 3.26179138568
0.370084510197 3.75555444937
0.16393496209 3.67218440427
0.56000964595 3.91279485524
0.555104487079 3.92680568852
0.187834164162 3.62805717536
0.372621881404 3.76222323878
0.377433357182 3.77496255344
0.639955049674 3.51945788249
0.318938635766 3.63792458136
0.653035394611 3.43063058598
0.855444125333 2.30761893123
0.6343818796 3.55568109944
0.740164012563 2.78715668449
0.382774138476 3.78920182494
0.318324285448 3.63679655666
0.253643065244 3.57326679288
0.588246284806 3.80800764223
0.220838024059 3.58648645236
0.530997935175 3.97750015776
0.561193903365 3.90922426625
0.140390615238 3.72350178708
0.681772310234 3.2214931329
0.312593028344 3.62669192693
0.193856713241 3.61861703041
0.347463717771 3.69867335632
0.23641184429 3.57643869639
0.296510790152 3.60264001814
0.334985871826 3.670231258
0.406500819694 3.8521226622
0.0884983852112 3.84595288547
0.220181530567 3.58705368486
0.599886652244 3.75323612849
0.706142002023 3.03715951489
0.21345978527 3.59350448069
0.309963240543 3.62231557705
0.26250361553 3.57498900915
0.868397987698 2.31019494747
0.492883689658 3.99889183697
0.214177954492 3.59276009671
0.895139438336 2.3573429296
0.751155570917 2.71194412215
0.810712350255 2.39693038303
0.0322711849386 3.95806420488
0.62210169709 3.63157526092
0.554110322579 3.92949242973
0.596446968671 3.77009464735
0.517567444171 3.99292210638
0.499711240347 3.99999814944
0.682158516967 3.21859489844
0.58962944272 3.80184177678
0.270755380775 3.57865563386
0.228576005464 3.5806660059
0.224779653201 3.58332069522
0.214249358249 3.59268679905
0.317045284728 3.63447563206
0.675978495019 3.26477246394
0.198089488803 3.6124446011
0.071977086462 3.88285561948
0.777547737149 2.54992064536
0.70733187996 3.0281638379
0.382993439375 3.78978788559
0.813560968526 2.3869632442
0.581990170131 3.83471546738
0.512204701668 3.99661521371
0.535207650979 3.97080421936
0.238756520557 3.57550750953
0.335310345003 3.67093709627
0.85160767089 2.30938438937
0.72681992988 2.88284444788
0.885116559253 2.33310330605
0.0669774891042 3.8934955657
0.279412019757 3.58462542683
0.549078033016 3.94230162421
0.458996443625 3.96615044367
0.892895045477 2.35123885911
0.603071095781 3.73713687707
0.196096971118 3.61530131335
0.195659388874 3.61594039315
0.140463598938 3.72333439508
0.867273053007 2.30944636757
0.257377416488 3.5737129074
0.903927583583 2.38494359821
0.63756867992 3.5350960139
0.510106631866 3.99768762784
0.085311785425 3.85324938475
0.331448530082 3.66266397688
0.450228964595 3.95136812819
0.751681764245 2.70844136547
0.569851633931 3.88090743536
0.191002512616 3.62299692683
0.55265336887 3.93333673431
0.60034774754 3.75093408586
0.776738775916 2.55442095612
0.178736182034 3.64368277972
0.527731758088 3.98207716971
0.962481495962 2.70422976767
0.55218703959 3.93454380134
0.930603472525 2.50321450557
0.488351852094 3.99706016718
0.907540288768 2.39797464252
0.896151462659 2.3602219531
0.661287757895 3.37222188125
0.660478725092 3.37801854628
0.572233430092 3.87243742674
0.235357198293 3.57690805963
0.0777143355029 3.87031916557
0.957046501483 2.66601123917
0.215109178977 3.59181432695
0.313624499956 3.62845374715
0.639629862726 3.52159986647
0.316658788507 3.63378164103
0.236918051613 3.5762245229
0.931517461589 2.50813364233
0.152932581132 3.69541423468
0.320364419472 3.64057514514
0.14305209948 3.7174241623
0.537975354826 3.96590919142
0.823888905481 2.35548389987
0.544710879403 3.95234936011
0.469925352324 3.98124864726
0.842078712881 2.31870132564
0.280774359518 3.58576082088
0.566838592438 3.89120298887
0.89557533603 2.35857335062
0.0519760153094 3.92356903675
0.806165734058 2.41395093633
0.192054622359 3.62136241958
0.561874897032 3.9071379702
0.227919289631 3.58109723963
0.182149104731 3.63763753166
0.928336932286 2.49125179317
0.349842425359 3.70437177061
0.95666811279 2.66340513064
0.274532158714 3.58099446372
0.471363360927 3.98293625693
0.812575721651 2.39034904092
0.789676429814 2.4865541457
0.0949108657839 3.83106768642
0.988303839093 2.90297225784
0.53956585122 3.96291832291
0.15246284836 3.69643837699
0.791006552119 2.48009607478
0.479726621045 3.9912695493
0.340578168419 3.68265877052
0.0721092545871 3.88257061171
0.81511748587 2.38174799252
0.89192262384 2.34871475374
0.031272820557 3.95964272254
0.791002975843 2.4801133028
0.891817501492 2.34844626621
0.580439549299 3.84103301129
0.365651627459 3.74400901145
0.869937213015 2.31138135806
0.612026815488 3.68940092274
0.273702576434 3.58044535326
0.0829017491854 3.85871678948
0.606282149212 3.72043305909
0.284053325733 3.5887095518
0.637112032407 3.53806692422
0.563931342279 3.90069140625
0.448524933219 3.94824433568
0.096967036777 3.82624603361
0.805323902094 2.41724986442
0.927788463599 2.48840795635
0.542616111808 3.956817644
0.279770139078 3.58491876387
0.950667376626 2.62307501345
0.61221140454 3.68837984943
0.329613105799 3.65883226233
0.969966222142 2.75912531566
0.885561532196 2.33401360565
0.712881884002 2.98633501203
0.964991310158 2.72235642551
0.722729378554 2.91291836277
0.777927168263 2.54782115978
0.133942062621 3.73843610136
0.214413718717 3.59251856981
0.624594059234 3.6166337197
0.693686561459 3.1315647688
0.182079004947 3.63775953452
0.460438973935 3.96836394756
0.960016757463 2.6867184808
0.719709775709 2.9352938069
0.798512960031 2.44558881925
0.641448670625 3.50957571465
0.409857064922 3.86077186958
0.732399141053 2.84234096783
0.520695518389 3.99012649399
0.0744403049925 3.8775138461
0.175234395373 3.65010219732
0.6820454222 3.21944375573
0.47406357614 3.98590693637
0.197611148374 3.61312238228
0.697537622374 3.10236377031
0.538817974753 3.96434088266
0.466274566736 3.97664340544
0.454087134348 3.9581463811
0.513254010194 3.99600078817
0.919276516422 2.44688071518
0.862713011558 2.30743613288
0.306218367983 3.61637574346
0.888892228489 2.34131850973
0.0524593898599 3.92264760573
0.946762461103 2.59788047668
0.676584717729 3.26026329604
0.981626152915 2.84923452203
0.265138769891 3.57594399166
0.337233021127 3.67515874701
0.0328356981686 3.95716408945
0.867571238168 2.30963504683
0.418745376782 3.88309608788
0.786084395288 2.50449263028
0.996494480389 2.97058858283
0.951564259063 2.62898077914
0.669471515371 3.31283301521
0.759028263773 2.66058591446
0.405463148922 3.84942855388
0.934069965439 2.52215704252
0.597253357081 3.76619239328
0.403255541689 3.84366894498
0.43856106105 3.92850743964
0.995031900577 2.95839451042
0.430444426188 3.91077545928
0.983938990917 2.86768887737
0.965101639672 2.72315992917
0.13487958833 3.73624853463
0.152948752241 3.69537902056
0.0296616572167 3.96215387578
0.447416241921 3.946170534
0.763833086383 2.63042201846
0.289603117367 3.59438824693
0.0573160401262 3.913206334
0.652798112097 3.43228510206
0.121389617441 3.76810629962
0.190225836972 3.62421832436
0.759927351089 2.6548703644
0.470783034488 3.98226393204
0.590375449301 3.798477373
0.971350886128 2.76954849601
0.566197921786 3.89333160593
0.779577272662 2.53877566322
0.114119149737 3.78547305337
0.17821251074 3.6446290577
0.935426804536 2.52978073873
0.717003485372 2.95545738036
0.191681702721 3.62193911833
0.806627671135 2.41216012748
0.582885888234 3.83101112464
0.766333575802 2.61510665901
0.039730469222 3.94573765531
0.738411062869 2.79948079449
0.7118816744 2.99385464603
0.672575342798 3.28998966361
0.458245367486 3.9649726168
0.378971779375 3.77905603529
0.942715707875 2.57268776095
0.710700525683 3.00274610178
0.225999454805 3.58242517773
0.981303974423 2.84667787199
0.463372574875 3.97266379108
0.720841365625 2.92689262068
0.74063606486 2.78385220835
0.693592987862 3.13227394255
0.484244784723 3.99467122032
0.535217649265 3.97078724177
0.445651514182 3.94280393605
0.546420511989 3.94853396591
0.767977473196 2.60518655877
0.569169907634 3.88327794886
0.518762020908 3.99191075967
0.60660202463 3.71874356717
0.0988050722496 3.82191905003
0.57927070394 3.84571505571
0.662516961935 3.36338750165
0.759570251741 2.65713662374
0.822897717695 2.35818145982
0.525837947253 3.98448567161
0.818129574063 2.37212565931
0.978690867634 2.82607353479
0.679391735858 3.23932335354
0.945276584632 2.58851991991
0.453828061579 3.95770435569
0.320368709187 3.64058318818
0.409824692692 3.86068895014
0.554859508337 3.9274725331
0.675502736296 3.26830775108
0.49420547339 3.9992632031
0.933721363749 2.52021721359
0.0527260143567 3.92213791467
0.299313484755 3.60635366215
0.0450072664226 3.93646878803
0.861856643783 2.30724166417
0.993988688701 2.94972673139
0.72128366493 2.92361400251
0.922469812054 2.4618787492
0.684570806103 3.20046040047
0.891896591407 2.34864818603
0.981397117216 2.84741664757
0.81368957526 2.38652611599
0.772620759176 2.57782895049
0.238060055053 3.57576789183
0.466993485758 3.9775861043
0.811977472311 2.39243674652
0.406210753909 3.85137045668
0.318852873169 3.63776659903
0.617705175358 3.65732680391
0.719836749918 2.93435020389
0.71883549889 2.94179705558
0.21410613265 3.59283395373
0.124898675773 3.75975569046
0.653733595479 3.42575368618
0.909279071002 2.40459070183
0.78724906117 2.49859756979
0.32078085783 3.64135785071
0.333013065041 3.66598175069
0.97877552793 2.82673732034
0.624716985486 3.61589049825
0.772620759176 2.57782895049
0.554324583765 3.92891774442
0.500373948234 3.99999689237
0.694276985527 3.12708954632
0.945726141813 2.59133860744
0.748998675246 2.72640097536
0.724865107503 2.89717996558
0.704432867984 3.05009356368
0.0286561435186 3.96369821378
0.41055695064 3.86256202568
0.710737213942 3.00246974197
0.618945826972 3.65013957137
0.943228906943 2.57582970207
0.452521019365 3.9554451663
0.446552543821 3.94453281875
0.697278939241 3.1043257926
0.755782781085 2.68147942558
0.812948458311 2.38906044882
0.581969938474 3.8347986732
0.495605328308 3.99957495099
0.00617721552601 3.993463357
0.298923851234 3.60582496315
0.353380302273 3.7129902175
0.0146779427286 3.98329803428
0.403627909184 3.84464297419
0.910797673392 2.41055036176
0.32726937613 3.65403688482
0.919325727582 2.44710646642
0.723206989876 2.90939220206
0.393771911176 3.81859409871
0.827558240843 2.3461090414
0.676835924405 3.2583933617
0.70095519235 3.07644511682
0.231960529941 3.57863116006
0.729728888085 2.86164612966
0.439395905797 3.93025185479
0.0779535246402 3.86978950268
0.475309286929 3.98718864294
0.135700957983 3.73433624199
0.359376540265 3.72794989673
0.707602015386 3.02612271528
0.800362476005 2.43760709173
0.971088993642 2.76757096523
0.336013474194 3.67247323372
0.216051403448 3.59087985715
0.104815246362 3.8076797345
0.467369814135 3.97807263281
0.752410107306 2.70360887755
0.901583187889 2.37700889092
0.833353500989 2.33329301308
0.374281265476 3.76660434874
0.623817667525 3.62131426357
0.492018195233 3.99860847566
0.622319784313 3.63027761639
0.88287925102 2.32876143119
0.0769973630859 3.87190360247
0.0445936918542 3.93721113403
0.0607499223473 3.90633692723
0.901715296268 2.3774450306
0.510146653623 3.99766910895
0.982051054223 2.85261165724
0.199580293891 3.61036509394
0.749570145605 2.72255535067
0.126383123038 3.75623357009
0.748027898102 2.73295842399
0.549604688301 3.94102289919
0.572640995719 3.87095883524
0.779282545415 2.54038109562
0.398152373561 3.83023143416
0.658104390136 3.39494540384
0.69261248095 3.13970342846
0.683982117932 3.20489071077
0.0152614080067 3.98255102276
0.639074367024 3.52525090486
0.636116888983 3.54451685488
0.384956717387 3.79503721074
0.907347050818 2.39725312568
0.353891974287 3.71425010289
0.180497908997 3.64053559292
0.927227485351 2.4855199536
0.96564107672 2.72709648336
0.996147260065 2.96768936734
0.000651664122677 3.99934433352
0.676232992563 3.26288007351
0.728357171041 2.87162136396
0.509011637211 3.99816521033
0.199736762689 3.61014974286
0.138629216441 3.72755345486
0.632443476322 3.56802988834
0.798878891654 2.4439929434
0.117836624408 3.77658668281
0.248230948391 3.57334126944
0.344181350359 3.69094652952
0.255292959429 3.5734136924
0.270094569585 3.57828892957
0.428447286213 3.9062135127
0.228207718596 3.58090639281
0.663058292477 3.35948673084
0.943043455328 2.57469252306
0.718138402144 2.94698979294
0.937820357561 2.54351129522
0.388652451947 3.8049232624
0.898480927282 2.36714652176
0.262415851308 3.57496069587
0.635543128281 3.54822030338
0.0981479457326 3.82346773225
0.905348967582 2.38995473467
0.3745522036 3.76732102153
0.371654767046 3.75967685208
0.0587682096959 3.91032036971
0.835504165367 2.32916653237
0.809551846817 2.40114588719
0.325186754022 3.64987002827
0.579162502389 3.84614498897
0.315192330593 3.63117985734
0.966373097251 2.73245941677
0.838114239805 2.32462219309
0.366861272403 3.74714483797
0.896360007902 2.36082497831
0.797713130289 2.44910542049
0.762899090453 2.63621107578
0.609661454445 3.7023542573
0.648741857862 3.46033429937
0.701542706265 3.07199096922
0.135025552703 3.73590840934
0.0900185373686 3.84244716173
0.344435845371 3.69153974246
0.0311915712058 3.9597704319
0.4947345843 3.99939093909
0.352763788465 3.71147657361
0.442638353553 3.93687505675
0.911030529017 2.41147907209
0.483457737137 3.99413617865
0.855434414725 2.30762194897
0.235289556979 3.57693922857
0.561688684907 3.90771084855
0.860872599286 2.30708956551
0.917866000624 2.44048230607
0.528033887117 3.98167631718
0.715996778338 2.96298171586
0.383493250335 3.79112384071
0.844774826274 2.31535714051
0.159584660801 3.6811860271
0.908605259003 2.40200045961
0.537685280368 3.96644064588
0.237134145134 3.57613529398
0.531308118623 3.97703749392
0.416417243974 3.87734121731
0.306814313872 3.61729767455
0.505907171978 3.99921615509
0.00627877838051 3.99334988487
0.151310946002 3.69895995637
0.756175285432 2.6789312298
0.382618908977 3.78878703419
0.382475831618 3.78840475001
0.92146322144 2.45707483256
0.264229358135 3.57559148895
0.725836192414 2.89004994095
0.923542541031 2.46707494367
0.6677316527 3.3255662657
0.718963851681 2.94084165397
0.0409769915794 3.9435881992
0.388229816534 3.80379291194
0.172656885631 3.65496131329
0.0532862573657 3.9210636126
0.841797900205 2.31908151312
0.371595789274 3.7595217422
0.721533834254 2.92176088756
0.360218743359 3.73008312302
0.949880644494 2.61793078184
0.0380609728383 3.94857686796
0.398890704671 3.83218473468
0.215346064711 3.59157725858
0.0480675695792 3.93089381065
0.319248470603 3.63849670305
0.959186996865 2.68088962008
0.461605435733 3.97010638074
0.700481146597 3.08003950666
0.483270957813 3.99400560657
0.433645268585 3.91792896323
0.752509481287 2.70295098676
0.842496733146 2.31814649146
0.851106633231 2.30969960981
0.63236931568 3.56849969245
0.17682547477 3.64715891207
0.950088453241 2.61928628061
0.837805518617 2.32513306183
0.802652233155 2.42801923985
0.146013481525 3.71073048666
0.468088401113 3.97898830589
0.589314263364 3.80325503163
0.581824477242 3.8353963002
0.186965217919 3.62948053643
0.482046821644 3.9931158906
0.901129190992 2.37552010874
0.399910578216 3.83487820993
0.797448254444 2.45027856668
0.583451848937 3.82864982698
0.867028352875 2.30929678253
0.748708346372 2.72835885419
0.334211770157 3.66855516155
0.666138112955 3.33718024125
0.36674290249 3.7468374676
0.812489716694 2.39064769478
0.434342413935 3.91946004842
0.71990706254 2.93382777718
0.291611521535 3.5966535729
0.352374241588 3.71052267996
0.172790080709 3.6547075107
0.447512152309 3.94635120458
0.104631474565 3.8081168181
0.578625880032 3.84826847703
0.838180585627 2.32451334034
0.299610869804 3.60675987185
0.774844689145 2.5650849304
0.703540121532 3.05685452333
0.315119122015 3.63105128063
0.0288372085063 3.96342142397
0.613256895917 3.68256893698
0.31351099385 3.62825863409
0.441819060707 3.93522479214
0.587498934368 3.8113001131
0.301257077597 3.60905032762
0.629577127509 3.58604364595
0.842843446448 2.31769640136
0.517863943375 3.99267754908
0.472702332742 3.98444198263
0.461005698453 3.96921585145
0.822840939703 2.35833809567
0.239052000334 3.5754011927
0.578485934494 3.84881986393
0.207812520424 3.59980570081
0.956677717303 2.66347119036
0.692382190841 3.14144792877
0.238023231134 3.57578204103
0.428992350013 3.90746582016
0.713895767441 2.97872241079
0.849704203721 2.31068555835
0.662164659755 3.36592283229
0.749108886182 2.72565848115
0.362275508151 3.73532277978
0.811618696184 2.39370025535
0.789557474264 2.48713661305
0.691795414466 3.14589202813
0.151067265835 3.69949519977
0.761540477651 2.64469688133
0.767706358055 2.60681433854
0.975925521517 2.80453537909
0.0653367431699 3.89692482338
0.549683319373 3.94083074291
0.919914575627 2.44982087313
0.177700534313 3.64555891785
0.84448179961 2.31569369003
0.569650209701 3.88161032784
0.781714169747 2.52727001853
0.868411400769 2.31020447678
0.454590361723 3.95899946526
0.730783208411 2.85400538785
0.147744947982 3.70685322538
0.636047899552 3.54496275609
0.00111379843098 3.9988745099
0.308517496448 3.61998132958
0.826503613571 2.34870441443
0.304612665875 3.61393621089
0.885283834441 2.33344369021
0.410990321923 3.86366800363
0.0031166285788 3.99679183819
0.690069533656 3.15895515533
0.189198367478 3.62585322592
0.75084857914 2.71399212005
0.550134447789 3.93972206521
0.136628661543 3.73218135946
0.455707541525 3.96086709173
0.256711213112 3.57360347592
0.424777721527 3.89764715436
0.86874225903 2.31044403855
0.862867152699 2.30747727709
0.700947464263 3.07650371078
0.104748671362 3.807838087
0.387878072106 3.80285206827
0.0222181472685 3.97316327482
0.450983884199 3.95272694965
0.093761163317 3.83375421957
0.304857488249 3.61430395498
0.67684153866 3.25835156084
0.892770054571 2.35091033089
0.210782845846 3.59639312135
0.321434348254 3.64259381394
0.456018287591 3.961380086
0.797285313019 2.45100235267
0.448560473034 3.94831027785
0.476402507993 3.98826651138
0.600196132564 3.75169212351
0.620671165111 3.64004005316
0.377912170476 3.77623572199
0.271887451302 3.57931331983
0.652281582246 3.43588162634
0.220454447619 3.58681649997
0.72585215928 2.88993284815
0.605588039994 3.72408333572
0.839754975059 2.32202758278
0.922335944617 2.46123584855
0.808224643992 2.40607571045
0.289558727555 3.59433943152
0.253362356793 3.57324970252
0.170467345607 3.65917466145
0.870869198422 2.31219079862
0.250197366085 3.57321577311
0.38877375701 3.80524766959
0.99076297168 2.92309314391
0.228423476451 3.58076511474
0.483471854542 3.99414599175
0.623712079047 3.62194899568
0.634010665814 3.55805619042
0.468920190626 3.98002621492
0.109585988567 3.79630712952
0.933735116519 2.52029359549
0.110884963336 3.79320422924
0.936741731728 2.53727956453
0.683489220282 3.20859780581
0.357293788808 3.72270698479
0.0620097878994 3.90377799761
0.200956889487 3.60848955472
0.839224211089 2.32284469751
0.463677850915 3.97309541253
0.0141959338092 3.98391040365
