0.01 3.98905891687
0.01 3.98905891687
0.01 3.98905891687
0.01 3.98905891687
0.01 3.98905891687
0.01 3.98905891687
0.01 3.98905891687
0.01 3.98905891687
0.01 3.98905891687
0.01 3.98905891687
0.01 3.98905891687
0.01 3.98905891687
0.01 3.98905891687
0.01 3.98905891687
0.01 3.98905891687
0.01 3.98905891687
0.01 3.98905891687
0.01 3.98905891687
0.01 3.98905891687
0.607575381822 3.71357440599
0.607575381822 3.71357440599
0.607575381822 3.71357440599
0.607575381822 3.71357440599
0.607575381822 3.71357440599
0.282286056436 3.58708246034
0.282286056436 3.58708246034
0.282286056436 3.58708246034
0.282286056436 3.58708246034
0.282286056436 3.58708246034
0.282286056436 3.58708246034
0.282286056436 3.58708246034
0.282286056436 3.58708246034
0.282286056436 3.58708246034
0.282286056436 3.58708246034
0.282286056436 3.58708246034
0.282286056436 3.58708246034
0.282286056436 3.58708246034
0.282286056436 3.58708246034
0.282286056436 3.58708246034
0.282286056436 3.58708246034
0.282286056436 3.58708246034
0.282286056436 3.58708246034
0.01 3.98905891687
0.01 3.98905891687
0.01 3.98905891687
0.01 3.98905891687
0.01 3.98905891687
0.887255422826 2.33762049302
0.887255422826 2.33762049302
0.887255422826 2.33762049302
0.887255422826 2.33762049302
0.976517808481 2.80912462499
0.976517808481 2.80912462499
0.976517808481 2.80912462499
0.976517808481 2.80912462499
0.976517808481 2.80912462499
0.01 3.98905891687
0.01 3.98905891687
0.01 3.98905891687
0.01 3.98905891687
0.01 3.98905891687
0.01 3.98905891687
0.01 3.98905891687
0.01 3.98905891687
0.01 3.98905891687
0.01 3.98905891687
0.01 3.98905891687
0.01 3.98905891687
0.01 3.98905891687
0.01 3.98905891687
0.01 3.98905891687
0.01 3.98905891687
0.01 3.98905891687
0.01 3.98905891687
0.01 3.98905891687
0.674190216099 3.27804450055
0.674190216099 3.27804450055
0.674190216099 3.27804450055
0.674190216099 3.27804450055
0.674190216099 3.27804450055
0.674190216099 3.27804450055
0.674190216099 3.27804450055
0.01 3.98905891687
0.01 3.98905891687
0.314725235716 3.63036164598
0.314725235716 3.63036164598
0.01 3.98905891687
0.01 3.98905891687
0.01 3.98905891687
0.01 3.98905891687
0.01 3.98905891687
0.01 3.98905891687
0.01 3.98905891687
0.01 3.98905891687
0.01 3.98905891687
0.01 3.98905891687
0.01 3.98905891687
0.01 3.98905891687
0.01 3.98905891687
0.01 3.98905891687
0.01 3.98905891687
0.01 3.98905891687
0.01 3.98905891687
0.01 3.98905891687
0.01 3.98905891687
0.01 3.98905891687
0.01 3.98905891687
0.01 3.98905891687
0.01 3.98905891687
0.10228726916 3.81368384842
0.10228726916 3.81368384842
0.10228726916 3.81368384842
0.10228726916 3.81368384842
0.10228726916 3.81368384842
0.10228726916 3.81368384842
0.10228726916 3.81368384842
0.10228726916 3.81368384842
0.654891720878 3.41763661877
0.654891720878 3.41763661877
0.654891720878 3.41763661877
0.654891720878 3.41763661877
0.654891720878 3.41763661877
0.654891720878 3.41763661877
0.654891720878 3.41763661877
0.654891720878 3.41763661877
0.654891720878 3.41763661877
0.857067189618 2.30721828849
0.857067189618 2.30721828849
0.857067189618 2.30721828849
0.857067189618 2.30721828849
0.857067189618 2.30721828849
0.857067189618 2.30721828849
0.857067189618 2.30721828849
0.857067189618 2.30721828849
0.819952689137 2.36660609783
0.819952689137 2.36660609783
0.819952689137 2.36660609783
0.01 3.98905891687
0.01 3.98905891687
0.01 3.98905891687
0.01 3.98905891687
0.01 3.98905891687
0.01 3.98905891687
0.01 3.98905891687
0.01 3.98905891687
0.01 3.98905891687
0.01 3.98905891687
0.01 3.98905891687
0.01 3.98905891687
0.01 3.98905891687
0.01 3.98905891687
0.01 3.98905891687
0.01 3.98905891687
0.01 3.98905891687
0.01 3.98905891687
0.01 3.98905891687
0.01 3.98905891687
0.01 3.98905891687
0.01 3.98905891687
0.01 3.98905891687
0.01 3.98905891687
0.01 3.98905891687
0.01 3.98905891687
0.203097889112 3.6056590223
0.203097889112 3.6056590223
0.203097889112 3.6056590223
0.831358818731 2.33742631163
0.831358818731 2.33742631163
0.831358818731 2.33742631163
0.738583582435 2.79826424764
0.738583582435 2.79826424764
0.738583582435 2.79826424764
0.738583582435 2.79826424764
0.738583582435 2.79826424764
0.738583582435 2.79826424764
0.738583582435 2.79826424764
0.738583582435 2.79826424764
0.738583582435 2.79826424764
0.738583582435 2.79826424764
0.01 3.98905891687
0.01 3.98905891687
0.01 3.98905891687
0.01 3.98905891687
0.01 3.98905891687
0.01 3.98905891687
0.0938746171426 3.83348942773
0.0938746171426 3.83348942773
0.0938746171426 3.83348942773
0.698567431669 3.09455294275
0.698567431669 3.09455294275
0.698567431669 3.09455294275
0.698567431669 3.09455294275
0.698567431669 3.09455294275
0.698567431669 3.09455294275
0.698567431669 3.09455294275
0.01 3.98905891687
0.01 3.98905891687
0.01 3.98905891687
0.01 3.98905891687
0.01 3.98905891687
0.01 3.98905891687
0.01 3.98905891687
0.0319940088151 3.95850416524
0.0319940088151 3.95850416524
0.0319940088151 3.95850416524
0.0319940088151 3.95850416524
0.0319940088151 3.95850416524
0.0319940088151 3.95850416524
0.01 3.98905891687
0.01 3.98905891687
0.01 3.98905891687
0.205979759506 3.60201822546
0.205979759506 3.60201822546
0.205979759506 3.60201822546
0.01 3.98905891687
0.01 3.98905891687
0.01 3.98905891687
0.01 3.98905891687
0.01 3.98905891687
0.01 3.98905891687
0.01 3.98905891687
0.902220506776 2.37912504783
0.902220506776 2.37912504783
0.902220506776 2.37912504783
0.902220506776 2.37912504783
0.902220506776 2.37912504783
0.902220506776 2.37912504783
0.01 3.98905891687
0.01 3.98905891687
0.01 3.98905891687
0.01 3.98905891687
0.01 3.98905891687
0.543265845148 3.95545603092
0.543265845148 3.95545603092
0.543265845148 3.95545603092
0.543265845148 3.95545603092
0.543265845148 3.95545603092
0.421596305687 3.89004120487
0.421596305687 3.89004120487
0.421596305687 3.89004120487
0.421596305687 3.89004120487
0.421596305687 3.89004120487
0.421596305687 3.89004120487
0.421596305687 3.89004120487
0.421596305687 3.89004120487
0.421596305687 3.89004120487
0.421596305687 3.89004120487
0.01 3.98905891687
0.01 3.98905891687
0.738431866706 2.79933405156
0.738431866706 2.79933405156
0.738431866706 2.79933405156
0.738431866706 2.79933405156
0.01 3.98905891687
0.01 3.98905891687
0.01 3.98905891687
0.855145739285 2.30771502906
0.855145739285 2.30771502906
0.855145739285 2.30771502906
0.855145739285 2.30771502906
0.855145739285 2.30771502906
0.832528557408 2.33496683263
0.832528557408 2.33496683263
0.832528557408 2.33496683263
0.566710996635 3.89162861949
0.566710996635 3.89162861949
0.566710996635 3.89162861949
0.566710996635 3.89162861949
0.566710996635 3.89162861949
0.566710996635 3.89162861949
0.566710996635 3.89162861949
0.566710996635 3.89162861949
0.566710996635 3.89162861949
0.566710996635 3.89162861949
0.566710996635 3.89162861949
0.160965172961 3.67830199033
0.160965172961 3.67830199033
0.160965172961 3.67830199033
0.160965172961 3.67830199033
0.160965172961 3.67830199033
0.64949577791 3.45515510936
0.64949577791 3.45515510936
0.64949577791 3.45515510936
0.01 3.98905891687
0.01 3.98905891687
0.01 3.98905891687
0.01 3.98905891687
0.531319280813 3.97702075381
0.531319280813 3.97702075381
0.01 3.98905891687
0.01 3.98905891687
0.01 3.98905891687
0.01 3.98905891687
0.01 3.98905891687
0.01 3.98905891687
0.01 3.98905891687
0.325701392892 3.65089131597
0.325701392892 3.65089131597
0.325701392892 3.65089131597
0.325701392892 3.65089131597
0.325701392892 3.65089131597
0.325701392892 3.65089131597
0.325701392892 3.65089131597
0.325701392892 3.65089131597
0.325701392892 3.65089131597
0.01 3.98905891687
0.01 3.98905891687
0.01 3.98905891687
0.811398334447 2.39448056854
0.811398334447 2.39448056854
0.811398334447 2.39448056854
0.811398334447 2.39448056854
0.811398334447 2.39448056854
0.811398334447 2.39448056854
0.811398334447 2.39448056854
0.811398334447 2.39448056854
0.811398334447 2.39448056854
0.811398334447 2.39448056854
0.541437760357 3.95923134997
0.541437760357 3.95923134997
0.541437760357 3.95923134997
0.541437760357 3.95923134997
0.541437760357 3.95923134997
0.541437760357 3.95923134997
0.541437760357 3.95923134997
0.541437760357 3.95923134997
0.01 3.98905891687
0.01 3.98905891687
0.01 3.98905891687
0.01 3.98905891687
0.01 3.98905891687
0.01 3.98905891687
0.01 3.98905891687
0.01 3.98905891687
0.01 3.98905891687
0.564512363741 3.89883019038
0.564512363741 3.89883019038
0.564512363741 3.89883019038
0.564512363741 3.89883019038
0.564512363741 3.89883019038
0.564512363741 3.89883019038
0.564512363741 3.89883019038
0.564512363741 3.89883019038
0.938780762669 2.5491205156
0.938780762669 2.5491205156
0.938780762669 2.5491205156
0.938780762669 2.5491205156
0.938780762669 2.5491205156
0.938780762669 2.5491205156
0.938780762669 2.5491205156
0.938780762669 2.5491205156
0.73377546193 2.83245223152
0.73377546193 2.83245223152
0.01 3.98905891687
0.01 3.98905891687
0.01 3.98905891687
0.01 3.98905891687
0.01 3.98905891687
0.01 3.98905891687
0.01 3.98905891687
0.01 3.98905891687
0.01 3.98905891687
0.01 3.98905891687
0.01 3.98905891687
0.01 3.98905891687
0.01 3.98905891687
0.01 3.98905891687
0.966301591555 2.73193449223
0.966301591555 2.73193449223
0.807585891342 2.40848942812
0.807585891342 2.40848942812
0.807585891342 2.40848942812
0.807585891342 2.40848942812
0.807585891342 2.40848942812
0.807585891342 2.40848942812
0.807585891342 2.40848942812
0.807585891342 2.40848942812
0.0359779598616 3.95205491959
0.0359779598616 3.95205491959
0.433701544648 3.918052924
0.433701544648 3.918052924
0.433701544648 3.918052924
0.513120768179 3.9960817073
0.513120768179 3.9960817073
0.513120768179 3.9960817073
0.513120768179 3.9960817073
0.513120768179 3.9960817073
0.513120768179 3.9960817073
0.229383098741 3.58015217367
0.229383098741 3.58015217367
0.229383098741 3.58015217367
0.229383098741 3.58015217367
0.229383098741 3.58015217367
0.229383098741 3.58015217367
0.229383098741 3.58015217367
0.01 3.98905891687
0.01 3.98905891687
0.01 3.98905891687
0.01 3.98905891687
0.01 3.98905891687
0.01 3.98905891687
0.01 3.98905891687
0.01 3.98905891687
0.01 3.98905891687
0.01 3.98905891687
0.01 3.98905891687
0.01 3.98905891687
0.01 3.98905891687
0.734892579785 2.82445825435
0.734892579785 2.82445825435
0.734892579785 2.82445825435
0.01 3.98905891687
0.01 3.98905891687
0.01 3.98905891687
0.01 3.98905891687
0.01 3.98905891687
0.0226513659753 3.97254957564
0.0226513659753 3.97254957564
0.0226513659753 3.97254957564
0.761511329902 2.64487976966
0.761511329902 2.64487976966
0.346237809519 3.69576852629
0.346237809519 3.69576852629
0.346237809519 3.69576852629
0.346237809519 3.69576852629
0.346237809519 3.69576852629
0.346237809519 3.69576852629
0.01 3.98905891687
0.01 3.98905891687
0.01 3.98905891687
0.01 3.98905891687
0.01 3.98905891687
0.01 3.98905891687
0.01 3.98905891687
0.01 3.98905891687
0.00221781564183 3.99773583002
0.00221781564183 3.99773583002
0.18484155667 3.63302204871
0.18484155667 3.63302204871
0.18484155667 3.63302204871
0.18484155667 3.63302204871
0.18484155667 3.63302204871
0.18484155667 3.63302204871
0.18484155667 3.63302204871
0.18484155667 3.63302204871
0.18484155667 3.63302204871
0.18484155667 3.63302204871
0.18484155667 3.63302204871
0.18484155667 3.63302204871
0.01 3.98905891687
0.01 3.98905891687
0.01 3.98905891687
0.01 3.98905891687
0.01 3.98905891687
0.01 3.98905891687
0.01 3.98905891687
0.01 3.98905891687
0.01 3.98905891687
0.351817813365 3.70916355535
0.351817813365 3.70916355535
0.515007269575 3.99485713827
0.515007269575 3.99485713827
0.515007269575 3.99485713827
0.515007269575 3.99485713827
0.515007269575 3.99485713827
0.515007269575 3.99485713827
0.515007269575 3.99485713827
0.01 3.98905891687
0.01 3.98905891687
0.01 3.98905891687
0.01 3.98905891687
0.01 3.98905891687
0.01 3.98905891687
0.01 3.98905891687
0.01 3.98905891687
0.01 3.98905891687
0.01 3.98905891687
0.357737551193 3.72382007963
0.357737551193 3.72382007963
0.248968302497 3.57328107356
0.248968302497 3.57328107356
0.01 3.98905891687
0.01 3.98905891687
0.01 3.98905891687
0.01 3.98905891687
0.01 3.98905891687
0.01 3.98905891687
0.01 3.98905891687
0.01 3.98905891687
0.01 3.98905891687
0.01 3.98905891687
0.01 3.98905891687
0.01 3.98905891687
0.01 3.98905891687
0.373393429787 3.76425847445
0.373393429787 3.76425847445
0.373393429787 3.76425847445
0.373393429787 3.76425847445
0.373393429787 3.76425847445
0.373393429787 3.76425847445
0.373393429787 3.76425847445
0.373393429787 3.76425847445
0.373393429787 3.76425847445
0.218776258945 3.58830583527
0.218776258945 3.58830583527
0.218776258945 3.58830583527
0.01 3.98905891687
0.01 3.98905891687
0.01 3.98905891687
0.01 3.98905891687
0.01 3.98905891687
0.01 3.98905891687
0.01 3.98905891687
0.971168815926 2.76817339738
0.971168815926 2.76817339738
0.971168815926 2.76817339738
0.971168815926 2.76817339738
0.971168815926 2.76817339738
0.971168815926 2.76817339738
0.55825249297 3.91795810259
0.55825249297 3.91795810259
0.55825249297 3.91795810259
0.55825249297 3.91795810259
0.01 3.98905891687
0.01 3.98905891687
0.01 3.98905891687
0.01 3.98905891687
0.01 3.98905891687
0.632382381993 3.56841693223
0.632382381993 3.56841693223
0.01 3.98905891687
0.01 3.98905891687
0.01 3.98905891687
0.01 3.98905891687
0.01 3.98905891687
0.01 3.98905891687
0.01 3.98905891687
0.01 3.98905891687
0.01 3.98905891687
0.01 3.98905891687
0.01 3.98905891687
0.01 3.98905891687
0.01 3.98905891687
0.01 3.98905891687
0.01 3.98905891687
0.01 3.98905891687
0.01 3.98905891687
0.01 3.98905891687
0.678810874107 3.24366436225
0.678810874107 3.24366436225
0.678810874107 3.24366436225
0.678810874107 3.24366436225
0.01 3.98905891687
0.01 3.98905891687
0.01 3.98905891687
0.01 3.98905891687
0.01 3.98905891687
0.01 3.98905891687
0.01 3.98905891687
0.01 3.98905891687
0.958447445253 2.67572313492
0.958447445253 2.67572313492
0.58630284786 3.81651221189
0.58630284786 3.81651221189
0.58630284786 3.81651221189
0.878468264206 2.32135324879
0.878468264206 2.32135324879
0.878468264206 2.32135324879
0.581555625571 3.83649808034
0.581555625571 3.83649808034
0.581555625571 3.83649808034
0.581555625571 3.83649808034
0.581555625571 3.83649808034
0.581555625571 3.83649808034
