0.965999054246 2.72971609353
0.965999054246 2.72971609353
0.943860796201 2.57971961019
0.943860796201 2.57971961019
0.198724233243 3.61155309669
0.198724233243 3.61155309669
0.204941972039 3.60330669374
0.204941972039 3.60330669374
0.204941972039 3.60330669374
0.686453458932 3.18627319961
0.686453458932 3.18627319961
0.899740788011 2.37106379805
0.899740788011 2.37106379805
0.885378011521 2.33363629239
0.885378011521 2.33363629239
0.552174140195 3.93457702954
0.552174140195 3.93457702954
0.876050768554 2.31794356058
0.876050768554 2.31794356058
0.60855088552 3.70835151977
0.60855088552 3.70835151977
0.840319688762 2.32118158596
0.840319688762 2.32118158596
0.557276381296 3.92075678281
0.557276381296 3.92075678281
0.0144155061536 3.98363198051
0.0144155061536 3.98363198051
0.444643462566 3.94084540324
0.444643462566 3.94084540324
0.444194758063 3.93996547384
0.444194758063 3.93996547384
0.326866540545 3.65322390096
0.326866540545 3.65322390096
0.326866540545 3.65322390096
0.695610933853 3.11697583932
0.695610933853 3.11697583932
0.0692470941011 3.88870020146
0.0692470941011 3.88870020146
0.626747172351 3.60353163478
0.626747172351 3.60353163478
0.273895368299 3.58057119126
0.273895368299 3.58057119126
0.250432485185 3.57320827728
0.250432485185 3.57320827728
0.829093226803 2.34247547533
0.829093226803 2.34247547533
0.739220902922 2.79377694293
0.739220902922 2.79377694293
0.112737522256 3.78877637119
0.112737522256 3.78877637119
0.370205410513 3.75587129282
0.370205410513 3.75587129282
0.818671878176 2.37045966648
0.818671878176 2.37045966648
0.112950432976 3.78826735978
0.112950432976 3.78826735978
0.28571101177 3.59031568329
0.28571101177 3.59031568329
0.28571101177 3.59031568329
0.150104735416 3.70161546095
0.150104735416 3.70161546095
0.216054702986 3.59087662464
0.216054702986 3.59087662464
0.812708217009 2.38988992016
0.812708217009 2.38988992016
0.031038948767 3.96001001921
0.031038948767 3.96001001921
0.643419408132 3.49642874671
0.643419408132 3.49642874671
0.351224863916 3.70771970598
0.351224863916 3.70771970598
0.884498076473 2.33186379619
0.884498076473 2.33186379619
0.0626625922221 3.90244413678
0.0626625922221 3.90244413678
0.0691265140846 3.88895644817
0.0691265140846 3.88895644817
0.371041966709 3.7580662317
0.371041966709 3.7580662317
0.371041966709 3.7580662317
0.295229745624 3.6010122036
0.295229745624 3.6010122036
0.959210583695 2.68105484333
0.959210583695 2.68105484333
0.231276936224 3.5790167094
0.231276936224 3.5790167094
0.231276936224 3.5790167094
0.231276936224 3.5790167094
0.940461479105 2.55907244239
0.940461479105 2.55907244239
0.486312230462 3.99595898522
0.486312230462 3.99595898522
0.00835915448577 3.99098296583
0.00835915448577 3.99098296583
0.238887157322 3.57546019971
0.238887157322 3.57546019971
0.238887157322 3.57546019971
0.0835400416267 3.85727325826
0.0835400416267 3.85727325826
0.0218182444527 3.97372677564
0.0218182444527 3.97372677564
0.478621104244 3.99031711381
0.608007496802 3.71126605651
0.608007496802 3.71126605651
0.794598526006 2.46316710344
0.794598526006 2.46316710344
0.677124423539 3.25624481719
0.677124423539 3.25624481719
0.323003859137 3.64560039357
0.323003859137 3.64560039357
0.188334311538 3.62724478669
0.188334311538 3.62724478669
0.0795810861095 3.86617137742
0.0795810861095 3.86617137742
0.873576325961 2.31493155503
0.873576325961 2.31493155503
0.297821193236 3.60435044215
0.297821193236 3.60435044215
0.809871768381 2.39997488797
0.809871768381 2.39997488797
0.670988310845 3.301689531
0.670988310845 3.301689531
0.20394891427 3.60456351444
0.20394891427 3.60456351444
0.0609494162166 3.90593308944
0.0609494162166 3.90593308944
0.63572194745 3.54706729048
0.63572194745 3.54706729048
0.980712255122 2.8419914463
0.980712255122 2.8419914463
0.182347271589 3.63729313727
0.182347271589 3.63729313727
0.0657005647799 3.89616717894
0.0657005647799 3.89616717894
0.675865700657 3.26561089984
0.675865700657 3.26561089984
0.34290143585 3.6879785777
0.34290143585 3.6879785777
0.34290143585 3.6879785777
0.34290143585 3.6879785777
0.234245738385 3.57743646368
0.234245738385 3.57743646368
0.845032806415 2.31506628928
0.845032806415 2.31506628928
0.684064643146 3.20426982744
0.684064643146 3.20426982744
0.456797163084 3.96265335274
0.456797163084 3.96265335274
0.58720426508 3.81259072665
0.58720426508 3.81259072665
0.495784536135 3.99960876396
0.495784536135 3.99960876396
0.187947653544 3.62787239292
0.187947653544 3.62787239292
0.953993902161 2.64519712077
0.953993902161 2.64519712077
0.953993902161 2.64519712077
0.196232521234 3.61510419563
0.196232521234 3.61510419563
0.0633053472322 3.90112558085
0.0633053472322 3.90112558085
0.986448815275 2.88790721999
0.986448815275 2.88790721999
0.197837916145 3.61280042971
0.197837916145 3.61280042971
0.970974693055 2.7667087786
0.970974693055 2.7667087786
0.245491954214 3.57370256025
0.245491954214 3.57370256025
0.245491954214 3.57370256025
0.0730656775876 3.88050267202
0.0730656775876 3.88050267202
0.788527274721 2.49221446321
0.788527274721 2.49221446321
0.480703408501 3.99207218873
0.480703408501 3.99207218873
0.178657354411 3.64382490863
0.178657354411 3.64382490863
0.0114950073704 3.98726208245
0.0114950073704 3.98726208245
0.401974452503 3.8403105966
0.401974452503 3.8403105966
0.601173748526 3.74678553647
0.601173748526 3.74678553647
0.709080055766 3.01496308785
0.709080055766 3.01496308785
0.774981396415 2.56430934621
0.774981396415 2.56430934621
0.588820984159 3.80545712235
0.588820984159 3.80545712235
0.438131429806 3.92760365127
0.438131429806 3.92760365127
0.360919156004 3.73186274035
0.360919156004 3.73186274035
0.360919156004 3.73186274035
0.360919156004 3.73186274035
0.0180960272074 3.978832617
0.0180960272074 3.978832617
0.0749765829864 3.87634260541
0.0749765829864 3.87634260541
0.388999516449 3.80585138423
0.388999516449 3.80585138423
0.193629443062 3.61895945484
0.193629443062 3.61895945484
0.0591321003094 3.90959278134
0.0591321003094 3.90959278134
0.0310192377083 3.96004093241
0.0310192377083 3.96004093241
0.0310192377083 3.96004093241
0.335544196258 3.67144699605
0.335544196258 3.67144699605
0.0541014995973 3.91949235508
0.0541014995973 3.91949235508
0.142239278712 3.71927434081
0.142239278712 3.71927434081
0.101567721706 3.81538917345
0.101567721706 3.81538917345
0.305242812151 3.61488582163
0.305242812151 3.61488582163
0.305242812151 3.61488582163
0.00415217759211 3.99568537525
0.00415217759211 3.99568537525
0.956711467208 2.66370335911
0.956711467208 2.66370335911
0.621528299336 3.63497801618
0.621528299336 3.63497801618
0.938697635379 2.54863277173
0.938697635379 2.54863277173
0.568367568722 3.88603712164
0.568367568722 3.88603712164
0.00804196367792 3.99134908939
0.00804196367792 3.99134908939
0.81001808518 2.3994415812
0.81001808518 2.3994415812
0.911261903207 2.4124057827
0.653942419984 3.42429260852
0.653942419984 3.42429260852
0.04063412951 3.944181921
0.04063412951 3.944181921
0.598877637619 3.75823908824
0.598877637619 3.75823908824
0.621217214158 3.63681861891
0.621217214158 3.63681861891
0.306969698206 3.617539516
0.306969698206 3.617539516
0.832101267795 2.3358535629
0.832101267795 2.3358535629
0.657843532494 3.39679713364
0.657843532494 3.39679713364
0.395322412847 3.82272162577
0.395322412847 3.82272162577
0.225950137046 3.58246060613
0.225950137046 3.58246060613
0.225950137046 3.58246060613
0.225950137046 3.58246060613
0.225950137046 3.58246060613
0.0527933578297 3.92200901659
0.0527933578297 3.92200901659
0.0698139221405 3.88749344143
0.0698139221405 3.88749344143
0.949250780166 2.61383686857
0.949250780166 2.61383686857
0.657143508148 3.40175836605
0.657143508148 3.40175836605
0.0656408384672 3.89629166557
0.0656408384672 3.89629166557
0.388410481309 3.80427612159
0.388410481309 3.80427612159
0.247352118367 3.57343357556
0.247352118367 3.57343357556
0.0922281615984 3.83732500266
0.0922281615984 3.83732500266
0.395157972524 3.82228426377
0.395157972524 3.82228426377
0.395157972524 3.82228426377
0.87089450767 2.31221373819
0.87089450767 2.31221373819
0.536805544486 3.9680260321
0.536805544486 3.9680260321
0.887711174626 2.33862919389
0.521409821329 3.9894210277
0.521409821329 3.9894210277
0.293536713277 3.59892855642
0.293536713277 3.59892855642
0.0276211246181 3.96526940092
0.0276211246181 3.96526940092
0.781013470255 2.53101658656
0.781013470255 2.53101658656
0.195440134151 3.61626218257
0.195440134151 3.61626218257
0.293755516447 3.59919348597
0.293755516447 3.59919348597
0.87167651445 2.312947494
0.87167651445 2.312947494
0.709319068222 3.01315988729
0.709319068222 3.01315988729
0.00388193598227 3.9959760697
0.00388193598227 3.9959760697
0.570636885004 3.87814724124
0.570636885004 3.87814724124
0.576336662724 3.85716317647
0.576336662724 3.85716317647
0.396909324988 3.82693699247
0.396909324988 3.82693699247
0.62536483302 3.61196390031
0.62536483302 3.61196390031
0.515969157218 3.99416716036
0.515969157218 3.99416716036
0.690671407718 3.15440111488
0.690671407718 3.15440111488
0.177444007154 3.64602656922
0.177444007154 3.64602656922
0.906155701011 2.39286584213
0.906155701011 2.39286584213
0.892854762739 2.35113284759
0.892854762739 2.35113284759
0.574918575751 3.86253934389
0.574918575751 3.86253934389
0.173595988137 3.65317808957
0.173595988137 3.65317808957
0.923257461939 2.46568636054
0.923257461939 2.46568636054
0.646221665282 3.47752939962
0.646221665282 3.47752939962
0.0305196935471 3.96082213627
0.0305196935471 3.96082213627
0.217639022921 3.58935680046
0.217639022921 3.58935680046
0.222752078089 3.58489755334
0.222752078089 3.58489755334
0.277743276508 3.58330687932
0.277743276508 3.58330687932
0.0381168328369 3.94848260893
0.0381168328369 3.94848260893
0.0381168328369 3.94848260893
0.611245058952 3.69370895582
0.611245058952 3.69370895582
0.386123669144 3.79815878306
0.386123669144 3.79815878306
0.860575639149 2.3070586465
0.860575639149 2.3070586465
0.119813087847 3.77186682362
0.119813087847 3.77186682362
0.826479556443 2.34876455379
0.826479556443 2.34876455379
0.353189625705 3.71252155881
0.353189625705 3.71252155881
0.234710199376 3.57721144688
0.234710199376 3.57721144688
0.234710199376 3.57721144688
0.234710199376 3.57721144688
0.175748184026 3.64914699304
0.175748184026 3.64914699304
0.818866798624 2.36986584401
0.818866798624 2.36986584401
0.818866798624 2.36986584401
0.235795894565 3.57670902555
0.235795894565 3.57670902555
0.235795894565 3.57670902555
0.235795894565 3.57670902555
0.0158715503777 3.98176313456
0.0158715503777 3.98176313456
0.285715401118 3.59032003845
0.285715401118 3.59032003845
0.727888541175 2.87503789198
0.727888541175 2.87503789198
0.979699678978 2.833999764
0.979699678978 2.833999764
0.361352782574 3.7329669646
0.361352782574 3.7329669646
0.677468719277 3.25367934022
0.677468719277 3.25367934022
0.782773954371 2.52165255811
0.782773954371 2.52165255811
0.41287243899 3.86844816575
0.41287243899 3.86844816575
0.456381213587 3.96197561616
0.127585856528 3.75338538381
0.127585856528 3.75338538381
0.79544935092 2.45926820859
0.79544935092 2.45926820859
0.42212224181 3.89130942334
0.42212224181 3.89130942334
0.0662678007475 3.89498277663
0.0662678007475 3.89498277663
0.301957741565 3.61004658505
0.301957741565 3.61004658505
0.301957741565 3.61004658505
0.301957741565 3.61004658505
0.301957741565 3.61004658505
0.976988903311 2.8127842149
0.976988903311 2.8127842149
0.460009939584 3.96771234722
0.460009939584 3.96771234722
0.0762370271233 3.87357849675
0.0762370271233 3.87357849675
0.889731908097 2.34329651998
0.889731908097 2.34329651998
0.889731908097 2.34329651998
0.433275288455 3.91711240936
0.433275288455 3.91711240936
0.433275288455 3.91711240936
0.668437937686 3.32040378725
0.668437937686 3.32040378725
0.150105285268 3.701614247
0.150105285268 3.701614247
0.103584642741 3.81060484817
0.103584642741 3.81060484817
0.103584642741 3.81060484817
0.0895477444101 3.84353452618
0.0895477444101 3.84353452618
0.976390502709 2.8081371024
0.976390502709 2.8081371024
0.805544498982 2.41638099533
0.805544498982 2.41638099533
0.0910780950685 3.839994759
0.0910780950685 3.839994759
0.0910780950685 3.839994759
0.0910780950685 3.839994759
0.589224399295 3.80365708923
0.589224399295 3.80365708923
0.4621358528 3.97088448786
0.4621358528 3.97088448786
0.818419315612 2.3712330179
0.818419315612 2.3712330179
0.81710787265 2.37531966165
0.81710787265 2.37531966165
0.89258268837 2.35042011346
0.89258268837 2.35042011346
0.638688439652 3.52778148624
0.638688439652 3.52778148624
0.522795984543 3.98798040022
0.522795984543 3.98798040022
0.878800532558 2.32185792868
0.878800532558 2.32185792868
0.0500143931276 3.92727350267
0.0500143931276 3.92727350267
0.976270768354 2.80720886693
0.976270768354 2.80720886693
0.354290549927 3.71523377179
0.354290549927 3.71523377179
0.303276562842 3.61195616073
0.303276562842 3.61195616073
0.0690723759212 3.88907144488
0.0690723759212 3.88907144488
0.645847917489 3.48006369191
0.645847917489 3.48006369191
0.748081848782 2.7325931857
0.748081848782 2.7325931857
0.23136483917 3.57896640763
0.23136483917 3.57896640763
0.63922489156 3.52426256758
0.63922489156 3.52426256758
0.42661967265 3.90197595913
0.42661967265 3.90197595913
0.357960037628 3.72437897044
0.357960037628 3.72437897044
0.269582390747 3.57801343678
0.269582390747 3.57801343678
0.269582390747 3.57801343678
0.992803600429 2.93991163793
0.992803600429 2.93991163793
0.671378102501 3.29881966132
0.671378102501 3.29881966132
0.675495527896 3.2683612917
0.675495527896 3.2683612917
0.185183241052 3.63244627825
0.185183241052 3.63244627825
0.2125751745 3.5944392347
0.2125751745 3.5944392347
0.917144068158 2.437261644
0.917144068158 2.437261644
0.865254260601 2.30835381348
0.865254260601 2.30835381348
0.541202657575 3.95970434334
0.541202657575 3.95970434334
0.868279122527 2.31011112152
0.868279122527 2.31011112152
0.0522899348035 3.92297101229
0.0522899348035 3.92297101229
0.988700289647 2.90620475929
0.988700289647 2.90620475929
0.308283197188 3.619607882
0.308283197188 3.619607882
0.665257649414 3.34357649614
0.665257649414 3.34357649614
0.510621730467 3.99744353774
0.510621730467 3.99744353774
0.228222934926 3.58089638752
0.228222934926 3.58089638752
0.950944649926 2.62489611491
0.950944649926 2.62489611491
0.327055922533 3.6536056878
0.327055922533 3.6536056878
0.327055922533 3.6536056878
0.856002060021 2.30745793662
0.856002060021 2.30745793662
0.861787627673 2.30722850888
0.861787627673 2.30722850888
0.447422622786 3.94618256134
0.447422622786 3.94618256134
0.176367553879 3.64800152548
0.176367553879 3.64800152548
0.176367553879 3.64800152548
0.849433015166 2.31089380666
0.849433015166 2.31089380666
0.676321099939 3.26222472331
0.676321099939 3.26222472331
0.171791426502 3.656617491
0.171791426502 3.656617491
0.235153601221 3.57700226464
0.235153601221 3.57700226464
0.235153601221 3.57700226464
0.964108394256 2.71594643154
0.964108394256 2.71594643154
0.875601633558 2.31736091462
0.875601633558 2.31736091462
0.355095273215 3.71722573326
0.355095273215 3.71722573326
0.342625350732 3.68734179377
0.342625350732 3.68734179377
0.968856445517 2.75082964343
0.968856445517 2.75082964343
0.731097912774 2.85172926952
0.731097912774 2.85172926952
0.456092329814 3.96150189883
0.456092329814 3.96150189883
0.778634694761 2.54392567971
0.778634694761 2.54392567971
0.842998576801 2.3174979847
0.842998576801 2.3174979847
0.955117689717 2.65280346363
0.0114290832125 3.98734219446
0.0114290832125 3.98734219446
0.456338178307 3.96190520256
0.456338178307 3.96190520256
0.314477695549 3.62993010094
0.314477695549 3.62993010094
0.230206036972 3.57964664659
0.230206036972 3.57964664659
0.230206036972 3.57964664659
0.921606091004 2.45775241689
0.921606091004 2.45775241689
0.765921322419 2.61761307642
0.765921322419 2.61761307642
0.681660089667 3.22233499648
0.681660089667 3.22233499648
0.747982732303 2.73326426273
0.747982732303 2.73326426273
0.716119854606 2.9620611707
0.716119854606 2.9620611707
0.891300498184 2.34713825899
0.891300498184 2.34713825899
0.0818137216046 3.86116968856
0.0818137216046 3.86116968856
0.0818137216046 3.86116968856
0.43486810106 3.92060799461
0.43486810106 3.92060799461
0.814287391731 2.38450885137
0.814287391731 2.38450885137
0.291564195651 3.59659892055
0.291564195651 3.59659892055
0.430099845255 3.90999361606
0.36051285347 3.73082979781
0.621811908551 3.63329661131
0.874260714681 2.31571621417
0.874260714681 2.31571621417
0.989500551002 2.91274316832
0.397539077087 3.82860690445
0.397539077087 3.82860690445
0.0926532610902 3.83633618116
0.0926532610902 3.83633618116
0.0926532610902 3.83633618116
0.725581988392 2.89191476332
0.725581988392 2.89191476332
0.800447365132 2.4372458083
0.800447365132 2.4372458083
0.488954586861 3.99735300893
0.488954586861 3.99735300893
0.241018105925 3.57475692993
0.241018105925 3.57475692993
0.0660405770132 3.89545768502
0.0660405770132 3.89545768502
0.997570762141 2.97959182318
0.997570762141 2.97959182318
0.813472987581 2.38726293066
0.813472987581 2.38726293066
0.392765940645 3.8159122019
0.392765940645 3.8159122019
0.229712524761 3.57994757616
0.229712524761 3.57994757616
0.684506264803 3.20094626491
0.684506264803 3.20094626491
0.350842002576 3.70678991605
0.350842002576 3.70678991605
0.774634406044 2.56627971226
0.774634406044 2.56627971226
0.519878869139 3.99090239583
0.519878869139 3.99090239583
0.617421497704 3.65896127273
0.617421497704 3.65896127273
0.386297738258 3.79862445305
0.386297738258 3.79862445305
0.28596377853 3.59056735934
0.28596377853 3.59056735934
0.28596377853 3.59056735934
0.104078255035 3.80943205005
0.104078255035 3.80943205005
0.65951110128 3.38493236666
0.65951110128 3.38493236666
0.281174118233 3.586104011
0.281174118233 3.586104011
0.171721841386 3.6567511796
0.171721841386 3.6567511796
0.930498136177 2.50265107632
0.930498136177 2.50265107632
0.150870964404 3.69992682998
0.150870964404 3.69992682998
0.643831639714 3.49366345545
0.643831639714 3.49366345545
0.0801778622841 3.86483871561
0.0801778622841 3.86483871561
0.891634266417 2.34798031877
0.891634266417 2.34798031877
0.448832126415 3.94881320999
0.448832126415 3.94881320999
0.287022051842 3.59164044998
0.287022051842 3.59164044998
0.225418864401 3.58284641912
0.225418864401 3.58284641912
0.175165228741 3.65023113187
0.175165228741 3.65023113187
0.841964656914 2.31885502066
0.841964656914 2.31885502066
0.721310351707 2.92341627642
0.721310351707 2.92341627642
0.256252960611 3.57353573052
0.256252960611 3.57353573052
0.256252960611 3.57353573052
0.256252960611 3.57353573052
0.982701999891 2.85779703191
0.982701999891 2.85779703191
0.533282463713 3.97397824781
0.533282463713 3.97397824781
0.902760022478 2.38094034408
0.902760022478 2.38094034408
0.0484162918182 3.93024949662
0.0484162918182 3.93024949662
0.140725243279 3.72273462859
0.140725243279 3.72273462859
0.0155691828584 3.98215444561
0.0155691828584 3.98215444561
0.138821182344 3.72711080704
0.138821182344 3.72711080704
0.845700624284 2.31433709197
0.845700624284 2.31433709197
0.770308955295 2.59132541421
0.770308955295 2.59132541421
0.146846248065 3.70886218962
0.146846248065 3.70886218962
0.146846248065 3.70886218962
0.146846248065 3.70886218962
0.146846248065 3.70886218962
0.146846248065 3.70886218962
0.762358753985 2.63957683394
0.762358753985 2.63957683394
0.484758723995 3.99500732096
0.484758723995 3.99500732096
0.244502863509 3.57388620458
0.244502863509 3.57388620458
0.702106035781 3.06772090802
0.702106035781 3.06772090802
0.244033986174 3.57398309218
0.244033986174 3.57398309218
0.1949015439 3.61705708441
0.1949015439 3.61705708441
0.979000744425 2.82850439379
0.979000744425 2.82850439379
0.271023698623 3.5788081523
0.271023698623 3.5788081523
0.271023698623 3.5788081523
0.947193433993 2.60061908631
0.947193433993 2.60061908631
0.755877163197 2.68086615544
0.755877163197 2.68086615544
0.400494022496 3.83641649155
0.400494022496 3.83641649155
0.707611158557 3.026053638
0.707611158557 3.026053638
0.405836637806 3.8503992596
0.405836637806 3.8503992596
0.0362355211539 3.95162877119
0.0362355211539 3.95162877119
0.299156269904 3.60613985477
0.299156269904 3.60613985477
0.936057684742 2.53336503247
0.936057684742 2.53336503247
0.936057684742 2.53336503247
0.606718859163 3.71812533644
0.606718859163 3.71812533644
0.370540962223 3.75675117067
0.370540962223 3.75675117067
0.370540962223 3.75675117067
0.26936882374 3.57790081632
0.26936882374 3.57790081632
0.926081721151 2.47968673041
0.926081721151 2.47968673041
0.0346466071019 3.95423998961
0.0346466071019 3.95423998961
0.510955218715 3.99727885712
0.0840709374056 3.85607011057
0.0840709374056 3.85607011057
0.35302578616 3.71211923037
0.35302578616 3.71211923037
0.0777011590604 3.87034832802
0.0777011590604 3.87034832802
0.0805999282228 3.86389429697
0.0805999282228 3.86389429697
0.920437619043 2.45225221512
0.920437619043 2.45225221512
0.284938880936 3.58955796794
0.284938880936 3.58955796794
0.273445400727 3.58027916357
0.273445400727 3.58027916357
0.273445400727 3.58027916357
0.832012377234 2.33603972378
0.832012377234 2.33603972378
0.454182763041 3.9583090545
0.454182763041 3.9583090545
0.77888555172 2.54255062462
0.77888555172 2.54255062462
0.0583602454606 3.91113398979
0.0583602454606 3.91113398979
0.248403237592 3.57332579408
0.248403237592 3.57332579408
0.027498101963 3.9654549022
0.027498101963 3.9654549022
0.0476867737081 3.93159529057
0.0476867737081 3.93159529057
0.152507551627 3.69634080792
0.152507551627 3.69634080792
0.615189752793 3.67170310246
0.615189752793 3.67170310246
0.663857611296 3.35371578211
0.663857611296 3.35371578211
0.746680297624 2.74211194343
0.746680297624 2.74211194343
0.295689529999 3.60159139184
0.295689529999 3.60159139184
0.819342541624 2.36842759225
0.819342541624 2.36842759225
0.140075971989 3.72422389218
0.140075971989 3.72422389218
0.12280129472 3.76474321587
0.12280129472 3.76474321587
0.862951259747 2.30750051766
0.862951259747 2.30750051766
0.900879182209 2.37470690267
0.528078585652 3.98161662396
0.528078585652 3.98161662396
0.997012301083 2.97491713868
0.997012301083 2.97491713868
0.935191333353 2.52844934492
0.935191333353 2.52844934492
0.918782104978 2.44462206076
0.918782104978 2.44462206076
0.775865895084 2.55931342125
0.775865895084 2.55931342125
0.350273258321 3.70541235589
0.350273258321 3.70541235589
0.0215585083719 3.97409122174
0.0215585083719 3.97409122174
0.0370433704586 3.95028497288
0.0370433704586 3.95028497288
0.615443452378 3.67026514939
0.615443452378 3.67026514939
0.478396322876 3.99011777924
0.478396322876 3.99011777924
0.221014742939 3.58633569776
0.221014742939 3.58633569776
0.207395521616 3.60030199734
0.207395521616 3.60030199734
0.207395521616 3.60030199734
0.798926153686 2.44378742494
0.798926153686 2.44378742494
0.794365680236 2.46424159794
0.794365680236 2.46424159794
0.733600420945 2.83370746754
0.733600420945 2.83370746754
0.797897391722 2.4482918298
0.797897391722 2.4482918298
0.0234889467077 3.9713534841
0.0234889467077 3.9713534841
0.451980165381 3.95449622918
0.451980165381 3.95449622918
0.374176462366 3.7663272255
0.374176462366 3.7663272255
0.348378369282 3.70085496303
0.348378369282 3.70085496303
0.770297223587 2.59139453981
0.770297223587 2.59139453981
0.51836545249 3.99225418704
0.51836545249 3.99225418704
0.239013909745 3.5754147591
0.239013909745 3.5754147591
0.987221956962 2.8941738677
0.987221956962 2.8941738677
0.360578509666 3.73099660295
0.360578509666 3.73099660295
0.647628241129 3.46795503304
0.647628241129 3.46795503304
0.653891721448 3.42464743286
0.653891721448 3.42464743286
0.58456622638 3.82395369027
0.58456622638 3.82395369027
0.97471864407 2.79522534705
0.97471864407 2.79522534705
0.0314035397481 3.95943701682
0.0314035397481 3.95943701682
0.651489871834 3.44138044232
0.651489871834 3.44138044232
0.867781832665 2.30977253796
0.867781832665 2.30977253796
0.850991408105 2.30977486083
0.850991408105 2.30977486083
0.52339759786 3.98732564358
0.52339759786 3.98732564358
0.392470340452 3.81512362485
0.392470340452 3.81512362485
0.392470340452 3.81512362485
0.316013775188 3.63263112191
0.316013775188 3.63263112191
0.0283829996572 3.96411467745
0.0283829996572 3.96411467745
0.0283829996572 3.96411467745
0.196948692815 3.61406943982
0.196948692815 3.61406943982
0.0199918468074 3.97626356367
0.0199918468074 3.97626356367
0.122827754512 3.76468022333
0.122827754512 3.76468022333
0.147732162108 3.70688175335
0.147732162108 3.70688175335
0.421689476713 3.89026617719
0.812313294214 2.39126187833
0.812313294214 2.39126187833
0.692223021369 3.14265356475
0.692223021369 3.14265356475
0.196419616884 3.61483278252
0.196419616884 3.61483278252
0.0961381958187 3.82819215077
0.0961381958187 3.82819215077
0.323722035417 3.64699390171
0.323722035417 3.64699390171
0.990365802804 2.91983233113
0.990365802804 2.91983233113
0.774939151045 2.56454892037
0.774939151045 2.56454892037
0.209468006137 3.59787707322
0.209468006137 3.59787707322
0.209468006137 3.59787707322
0.0863186539725 3.85095190256
0.0863186539725 3.85095190256
0.785060097856 2.50973877316
0.785060097856 2.50973877316
0.450242039329 3.9513917943
0.450242039329 3.9513917943
0.0031399623205 3.99676712893
0.0031399623205 3.99676712893
0.691952851309 3.14469976711
0.691952851309 3.14469976711
0.332358499525 3.66458796908
0.332358499525 3.66458796908
0.137979293493 3.72905398372
0.137979293493 3.72905398372
0.310621403603 3.62339515919
0.310621403603 3.62339515919
0.270254720929 3.57837663753
0.270254720929 3.57837663753
0.0738535081213 3.87879208183
0.0738535081213 3.87879208183
0.439518041822 3.93050574159
0.153281961922 3.69465406947
0.153281961922 3.69465406947
0.153281961922 3.69465406947
0.153281961922 3.69465406947
0.251064440557 3.57319608984
0.251064440557 3.57319608984
0.251064440557 3.57319608984
0.251064440557 3.57319608984
0.973815271118 2.7882934603
0.973815271118 2.7882934603
0.655911463735 3.41046146443
0.655911463735 3.41046146443
0.530856184943 3.97770996887
0.530856184943 3.97770996887
0.93246747532 2.51330406315
0.93246747532 2.51330406315
0.725360755153 2.89353865925
0.725360755153 2.89353865925
0.642210801439 3.50450589313
0.642210801439 3.50450589313
0.438976499132 3.92937745832
0.438976499132 3.92937745832
0.309540721302 3.62162808979
0.309540721302 3.62162808979
0.821192849582 2.36298406889
0.821192849582 2.36298406889
0.482865874971 3.99371770024
0.482865874971 3.99371770024
0.34515831163 3.69322923963
0.34515831163 3.69322923963
0.34515831163 3.69322923963
0.121349530076 3.76820186342
0.121349530076 3.76820186342
0.121349530076 3.76820186342
0.656306771924 3.40767305748
0.656306771924 3.40767305748
0.381659997969 3.78622564275
0.381659997969 3.78622564275
0.0494258209286 3.92837396935
0.0494258209286 3.92837396935
0.345092607092 3.69307525627
0.345092607092 3.69307525627
0.627806215418 3.59702231499
0.627806215418 3.59702231499
0.0681902821204 3.89094045025
0.0681902821204 3.89094045025
0.980646598167 2.84147217931
0.980646598167 2.84147217931
0.31604464906 3.63268597295
0.31604464906 3.63268597295
0.0336674047055 3.95582803154
0.0336674047055 3.95582803154
0.985649510159 2.88144727335
0.985649510159 2.88144727335
0.441257389604 3.93408425129
0.441257389604 3.93408425129
0.441257389604 3.93408425129
0.982950545186 2.85978059571
0.982950545186 2.85978059571
0.290336848141 3.59520299392
0.290336848141 3.59520299392
0.979029694163 2.82873166771
0.979029694163 2.82873166771
0.802526301368 2.42853802237
0.802526301368 2.42853802237
0.0649553413961 3.89771736729
0.0649553413961 3.89771736729
0.222132922049 3.58540091524
0.222132922049 3.58540091524
0.712656850459 2.98802601083
0.712656850459 2.98802601083
0.934668341811 2.52550478352
0.934668341811 2.52550478352
0.777775626213 2.54865880906
0.777775626213 2.54865880906
0.777775626213 2.54865880906
0.298044077366 3.6046459012
0.298044077366 3.6046459012
0.110135500991 3.79499472509
0.110135500991 3.79499472509
0.80334161519 2.42519701264
0.80334161519 2.42519701264
0.231785625189 3.57872857581
0.231785625189 3.57872857581
0.167010092029 3.66598069076
0.167010092029 3.66598069076
0.652155286541 3.4367599321
0.652155286541 3.4367599321
0.708005653661 3.02307370074
0.708005653661 3.02307370074
0.316689300536 3.63383630346
0.316689300536 3.63383630346
0.316689300536 3.63383630346
0.849263936543 2.31102652606
0.849263936543 2.31102652606
0.276168018171 3.58213542807
0.276168018171 3.58213542807
0.681345093658 3.22469736952
0.681345093658 3.22469736952
0.767270141333 2.60944027113
0.767270141333 2.60944027113
0.261375451444 3.57464221712
0.261375451444 3.57464221712
0.261375451444 3.57464221712
0.130119412499 3.747404207
0.130119412499 3.747404207
0.348469068794 3.70107195298
0.348469068794 3.70107195298
0.791076962974 2.47975703368
0.791076962974 2.47975703368
0.454134795932 3.95822749078
0.454134795932 3.95822749078
0.452625088176 3.95562681632
0.452625088176 3.95562681632
0.266675169768 3.57659438854
0.266675169768 3.57659438854
0.266675169768 3.57659438854
0.63903594727 3.52550304818
0.63903594727 3.52550304818
0.564915408548 3.89752879843
0.564915408548 3.89752879843
0.743493800861 2.76398203582
0.743493800861 2.76398203582
0.322511717913 3.64465188324
0.322511717913 3.64465188324
0.322511717913 3.64465188324
0.322511717913 3.64465188324
0.929044025451 2.49494751109
0.929044025451 2.49494751109
0.0298332563442 3.96188856277
0.0298332563442 3.96188856277
0.0298332563442 3.96188856277
0.734607659327 2.82649429917
0.734607659327 2.82649429917
0.284589124086 3.58922024554
0.284589124086 3.58922024554
0.293121239659 3.59842906662
0.775887450264 2.55919215105
0.775887450264 2.55919215105
0.204013793924 3.60448069279
0.204013793924 3.60448069279
0.204013793924 3.60448069279
0.204013793924 3.60448069279
0.204013793924 3.60448069279
0.173561119897 3.65324403881
0.173561119897 3.65324403881
0.52720552093 3.98276443041
0.719664989954 2.93562668448
0.719664989954 2.93562668448
0.165581737765 3.66884518059
0.165581737765 3.66884518059
0.124726901828 3.7601637021
0.124726901828 3.7601637021
0.248331834082 3.57333210338
0.248331834082 3.57333210338
0.212482692893 3.59453809213
0.212482692893 3.59453809213
0.748034530355 2.73291351949
0.748034530355 2.73291351949
0.254335565038 3.5733187794
0.254335565038 3.5733187794
0.173452514243 3.65344958318
0.173452514243 3.65344958318
0.990129028418 2.91789038414
0.990129028418 2.91789038414
0.344412889515 3.6914861923
0.344412889515 3.6914861923
0.344412889515 3.6914861923
0.342220540985 3.68641033226
0.342220540985 3.68641033226
0.135759834478 3.73419932389
0.135759834478 3.73419932389
0.282826431948 3.58757061069
0.282826431948 3.58757061069
0.933132785684 2.51695961734
0.933132785684 2.51695961734
0.221673067452 3.5857813462
0.221673067452 3.5857813462
0.221673067452 3.5857813462
0.221673067452 3.5857813462
0.679198148277 3.24077054643
0.679198148277 3.24077054643
0.45457347725 3.9589709607
0.45457347725 3.9589709607
0.137933721895 3.72915930681
0.137933721895 3.72915930681
0.137933721895 3.72915930681
0.137933721895 3.72915930681
0.137933721895 3.72915930681
0.215263414406 3.5916598102
0.215263414406 3.5916598102
0.216200235125 3.59073432628
0.216200235125 3.59073432628
0.805881050229 2.41506143834
0.805881050229 2.41506143834
0.0629063091549 3.90194478057
0.0629063091549 3.90194478057
0.419741566037 3.88553610859
0.419741566037 3.88553610859
0.773390020856 2.57339387841
0.773390020856 2.57339387841
0.857954262778 2.3070865937
0.857954262778 2.3070865937
0.399844285395 3.8347033033
0.399844285395 3.8347033033
0.399844285395 3.8347033033
0.691927051918 3.14489515109
0.691927051918 3.14489515109
0.428657702478 3.90669758915
0.428657702478 3.90669758915
0.635024886563 3.5515556716
0.635024886563 3.5515556716
0.332494291241 3.66487644265
0.332494291241 3.66487644265
0.0905344437669 3.84125395697
0.0905344437669 3.84125395697
0.0269339838776 3.96630210229
0.0269339838776 3.96630210229
0.0715855058689 3.88369892969
0.0715855058689 3.88369892969
0.741169762867 2.78012365886
0.741169762867 2.78012365886
0.971674894062 2.77199896342
0.971674894062 2.77199896342
0.0538922727201 3.91989650656
0.0538922727201 3.91989650656
0.176687018826 3.64741329827
0.176687018826 3.64741329827
0.854322803735 2.3080161374
0.854322803735 2.3080161374
0.375703433343 3.77037007073
0.375703433343 3.77037007073
0.768988518753 2.59914534938
0.768988518753 2.59914534938
0.890293344115 2.34464963825
0.890293344115 2.34464963825
0.362941833037 3.73702901408
0.362941833037 3.73702901408
0.362941833037 3.73702901408
0.157429827064 3.68573651816
0.157429827064 3.68573651816
0.157429827064 3.68573651816
0.295359336725 3.60117487474
0.295359336725 3.60117487474
0.191423922098 3.62233946563
0.191423922098 3.62233946563
0.191423922098 3.62233946563
0.207757508261 3.59987093342
0.207757508261 3.59987093342
0.907036876398 2.39610075715
0.907036876398 2.39610075715
0.578973835305 3.84689323148
0.578973835305 3.84689323148
0.374469939087 3.76710338137
0.374469939087 3.76710338137
0.374469939087 3.76710338137
0.374469939087 3.76710338137
0.374469939087 3.76710338137
0.0446445767668 3.9371199418
0.0446445767668 3.9371199418
0.151890436189 3.69768963766
0.151890436189 3.69768963766
0.781862529856 2.5264800569
0.781862529856 2.5264800569
0.617022271327 3.6612558539
0.617022271327 3.6612558539
0.148256246032 3.70571370083
0.148256246032 3.70571370083
0.835593583305 2.32900241835
0.835593583305 2.32900241835
0.468830396371 3.97991531281
0.468830396371 3.97991531281
0.630522381134 3.58013613675
0.630522381134 3.58013613675
0.856945959587 2.30724108042
0.856945959587 2.30724108042
0.856945959587 2.30724108042
0.0199312509976 3.97634669136
0.0199312509976 3.97634669136
0.180331231899 3.64083093056
0.180331231899 3.64083093056
0.732592602118 2.84094836295
0.732592602118 2.84094836295
0.29103387902 3.59599069705
0.29103387902 3.59599069705
0.684765282643 3.19899617838
0.684765282643 3.19899617838
0.307902937415 3.61900468009
0.307902937415 3.61900468009
0.687627050327 3.17741610521
0.687627050327 3.17741610521
0.617645966101 3.65766822534
0.617645966101 3.65766822534
0.361052860568 3.7322030186
0.361052860568 3.7322030186
0.0175229092439 3.97959632751
0.0175229092439 3.97959632751
0.810169106216 2.39889261245
0.810169106216 2.39889261245
0.361407814253 3.73310723466
0.361407814253 3.73310723466
0.0311649408224 3.95981226531
0.0311649408224 3.95981226531
0.788498101574 2.49235912807
0.788498101574 2.49235912807
0.281133747199 3.58606914658
0.281133747199 3.58606914658
0.281133747199 3.58606914658
0.281133747199 3.58606914658
0.0463296116777 3.93407746524
0.0463296116777 3.93407746524
0.0463296116777 3.93407746524
0.85383260021 2.30822064507
0.85383260021 2.30822064507
0.366124119261 3.74523247813
0.366124119261 3.74523247813
0.676908653115 3.25785182946
0.676908653115 3.25785182946
0.0712006687773 3.88452611143
0.0712006687773 3.88452611143
0.748901411946 2.72705657543
0.748901411946 2.72705657543
0.335740882325 3.67187663096
0.335740882325 3.67187663096
0.335740882325 3.67187663096
0.760456585181 2.65152106597
0.760456585181 2.65152106597
0.0874685033472 3.84831903362
0.0874685033472 3.84831903362
0.741694227768 2.77646741964
0.741694227768 2.77646741964
0.631774815081 3.57225871201
0.631774815081 3.57225871201
0.0934225898534 3.83454399831
0.0934225898534 3.83454399831
0.262922642824 3.57512729433
0.262922642824 3.57512729433
0.0690654979577 3.88908605223
0.0690654979577 3.88908605223
0.837853632988 2.32505297133
0.837853632988 2.32505297133
0.749202622852 2.72502729199
0.749202622852 2.72502729199
0.0184543496664 3.97835207794
0.0184543496664 3.97835207794
0.582197288621 3.83386247958
0.582197288621 3.83386247958
0.507064368833 3.99887652957
0.507064368833 3.99887652957
0.839482859971 2.32244384761
0.839482859971 2.32244384761
0.0172215659109 3.97999546836
0.0172215659109 3.97999546836
0.297863173783 3.60440599174
0.297863173783 3.60440599174
0.669196018746 3.31485280815
0.669196018746 3.31485280815
0.815008096904 2.38210913524
0.815008096904 2.38210913524
0.0708578385618 3.88526165173
0.0708578385618 3.88526165173
0.666648214212 3.33346772277
0.666648214212 3.33346772277
0.665182412041 3.34412236845
0.665182412041 3.34412236845
0.867047975798 2.30930860344
0.867047975798 2.30930860344
0.314103066909 3.62927973699
0.314103066909 3.62927973699
0.258463666221 3.57391915505
0.258463666221 3.57391915505
0.815834438771 2.37940120631
0.815834438771 2.37940120631
0.280148320629 3.58523250431
0.280148320629 3.58523250431
0.83854087375 2.32392800425
0.83854087375 2.32392800425
0.520333490223 3.99047448734
0.520333490223 3.99047448734
0.64596082262 3.47929854564
0.64596082262 3.47929854564
0.291764262587 3.59683037724
0.291764262587 3.59683037724
0.65361614372 3.42657496475
0.65361614372 3.42657496475
0.834837749842 2.33040841602
0.834837749842 2.33040841602
0.748325559686 2.7309444807
0.748325559686 2.7309444807
0.554846885722 3.92750680769
0.554846885722 3.92750680769
0.578114006263 3.85028044164
0.578114006263 3.85028044164
0.474669218269 3.98653715634
0.474669218269 3.98653715634
0.749102507634 2.72570144262
0.749102507634 2.72570144262
0.427324903631 3.90361806504
0.427324903631 3.90361806504
0.32330748049 3.64618817212
0.32330748049 3.64618817212
0.940147957086 2.55720298065
0.940147957086 2.55720298065
0.748689346425 2.72848708037
0.748689346425 2.72848708037
0.0323321446266 3.95796726727
0.0323321446266 3.95796726727
0.706628815451 3.03347816466
0.706628815451 3.03347816466
0.884880337483 2.33262635498
0.884880337483 2.33262635498
0.618526522693 3.65257571976
0.618526522693 3.65257571976
0.2687995899 3.5776071246
0.2687995899 3.5776071246
0.2687995899 3.5776071246
0.2687995899 3.5776071246
0.2687995899 3.5776071246
0.906890389004 2.39555899661
0.906890389004 2.39555899661
0.542699134331 3.95664487529
0.542699134331 3.95664487529
0.0906263148298 3.8410412968
0.0906263148298 3.8410412968
0.929050490242 2.49498145256
0.929050490242 2.49498145256
0.508141437032 3.99850484604
0.508141437032 3.99850484604
0.137255163025 3.7307292091
0.137255163025 3.7307292091
0.198436860834 3.61195559593
0.198436860834 3.61195559593
0.198436860834 3.61195559593
0.707826689864 3.02442543553
0.707826689864 3.02442543553
0.132160807183 3.74260577537
0.132160807183 3.74260577537
0.132160807183 3.74260577537
0.345784425802 3.69469988939
0.345784425802 3.69469988939
0.819692623364 2.36737930451
0.819692623364 2.36737930451
0.70396479368 3.05363800838
0.70396479368 3.05363800838
0.322146938695 3.64395222441
0.322146938695 3.64395222441
0.119536717848 3.77252648633
0.119536717848 3.77252648633
0.20926661651 3.59810811755
0.20926661651 3.59810811755
0.21013539353 3.59711852688
0.21013539353 3.59711852688
0.21013539353 3.59711852688
0.754457188194 2.69012774171
0.754457188194 2.69012774171
0.228242685876 3.58088340998
0.228242685876 3.58088340998
0.228242685876 3.58088340998
0.228242685876 3.58088340998
0.134130881241 3.73799511873
0.134130881241 3.73799511873
0.134130881241 3.73799511873
0.688609385458 3.16999550252
0.688609385458 3.16999550252
0.203203989618 3.60552151669
0.203203989618 3.60552151669
0.203203989618 3.60552151669
0.0420069937319 3.9417932272
0.0420069937319 3.9417932272
0.834335493497 2.33136622852
0.834335493497 2.33136622852
0.0376968025622 3.94919011447
0.0376968025622 3.94919011447
0.0565807426628 3.91465676455
0.0565807426628 3.91465676455
0.430014326741 3.90979923321
0.430014326741 3.90979923321
0.889420579984 2.34255673932
0.889420579984 2.34255673932
0.737790291572 2.80386471677
0.737790291572 2.80386471677
0.81624072147 2.37808692601
0.81624072147 2.37808692601
0.529567196228 3.97957126772
0.529567196228 3.97957126772
0.518635518314 3.99202114158
0.518635518314 3.99202114158
0.377049683086 3.77394297223
0.377049683086 3.77394297223
0.166397092852 3.66720635135
0.166397092852 3.66720635135
0.830106203026 2.34017151811
0.830106203026 2.34017151811
0.195256719706 3.61653217516
0.195256719706 3.61653217516
0.195256719706 3.61653217516
0.848693679283 2.31149046691
0.848693679283 2.31149046691
0.148275722875 3.70567034299
0.148275722875 3.70567034299
0.00267905765427 3.9972533046
0.00267905765427 3.9972533046
0.735760603151 2.81826745043
0.735760603151 2.81826745043
0.316786578815 3.6340107209
0.316786578815 3.6340107209
0.679333275191 3.23976043059
0.679333275191 3.23976043059
0.28691148586 3.59152687413
0.28691148586 3.59152687413
0.139191478952 3.72625768476
0.139191478952 3.72625768476
0.802159699016 2.43005393573
0.802159699016 2.43005393573
0.399227926581 3.83307595045
0.399227926581 3.83307595045
0.172297275423 3.65564799813
0.172297275423 3.65564799813
0.764743069287 2.62481730266
0.764743069287 2.62481730266
0.766621689254 2.61335940568
0.766621689254 2.61335940568
0.213287140142 3.5936853673
0.213287140142 3.5936853673
0.83054757241 2.33919110123
0.83054757241 2.33919110123
0.176061146299 3.64856737132
0.176061146299 3.64856737132
0.750738745022 2.71472562985
0.750738745022 2.71472562985
0.780846431746 2.53191351343
0.780846431746 2.53191351343
0.338167709664 3.67723486929
0.338167709664 3.67723486929
0.843589577418 2.31675890195
0.843589577418 2.31675890195
0.18739262202 3.62877854908
0.18739262202 3.62877854908
0.227897432396 3.5811117945
0.227897432396 3.5811117945
0.227897432396 3.5811117945
0.269893866909 3.57818006599
0.269893866909 3.57818006599
0.269893866909 3.57818006599
0.269893866909 3.57818006599
0.269893866909 3.57818006599
0.269893866909 3.57818006599
0.765130948101 2.62243906535
0.765130948101 2.62243906535
0.68758524256 3.177731788
0.68758524256 3.177731788
0.594795014701 3.77799230516
0.594795014701 3.77799230516
0.110010522035 3.79529324531
0.110010522035 3.79529324531
0.112759412718 3.78872403792
0.112759412718 3.78872403792
0.265763161605 3.5762000012
0.265763161605 3.5762000012
0.265763161605 3.5762000012
0.265763161605 3.5762000012
0.0938980690145 3.83343468418
0.0938980690145 3.83343468418
0.643620781213 3.49507856797
0.643620781213 3.49507856797
0.00283547240158 3.99708876231
0.00283547240158 3.99708876231
0.758000423497 2.66715895146
0.758000423497 2.66715895146
0.747084105072 2.73936299261
0.747084105072 2.73936299261
0.0701581273806 3.88675889244
0.0701581273806 3.88675889244
0.0701581273806 3.88675889244
0.908724656405 2.40245701192
0.908724656405 2.40245701192
0.226843521814 3.58182902406
0.226843521814 3.58182902406
0.727437482537 2.87833035743
0.727437482537 2.87833035743
0.469307968965 3.98050195596
0.469307968965 3.98050195596
0.949712222542 2.61683394385
0.949712222542 2.61683394385
0.574905331015 3.86258907278
0.574905331015 3.86258907278
0.168295164706 3.6634294927
0.168295164706 3.6634294927
0.760494971814 2.65127857097
0.760494971814 2.65127857097
0.77605744092 2.55823658146
0.77605744092 2.55823658146
0.0789692907545 3.8675342609
0.0789692907545 3.8675342609
0.962113078304 2.70159376034
0.962113078304 2.70159376034
0.214711007407 3.59221602338
0.214711007407 3.59221602338
0.000841594652595 3.99915173002
0.000841594652595 3.99915173002
0.88676759671 2.33655876065
0.88676759671 2.33655876065
0.82609189606 2.34973939519
0.82609189606 2.34973939519
0.207577890951 3.60008443086
0.207577890951 3.60008443086
0.207577890951 3.60008443086
0.106050719572 3.80473908071
0.106050719572 3.80473908071
0.164517391156 3.67099896921
0.164517391156 3.67099896921
0.122186635789 3.76620699273
0.122186635789 3.76620699273
0.617715225932 3.65726883438
0.617715225932 3.65726883438
0.476970545729 3.98880908777
0.476970545729 3.98880908777
0.398859435368 3.83210206566
0.398859435368 3.83210206566
0.767265672148 2.60946721846
0.767265672148 2.60946721846
0.747610022341 2.73579058151
0.747610022341 2.73579058151
0.569167813568 3.88328519344
0.569167813568 3.88328519344
0.232820669414 3.57816443648
0.232820669414 3.57816443648
0.232820669414 3.57816443648
0.944260894024 2.58219471566
0.944260894024 2.58219471566
0.230431938575 3.57951113333
0.230431938575 3.57951113333
0.109110857696 3.79744157337
0.109110857696 3.79744157337
0.879978305584 2.32371692633
0.879978305584 2.32371692633
0.864510477943 2.30803245346
0.864510477943 2.30803245346
0.0795608216825 3.86621657413
0.0795608216825 3.86621657413
0.596408212767 3.77028141815
0.596408212767 3.77028141815
0.372455471636 3.7617847038
0.372455471636 3.7617847038
0.372455471636 3.7617847038
0.676667274249 3.25964885227
0.676667274249 3.25964885227
0.23832731746 3.57566634865
0.23832731746 3.57566634865
0.23832731746 3.57566634865
0.23832731746 3.57566634865
0.0117717251221 3.98692492795
0.0117717251221 3.98692492795
0.852959121322 2.30863152658
0.852959121322 2.30863152658
0.852959121322 2.30863152658
0.137920194145 3.72919057425
0.137920194145 3.72919057425
0.137920194145 3.72919057425
0.709693836358 3.01033333789
0.709693836358 3.01033333789
0.632911764647 3.56505877885
0.632911764647 3.56505877885
0.426940620283 3.90272434231
0.426940620283 3.90272434231
0.739410581322 2.79244353773
0.739410581322 2.79244353773
0.0615548902993 3.90470428793
0.0615548902993 3.90470428793
0.311802881204 3.6253594809
0.311802881204 3.6253594809
0.913615288908 2.42205212962
0.913615288908 2.42205212962
0.0577651002746 3.91231692146
0.0577651002746 3.91231692146
0.856081621596 2.3074369641
0.856081621596 2.3074369641
0.845014074218 2.31508723649
0.845014074218 2.31508723649
0.0753007651171 3.8756331873
0.0753007651171 3.8756331873
0.845956544863 2.31406672488
0.845956544863 2.31406672488
0.392546497592 3.81532681124
0.392546497592 3.81532681124
0.0240102240766 3.97060273004
0.0240102240766 3.97060273004
0.719331648244 2.93810518522
0.719331648244 2.93810518522
0.6179977821 3.65563740556
0.6179977821 3.65563740556
0.531764211102 3.97634834535
0.531764211102 3.97634834535
0.57435912682 3.86463205086
0.57435912682 3.86463205086
0.688577759115 3.17023450098
0.688577759115 3.17023450098
0.829528166411 2.34147705645
0.829528166411 2.34147705645
0.278368993381 3.58379194973
0.278368993381 3.58379194973
0.278368993381 3.58379194973
0.226562098763 3.58202564598
0.226562098763 3.58202564598
0.128036358462 3.75231993585
0.128036358462 3.75231993585
0.128036358462 3.75231993585
0.0399495805429 3.94536165027
0.0399495805429 3.94536165027
0.636484182105 3.54214018938
0.636484182105 3.54214018938
0.0333225076335 3.95638350475
0.0333225076335 3.95638350475
0.323817350704 3.64717967664
0.323817350704 3.64717967664
0.323817350704 3.64717967664
0.323817350704 3.64717967664
0.259674963115 3.57418982914
0.259674963115 3.57418982914
0.179142289902 3.64295231988
0.179142289902 3.64295231988
0.781458444778 2.52863437257
0.781458444778 2.52863437257
0.47601610179 3.98789057686
0.47601610179 3.98789057686
0.707850497536 3.02424560158
0.707850497536 3.02424560158
0.521216667551 3.98961426323
0.521216667551 3.98961426323
0.869452194226 2.31098729349
0.869452194226 2.31098729349
0.849764686462 2.31063989006
0.849764686462 2.31063989006
0.708758491242 3.01738973522
0.708758491242 3.01738973522
0.261616953816 3.57471332291
0.261616953816 3.57471332291
0.703057435766 3.06051121698
0.703057435766 3.06051121698
0.0573292284949 3.91318025186
0.0573292284949 3.91318025186
0.898720221622 2.3678812799
0.898720221622 2.3678812799
0.423131796707 3.893731971
0.423131796707 3.893731971
0.247129842241 3.57346046116
0.247129842241 3.57346046116
0.247129842241 3.57346046116
0.730542982117 2.85574426456
0.730542982117 2.85574426456
0.431015632798 3.91206657838
0.431015632798 3.91206657838
0.669537787326 3.31234694887
0.669537787326 3.31234694887
0.9887797169 2.90685291001
0.9887797169 2.90685291001
0.857649323197 2.30712490078
0.857649323197 2.30712490078
0.250081530741 3.57322005634
0.250081530741 3.57322005634
0.895683492068 2.3588809026
0.895683492068 2.3588809026
0.056770397573 3.9142833606
0.056770397573 3.9142833606
0.933238561072 2.51754341786
0.933238561072 2.51754341786
0.16802683446 3.66396013714
0.16802683446 3.66396013714
0.0946908621373 3.83158231955
0.0946908621373 3.83158231955
0.109316968062 3.7969494929
0.109316968062 3.7969494929
0.847424435599 2.3126132924
0.847424435599 2.3126132924
0.847424435599 2.3126132924
0.54843702109 3.94383852629
0.54843702109 3.94383852629
0.635614894865 3.54775768958
0.635614894865 3.54775768958
0.8964429203 2.36106565092
0.8964429203 2.36106565092
0.764071484859 2.62895028142
0.764071484859 2.62895028142
0.305860804056 3.61582686896
0.305860804056 3.61582686896
0.232065006476 3.57857337465
0.232065006476 3.57857337465
0.0250672158809 3.96906551878
0.0250672158809 3.96906551878
0.681894124038 3.22057915869
0.681894124038 3.22057915869
0.554389107172 3.92874421244
0.554389107172 3.92874421244
0.35854567462 3.72585270342
0.35854567462 3.72585270342
0.35854567462 3.72585270342
0.669209255128 3.31475579627
0.669209255128 3.31475579627
0.112197827176 3.79006654229
0.112197827176 3.79006654229
0.638492092612 3.52906707814
0.638492092612 3.52906707814
0.762145836928 2.64090642313
0.762145836928 2.64090642313
0.0486996845316 3.92972454205
0.0486996845316 3.92972454205
0.20907385077 3.598330198
0.20907385077 3.598330198
0.20907385077 3.598330198
0.7607638955 2.6495814008
0.7607638955 2.6495814008
0.118858654269 3.77414541347
0.118858654269 3.77414541347
0.118858654269 3.77414541347
0.118858654269 3.77414541347
0.118858654269 3.77414541347
0.239564216561 3.57522276072
0.239564216561 3.57522276072
0.239564216561 3.57522276072
0.725790266651 2.89038676266
0.725790266651 2.89038676266
0.224019809967 3.58389875152
0.224019809967 3.58389875152
0.224019809967 3.58389875152
0.224019809967 3.58389875152
0.115434748005 3.78232752346
0.115434748005 3.78232752346
0.00913316182681 3.99008164414
0.00913316182681 3.99008164414
0.236300511163 3.57648676861
0.236300511163 3.57648676861
0.923123115208 2.46503390189
0.923123115208 2.46503390189
0.728528229319 2.87037534881
0.728528229319 2.87037534881
0.434833344528 3.92053227263
0.434833344528 3.92053227263
0.644811799492 3.48706760513
0.644811799492 3.48706760513
0.798134838896 2.44724644543
0.798134838896 2.44724644543
0.384321685405 3.79333885706
0.384321685405 3.79333885706
0.0869720910807 3.84945686676
0.0869720910807 3.84945686676
0.334422746291 3.66901087064
0.334422746291 3.66901087064
0.334422746291 3.66901087064
0.12243059269 3.7656259176
0.12243059269 3.7656259176
0.044000103232 3.93827193282
0.044000103232 3.93827193282
0.140597369974 3.72302768777
0.140597369974 3.72302768777
0.140597369974 3.72302768777
0.0626414088082 3.90248750469
0.0626414088082 3.90248750469
0.608724629855 3.70741686076
0.608724629855 3.70741686076
0.220878055697 3.58645223028
0.220878055697 3.58645223028
0.220878055697 3.58645223028
0.184073131482 3.63432517423
0.184073131482 3.63432517423
0.963006324464 2.70799596191
0.963006324464 2.70799596191
0.0718428867933 3.88314481748
0.0718428867933 3.88314481748
0.243260212962 3.57415678876
0.243260212962 3.57415678876
0.52982132442 3.97921094434
0.52982132442 3.97921094434
0.107194724724 3.80201303959
0.107194724724 3.80201303959
0.0550381105701 3.91767561042
0.0550381105701 3.91767561042
0.0550381105701 3.91767561042
0.0717806724742 3.88327882297
0.0717806724742 3.88327882297
0.83322214878 2.33355615991
0.83322214878 2.33355615991
0.542880669754 3.95626586019
0.542880669754 3.95626586019
0.469016119179 3.98014438654
0.469016119179 3.98014438654
0.348644060588 3.70149093541
0.348644060588 3.70149093541
0.0911555337349 3.83981524658
0.0911555337349 3.83981524658
0.00656729189003 3.99302648331
0.00656729189003 3.99302648331
0.745826909291 2.7479383888
0.745826909291 2.7479383888
0.212623439888 3.59438772689
0.212623439888 3.59438772689
0.834208095781 2.33161215918
0.834208095781 2.33161215918
0.968190970983 2.74588047062
0.903992411113 2.3851688663
0.862947288971 2.3074994079
0.862947288971 2.3074994079
0.1139311316 3.78592260468
0.1139311316 3.78592260468
0.216634833026 3.59031261856
0.216634833026 3.59031261856
0.0152790740923 3.98252830676
0.0152790740923 3.98252830676
0.453358385481 3.95689811137
0.453358385481 3.95689811137
0.564860363347 3.89770703116
0.564860363347 3.89770703116
0.549609781783 3.94101046164
0.549609781783 3.94101046164
0.0679158903559 3.89152002783
0.0679158903559 3.89152002783
0.416132285571 3.87663198247
0.416132285571 3.87663198247
0.295221492368 3.60100185886
0.295221492368 3.60100185886
0.988247582579 2.90251392482
0.988247582579 2.90251392482
0.576659198098 3.85592609191
0.576659198098 3.85592609191
0.95480019294 2.65064779463
0.95480019294 2.65064779463
0.322140331167 3.64393957761
0.322140331167 3.64393957761
0.911803332854 2.41458954633
0.911803332854 2.41458954633
0.606149746551 3.72113102886
0.606149746551 3.72113102886
0.198991846015 3.61117994105
0.198991846015 3.61117994105
0.198991846015 3.61117994105
0.725237112358 2.89444660219
0.725237112358 2.89444660219
0.455071959761 3.95980902656
0.455071959761 3.95980902656
0.302884193178 3.6113833571
0.302884193178 3.6113833571
0.974658340264 2.79476162448
0.974658340264 2.79476162448
0.906413699153 2.3938070312
0.906413699153 2.3938070312
0.560821217456 3.91035580703
0.560821217456 3.91035580703
0.735095489131 2.82300945158
0.735095489131 2.82300945158
0.720306360847 2.93086230947
0.720306360847 2.93086230947
0.412277207587 3.86694055843
0.412277207587 3.86694055843
0.812862900389 2.38935540622
0.812862900389 2.38935540622
0.517122363534 3.99328122156
0.517122363534 3.99328122156
0.737319542442 2.80719584729
0.737319542442 2.80719584729
0.207938935213 3.5996560778
0.207938935213 3.5996560778
0.8802124576 2.32409953408
0.8802124576 2.32409953408
0.19025976655 3.62416470606
0.19025976655 3.62416470606
0.1614098568 3.67737834696
0.1614098568 3.67737834696
