0.195226535872 0.390385081124 0.466787565446 0.735326892432
0.0943500320679 0.0983657068139 0.381341663458 0.525817096949
0.278324380119 0.770375007112 0.432471102485 0.315605382752
0.0790341741666 0.01597634524 1.13393870875 0.0919288177952
0.0552050062427 0.309299244011 0.439628912231 0.204048821091
0.121592378792 0.011566133526 0.158364543446 0.704265261738
0.427818449469 0.135675735819 0.392781148863 0.481491509725
0.700225023737 0.350838507554 0.407474592556 0.21100056473
0.124073097217 0.300339910805 0.611134729193 0.1094942139
0.0624914313659 0.0204141666215 0.507587187715 0.589005957793
0.159651475154 0.362056367072 0.326645183103 0.470999399682
0.590599250897 0.00669105505873 0.0548278455538 0.562177686142
0.0202908709997 0.00276694324859 0.0363992536736 0.665933152016
0.243539837862 0.084071470562 0.80396946044 0.171147330087
0.242234214725 0.6849134981 0.280322124215 0.263099449899
0.259757864224 0.215821670181 0.55588961245 0.197560592755
0.287525080465 0.244507713017 0.429844363265 0.0813341900088
0.712143699177 0.193298046842 0.158311544196 0.175726238294
0.417390896478 0.478509471164 0.0917021673744 0.0608965413163
0.012701313058 0.208334630386 0.509957180216 0.26027542808
0.054365429412 0.111589501033 0.246900195915 0.582902031468
0.626963443146 0.0567748258202 0.0840324177304 0.448852333451
0.468272098937 0.459663757735 0.513799482487 0.0794643448784
0.048397251744 0.0734476770737 0.675931828463 0.580689296258
0.190201284752 0.272367638035 0.470129339841 0.450361626775
0.568908069422 0.224611153734 0.662536335262 0.343463449341
0.0144475832832 0.224952615953 0.0123283673881 0.756599151059
0.37350205053 0.160956501044 0.314742463515 0.344820104116
0.0539053959159 0.018946753367 0.706614326423 0.338464749712
0.0622068538838 0.107937390069 0.237563923456 0.707897465409
0.0419559404151 0.0168118968198 0.0312431363215 0.553872054178
0.0180361991974 0.0242621316539 0.729685181783 0.570866082264
0.43407056198 0.546331341251 0.268840835772 0.429579010737
0.0348542957978 0.0258719855027 0.00764212944903 0.761737338524
0.422384963468 0.455402612616 0.545660459066 0.176471175657
0.692565522144 0.188585318551 0.0741332354254 0.382521158827
0.00279393889143 0.184136244932 0.37114725794 0.424668061652
0.00156861317981 0.00528894161824 0.0187434702973 0.675942510994
0.0956094902057 0.909963910766 0.451113657369 0.286387288054
0.237243980046 0.336644645118 0.484996611325 0.379634257198
0.637430927304 0.0892759140911 0.192645675807 0.310219273505
0.0245096370925 0.0171778148197 0.032343873862 0.835399460175
0.310867282231 0.155877103774 0.443558269166 0.556992645797
0.482095518094 0.185593180193 0.395557403418 0.150570649256
0.0810250073314 0.0791375988928 0.0150965764358 0.674324565026
0.0320132063494 0.322424244389 0.800793497168 0.0793622115776
0.0336205296977 0.129802970921 0.367772662189 0.633794111875
0.295223696049 0.212336773624 0.320329581822 0.416494733068
0.00613689409793 0.000900834112468 0.00572919416503 0.696749234622
0.0540858103902 0.247420463349 0.22329616781 0.660121424752
0.0943500320679 0.0983657068139 0.381341663458 0.525817096949
0.0943500320679 0.0983657068139 0.381341663458 0.525817096949
0.0943500320679 0.0983657068139 0.381341663458 0.525817096949
0.0943500320679 0.0983657068139 0.381341663458 0.525817096949
0.0943500320679 0.0983657068139 0.381341663458 0.525817096949
0.0943500320679 0.0983657068139 0.381341663458 0.525817096949
0.0943500320679 0.0983657068139 0.381341663458 0.525817096949
0.0943500320679 0.0983657068139 0.381341663458 0.525817096949
0.0943500320679 0.0983657068139 0.381341663458 0.525817096949
0.0943500320679 0.0983657068139 0.381341663458 0.525817096949
0.0943500320679 0.0983657068139 0.381341663458 0.525817096949
0.0943500320679 0.0983657068139 0.381341663458 0.525817096949
0.0943500320679 0.0983657068139 0.381341663458 0.525817096949
0.0943500320679 0.0983657068139 0.381341663458 0.525817096949
0.0943500320679 0.0983657068139 0.381341663458 0.525817096949
0.10406183915 0.108497136157 0.420593905614 0.579955551666
0.0943500320679 0.0983657068139 0.381341663458 0.525817096949
0.0943500320679 0.0983657068139 0.381341663458 0.525817096949
0.0943500320679 0.0983657068139 0.381341663458 0.525817096949
0.0943500320679 0.0983657068139 0.381341663458 0.525817096949
0.0943500320679 0.0983657068139 0.381341663458 0.525817096949
0.0943500320679 0.0983657068139 0.381341663458 0.525817096949
0.0943500320679 0.0983657068139 0.381341663458 0.525817096949
0.0943500320679 0.0983657068139 0.381341663458 0.525817096949
0.0943500320679 0.0983657068139 0.381341663458 0.525817096949
0.0943500320679 0.0983657068139 0.381341663458 0.525817096949
0.0943500320679 0.0983657068139 0.381341663458 0.525817096949
0.0943500320679 0.0983657068139 0.381341663458 0.525817096949
0.0935100753082 0.0974894576782 0.377946807501 0.521134759191
0.0943500320679 0.0983657068139 0.381341663458 0.525817096949
0.0943500320679 0.0983657068139 0.381341663458 0.525817096949
0.0943500320679 0.0983657068139 0.381341663458 0.525817096949
0.0943500320679 0.0983657068139 0.381341663458 0.525817096949
0.0943500320679 0.0983657068139 0.381341663458 0.525817096949
0.0943500320679 0.0983657068139 0.381341663458 0.525817096949
0.0943500320679 0.0983657068139 0.381341663458 0.525817096949
0.0943500320679 0.0983657068139 0.381341663458 0.525817096949
0.0943500320679 0.0983657068139 0.381341663458 0.525817096949
0.0943500320679 0.0983657068139 0.381341663458 0.525817096949
0.0943500320679 0.0983657068139 0.381341663458 0.525817096949
0.0943500320679 0.0983657068139 0.381341663458 0.525817096949
0.0943500320679 0.0983657068139 0.381341663458 0.525817096949
0.0943500320679 0.0983657068139 0.381341663458 0.525817096949
0.0943500320679 0.0983657068139 0.381341663458 0.525817096949
0.0943500320679 0.0983657068139 0.381341663458 0.525817096949
0.0943500320679 0.0983657068139 0.381341663458 0.525817096949
0.0943500320679 0.0983657068139 0.381341663458 0.525817096949
0.0943500320679 0.0983657068139 0.381341663458 0.525817096949
0.0943500320679 0.0983657068139 0.381341663458 0.525817096949
0.0943500320679 0.0983657068139 0.381341663458 0.525817096949
0.0943500320679 0.0983657068139 0.381341663458 0.525817096949
0.0943500320679 0.0983657068139 0.381341663458 0.525817096949
0.0943500320679 0.0983657068139 0.381341663458 0.525817096949
0.0943500320679 0.0983657068139 0.381341663458 0.525817096949
0.0943500320679 0.0983657068139 0.381341663458 0.525817096949
0.0943500320679 0.0983657068139 0.381341663458 0.525817096949
0.0935525933693 0.0975338128356 0.378118652886 0.521371776062
0.0943500320679 0.0983657068139 0.381341663458 0.525817096949
0.0943500320679 0.0983657068139 0.381341663458 0.525817096949
0.0943500320679 0.0983657068139 0.381341663458 0.525817096949
0.0943500320679 0.0983657068139 0.381341663458 0.525817096949
0.0943500320679 0.0983657068139 0.381341663458 0.525817096949
0.0943500320679 0.0983657068139 0.381341663458 0.525817096949
0.0943500320679 0.0983657068139 0.381341663458 0.525817096949
0.0943500320679 0.0983657068139 0.381341663458 0.525817096949
0.0943500320679 0.0983657068139 0.381341663458 0.525817096949
0.0943500320679 0.0983657068139 0.381341663458 0.525817096949
0.0943500320679 0.0983657068139 0.381341663458 0.525817096949
0.0943500320679 0.0983657068139 0.381341663458 0.525817096949
0.0943500320679 0.0983657068139 0.381341663458 0.525817096949
0.0943500320679 0.0983657068139 0.381341663458 0.525817096949
0.0943500320679 0.0983657068139 0.381341663458 0.525817096949
0.0943500320679 0.0983657068139 0.381341663458 0.525817096949
0.0943500320679 0.0983657068139 0.381341663458 0.525817096949
0.0943500320679 0.0983657068139 0.381341663458 0.525817096949
0.0943500320679 0.0983657068139 0.381341663458 0.525817096949
0.0943500320679 0.0983657068139 0.381341663458 0.525817096949
0.0943500320679 0.0983657068139 0.381341663458 0.525817096949
0.0943500320679 0.0983657068139 0.381341663458 0.525817096949
0.0943500320679 0.0983657068139 0.381341663458 0.525817096949
0.0943500320679 0.0983657068139 0.381341663458 0.525817096949
0.0943500320679 0.0983657068139 0.381341663458 0.525817096949
0.0943500320679 0.0983657068139 0.381341663458 0.525817096949
0.0943500320679 0.0983657068139 0.381341663458 0.525817096949
0.0943500320679 0.0983657068139 0.381341663458 0.525817096949
0.0943500320679 0.0983657068139 0.381341663458 0.525817096949
0.0833468499359 0.0868871054192 0.336870066577 0.464479873857
0.0943500320679 0.0983657068139 0.381341663458 0.525817096949
0.0943500320679 0.0983657068139 0.381341663458 0.525817096949
0.0943500320679 0.0983657068139 0.381341663458 0.525817096949
0.0943500320679 0.0983657068139 0.381341663458 0.525817096949
0.0943500320679 0.0983657068139 0.381341663458 0.525817096949
0.0943500320679 0.0983657068139 0.381341663458 0.525817096949
0.0943500320679 0.0983657068139 0.381341663458 0.525817096949
0.0943500320679 0.0983657068139 0.381341663458 0.525817096949
0.0943500320679 0.0983657068139 0.381341663458 0.525817096949
0.0943500320679 0.0983657068139 0.381341663458 0.525817096949
0.0943500320679 0.0983657068139 0.381341663458 0.525817096949
0.0943500320679 0.0983657068139 0.381341663458 0.525817096949
0.0943500320679 0.0983657068139 0.381341663458 0.525817096949
0.0943500320679 0.0983657068139 0.381341663458 0.525817096949
0.0943500320679 0.0983657068139 0.381341663458 0.525817096949
0.0943500320679 0.0983657068139 0.381341663458 0.525817096949
0.0943500320679 0.0983657068139 0.381341663458 0.525817096949
0.0943500320679 0.0983657068139 0.381341663458 0.525817096949
0.0943500320679 0.0983657068139 0.381341663458 0.525817096949
0.0943500320679 0.0983657068139 0.381341663458 0.525817096949
0.0943500320679 0.0983657068139 0.381341663458 0.525817096949
0.0943500320679 0.0983657068139 0.381341663458 0.525817096949
0.0943500320679 0.0983657068139 0.381341663458 0.525817096949
0.0943500320679 0.0983657068139 0.381341663458 0.525817096949
0.0943500320679 0.0983657068139 0.381341663458 0.525817096949
0.0943500320679 0.0983657068139 0.381341663458 0.525817096949
0.0943500320679 0.0983657068139 0.381341663458 0.525817096949
0.0943500320679 0.0983657068139 0.381341663458 0.525817096949
0.0943500320679 0.0983657068139 0.381341663458 0.525817096949
0.0943500320679 0.0983657068139 0.381341663458 0.525817096949
0.0943500320679 0.0983657068139 0.381341663458 0.525817096949
0.0943500320679 0.0983657068139 0.381341663458 0.525817096949
0.0943500320679 0.0983657068139 0.381341663458 0.525817096949
0.0943500320679 0.0983657068139 0.381341663458 0.525817096949
0.0943500320679 0.0983657068139 0.381341663458 0.525817096949
0.0943500320679 0.0983657068139 0.381341663458 0.525817096949
0.0943500320679 0.0983657068139 0.381341663458 0.525817096949
0.0943500320679 0.0983657068139 0.381341663458 0.525817096949
0.0943500320679 0.0983657068139 0.381341663458 0.525817096949
0.0943500320679 0.0983657068139 0.381341663458 0.525817096949
0.0951893563418 0.0992412961358 0.384733963096 0.530495908916
0.0943500320679 0.0983657068139 0.381341663458 0.525817096949
0.0950228641996 0.0990676102954 0.384061051266 0.529567798707
0.0943500320679 0.0983657068139 0.381341663458 0.525817096949
0.0943500320679 0.0983657068139 0.381341663458 0.525817096949
0.0943500320679 0.0983657068139 0.381341663458 0.525817096949
0.0943500320679 0.0983657068139 0.381341663458 0.525817096949
0.0943500320679 0.0983657068139 0.381341663458 0.525817096949
0.0943500320679 0.0983657068139 0.381341663458 0.525817096949
0.0943500320679 0.0983657068139 0.381341663458 0.525817096949
0.0943500320679 0.0983657068139 0.381341663458 0.525817096949
0.0943500320679 0.0983657068139 0.381341663458 0.525817096949
0.0943500320679 0.0983657068139 0.381341663458 0.525817096949
0.0943500320679 0.0983657068139 0.381341663458 0.525817096949
0.0943500320679 0.0983657068139 0.381341663458 0.525817096949
0.0943500320679 0.0983657068139 0.381341663458 0.525817096949
0.0943500320679 0.0983657068139 0.381341663458 0.525817096949
0.0943500320679 0.0983657068139 0.381341663458 0.525817096949
0.0943500320679 0.0983657068139 0.381341663458 0.525817096949
0.0943500320679 0.0983657068139 0.381341663458 0.525817096949
0.0943500320679 0.0983657068139 0.381341663458 0.525817096949
0.0943500320679 0.0983657068139 0.381341663458 0.525817096949
0.0943500320679 0.0983657068139 0.381341663458 0.525817096949
0.0943500320679 0.0983657068139 0.381341663458 0.525817096949
0.0943500320679 0.0983657068139 0.381341663458 0.525817096949
0.0943500320679 0.0983657068139 0.381341663458 0.525817096949
0.0943500320679 0.0983657068139 0.381341663458 0.525817096949
0.0943500320679 0.0983657068139 0.381341663458 0.525817096949
0.0943500320679 0.0983657068139 0.381341663458 0.525817096949
0.0943500320679 0.0983657068139 0.381341663458 0.525817096949
0.0943500320679 0.0983657068139 0.381341663458 0.525817096949
0.0943500320679 0.0983657068139 0.381341663458 0.525817096949
0.0943500320679 0.0983657068139 0.381341663458 0.525817096949
0.0943500320679 0.0983657068139 0.381341663458 0.525817096949
0.0943500320679 0.0983657068139 0.381341663458 0.525817096949
0.0943500320679 0.0983657068139 0.381341663458 0.525817096949
0.0943500320679 0.0983657068139 0.381341663458 0.525817096949
0.0943500320679 0.0983657068139 0.381341663458 0.525817096949
0.0943500320679 0.0983657068139 0.381341663458 0.525817096949
0.0943500320679 0.0983657068139 0.381341663458 0.525817096949
0.0943500320679 0.0983657068139 0.381341663458 0.525817096949
0.0949313694754 0.0989721623189 0.383691256742 0.529057761497
0.0943500320679 0.0983657068139 0.381341663458 0.525817096949
0.0943500320679 0.0983657068139 0.381341663458 0.525817096949
0.0943500320679 0.0983657068139 0.381341663458 0.525817096949
0.0943500320679 0.0983657068139 0.381341663458 0.525817096949
0.0943500320679 0.0983657068139 0.381341663458 0.525817096949
0.0943500320679 0.0983657068139 0.381341663458 0.525817096949
0.0943500320679 0.0983657068139 0.381341663458 0.525817096949
0.0943500320679 0.0983657068139 0.381341663458 0.525817096949
0.0943500320679 0.0983657068139 0.381341663458 0.525817096949
0.0943500320679 0.0983657068139 0.381341663458 0.525817096949
0.0943500320679 0.0983657068139 0.381341663458 0.525817096949
0.0943500320679 0.0983657068139 0.381341663458 0.525817096949
0.0943500320679 0.0983657068139 0.381341663458 0.525817096949
0.0943500320679 0.0983657068139 0.381341663458 0.525817096949
0.0943500320679 0.0983657068139 0.381341663458 0.525817096949
0.0943500320679 0.0983657068139 0.381341663458 0.525817096949
0.0943500320679 0.0983657068139 0.381341663458 0.525817096949
0.0943500320679 0.0983657068139 0.381341663458 0.525817096949
0.0943500320679 0.0983657068139 0.381341663458 0.525817096949
0.0943500320679 0.0983657068139 0.381341663458 0.525817096949
0.0943500320679 0.0983657068139 0.381341663458 0.525817096949
0.0943500320679 0.0983657068139 0.381341663458 0.525817096949
0.0943500320679 0.0983657068139 0.381341663458 0.525817096949
0.0943500320679 0.0983657068139 0.381341663458 0.525817096949
0.0943500320679 0.0983657068139 0.381341663458 0.525817096949
0.0943500320679 0.0983657068139 0.381341663458 0.525817096949
0.0943500320679 0.0983657068139 0.381341663458 0.525817096949
0.0943500320679 0.0983657068139 0.381341663458 0.525817096949
0.0943500320679 0.0983657068139 0.381341663458 0.525817096949
0.0943500320679 0.0983657068139 0.381341663458 0.525817096949
0.0943500320679 0.0983657068139 0.381341663458 0.525817096949
0.0943500320679 0.0983657068139 0.381341663458 0.525817096949
0.0943500320679 0.0983657068139 0.381341663458 0.525817096949
0.0943500320679 0.0983657068139 0.381341663458 0.525817096949
0.0943500320679 0.0983657068139 0.381341663458 0.525817096949
0.0943500320679 0.0983657068139 0.381341663458 0.525817096949
0.0943500320679 0.0983657068139 0.381341663458 0.525817096949
0.0943500320679 0.0983657068139 0.381341663458 0.525817096949
0.0943500320679 0.0983657068139 0.381341663458 0.525817096949
0.0943500320679 0.0983657068139 0.381341663458 0.525817096949
0.0943500320679 0.0983657068139 0.381341663458 0.525817096949
0.0943500320679 0.0983657068139 0.381341663458 0.525817096949
0.0943500320679 0.0983657068139 0.381341663458 0.525817096949
0.0943500320679 0.0983657068139 0.381341663458 0.525817096949
0.0943500320679 0.0983657068139 0.381341663458 0.525817096949
0.0943500320679 0.0983657068139 0.381341663458 0.525817096949
0.0943500320679 0.0983657068139 0.381341663458 0.525817096949
0.0943500320679 0.0983657068139 0.381341663458 0.525817096949
0.0943500320679 0.0983657068139 0.381341663458 0.525817096949
0.0943500320679 0.0983657068139 0.381341663458 0.525817096949
0.0943500320679 0.0983657068139 0.381341663458 0.525817096949
0.0943500320679 0.0983657068139 0.381341663458 0.525817096949
0.0943500320679 0.0983657068139 0.381341663458 0.525817096949
0.0937328580723 0.0977218663138 0.37884722932 0.522376661391
0.0943500320679 0.0983657068139 0.381341663458 0.525817096949
0.0943500320679 0.0983657068139 0.381341663458 0.525817096949
0.0943500320679 0.0983657068139 0.381341663458 0.525817096949
0.0943500320679 0.0983657068139 0.381341663458 0.525817096949
0.0943500320679 0.0983657068139 0.381341663458 0.525817096949
0.0943500320679 0.0983657068139 0.381341663458 0.525817096949
0.0943500320679 0.0983657068139 0.381341663458 0.525817096949
0.0943500320679 0.0983657068139 0.381341663458 0.525817096949
0.0943500320679 0.0983657068139 0.381341663458 0.525817096949
0.0943500320679 0.0983657068139 0.381341663458 0.525817096949
0.0943500320679 0.0983657068139 0.381341663458 0.525817096949
0.0943500320679 0.0983657068139 0.381341663458 0.525817096949
0.0943500320679 0.0983657068139 0.381341663458 0.525817096949
0.0943500320679 0.0983657068139 0.381341663458 0.525817096949
0.0923721853724 0.0963024024384 0.37334779406 0.514791593367
0.0943500320679 0.0983657068139 0.381341663458 0.525817096949
0.0943500320679 0.0983657068139 0.381341663458 0.525817096949
0.0943500320679 0.0983657068139 0.381341663458 0.525817096949
0.0943500320679 0.0983657068139 0.381341663458 0.525817096949
0.0943500320679 0.0983657068139 0.381341663458 0.525817096949
0.0943500320679 0.0983657068139 0.381341663458 0.525817096949
0.0943500320679 0.0983657068139 0.381341663458 0.525817096949
0.0943500320679 0.0983657068139 0.381341663458 0.525817096949
0.0943500320679 0.0983657068139 0.381341663458 0.525817096949
0.0943500320679 0.0983657068139 0.381341663458 0.525817096949
0.0943500320679 0.0983657068139 0.381341663458 0.525817096949
0.0894933235955 0.0932991524321 0.361712289086 0.4987433825
0.0943500320679 0.0983657068139 0.381341663458 0.525817096949
0.0943500320679 0.0983657068139 0.381341663458 0.525817096949
0.0943500320679 0.0983657068139 0.381341663458 0.525817096949
0.0943500320679 0.0983657068139 0.381341663458 0.525817096949
0.0943500320679 0.0983657068139 0.381341663458 0.525817096949
0.0943500320679 0.0983657068139 0.381341663458 0.525817096949
0.0943500320679 0.0983657068139 0.381341663458 0.525817096949
0.0943500320679 0.0983657068139 0.381341663458 0.525817096949
0.0943500320679 0.0983657068139 0.381341663458 0.525817096949
0.0943500320679 0.0983657068139 0.381341663458 0.525817096949
0.0943500320679 0.0983657068139 0.381341663458 0.525817096949
0.0943500320679 0.0983657068139 0.381341663458 0.525817096949
0.0943500320679 0.0983657068139 0.381341663458 0.525817096949
0.0943500320679 0.0983657068139 0.381341663458 0.525817096949
0.0943500320679 0.0983657068139 0.381341663458 0.525817096949
0.0943500320679 0.0983657068139 0.381341663458 0.525817096949
0.0943500320679 0.0983657068139 0.381341663458 0.525817096949
0.0943500320679 0.0983657068139 0.381341663458 0.525817096949
0.0943500320679 0.0983657068139 0.381341663458 0.525817096949
0.0943500320679 0.0983657068139 0.381341663458 0.525817096949
0.0943500320679 0.0983657068139 0.381341663458 0.525817096949
0.0943500320679 0.0983657068139 0.381341663458 0.525817096949
0.0943500320679 0.0983657068139 0.381341663458 0.525817096949
0.0943500320679 0.0983657068139 0.381341663458 0.525817096949
0.0894095768055 0.0932117871583 0.361373809414 0.49827653614
0.0963708907646 0.100473881629 0.389509374602 0.537082370869
0.101603233119 0.105932300069 0.410656949654 0.566250055859
0.0943500320679 0.0983657068139 0.381341663458 0.525817096949
0.0943500320679 0.0983657068139 0.381341663458 0.525817096949
0.0943500320679 0.0983657068139 0.381341663458 0.525817096949
0.0943500320679 0.0983657068139 0.381341663458 0.525817096949
0.0943500320679 0.0983657068139 0.381341663458 0.525817096949
0.0943500320679 0.0983657068139 0.381341663458 0.525817096949
0.0943500320679 0.0983657068139 0.381341663458 0.525817096949
0.0955778988484 0.099646626567 0.386304336605 0.532661838565
0.0943500320679 0.0983657068139 0.381341663458 0.525817096949
0.0943500320679 0.0983657068139 0.381341663458 0.525817096949
0.0943500320679 0.0983657068139 0.381341663458 0.525817096949
0.0943500320679 0.0983657068139 0.381341663458 0.525817096949
0.0943500320679 0.0983657068139 0.381341663458 0.525817096949
0.0943500320679 0.0983657068139 0.381341663458 0.525817096949
0.0943500320679 0.0983657068139 0.381341663458 0.525817096949
0.0943500320679 0.0983657068139 0.381341663458 0.525817096949
0.0943500320679 0.0983657068139 0.381341663458 0.525817096949
0.0943500320679 0.0983657068139 0.381341663458 0.525817096949
0.0943500320679 0.0983657068139 0.381341663458 0.525817096949
0.0943500320679 0.0983657068139 0.381341663458 0.525817096949
0.0943500320679 0.0983657068139 0.381341663458 0.525817096949
0.0943500320679 0.0983657068139 0.381341663458 0.525817096949
0.0943500320679 0.0983657068139 0.381341663458 0.525817096949
0.0943500320679 0.0983657068139 0.381341663458 0.525817096949
0.0943500320679 0.0983657068139 0.381341663458 0.525817096949
0.0943500320679 0.0983657068139 0.381341663458 0.525817096949
0.0943500320679 0.0983657068139 0.381341663458 0.525817096949
0.0943500320679 0.0983657068139 0.381341663458 0.525817096949
0.0943500320679 0.0983657068139 0.381341663458 0.525817096949
0.0943500320679 0.0983657068139 0.381341663458 0.525817096949
0.0943500320679 0.0983657068139 0.381341663458 0.525817096949
0.0943500320679 0.0983657068139 0.381341663458 0.525817096949
0.0943500320679 0.0983657068139 0.381341663458 0.525817096949
0.0943500320679 0.0983657068139 0.381341663458 0.525817096949
0.0943500320679 0.0983657068139 0.381341663458 0.525817096949
0.0943500320679 0.0983657068139 0.381341663458 0.525817096949
0.0943500320679 0.0983657068139 0.381341663458 0.525817096949
0.0943500320679 0.0983657068139 0.381341663458 0.525817096949
0.0943500320679 0.0983657068139 0.381341663458 0.525817096949
0.0943500320679 0.0983657068139 0.381341663458 0.525817096949
0.0943500320679 0.0983657068139 0.381341663458 0.525817096949
0.0943500320679 0.0983657068139 0.381341663458 0.525817096949
0.0943500320679 0.0983657068139 0.381341663458 0.525817096949
0.0943500320679 0.0983657068139 0.381341663458 0.525817096949
0.0943500320679 0.0983657068139 0.381341663458 0.525817096949
0.0943500320679 0.0983657068139 0.381341663458 0.525817096949
0.0943500320679 0.0983657068139 0.381341663458 0.525817096949
0.0943500320679 0.0983657068139 0.381341663458 0.525817096949
0.0907168592004 0.0945755538705 0.366657456906 0.505563979984
0.0943500320679 0.0983657068139 0.381341663458 0.525817096949
0.0943500320679 0.0983657068139 0.381341663458 0.525817096949
0.0943500320679 0.0983657068139 0.381341663458 0.525817096949
0.0943500320679 0.0983657068139 0.381341663458 0.525817096949
0.0943500320679 0.0983657068139 0.381341663458 0.525817096949
0.0943500320679 0.0983657068139 0.381341663458 0.525817096949
0.0943500320679 0.0983657068139 0.381341663458 0.525817096949
0.0943500320679 0.0983657068139 0.381341663458 0.525817096949
0.0943500320679 0.0983657068139 0.381341663458 0.525817096949
0.0943500320679 0.0983657068139 0.381341663458 0.525817096949
0.104932766133 0.109405693659 0.424113934024 0.58481053289
0.0943500320679 0.0983657068139 0.381341663458 0.525817096949
0.0943500320679 0.0983657068139 0.381341663458 0.525817096949
0.0943500320679 0.0983657068139 0.381341663458 0.525817096949
0.0943500320679 0.0983657068139 0.381341663458 0.525817096949
0.0943500320679 0.0983657068139 0.381341663458 0.525817096949
0.0943500320679 0.0983657068139 0.381341663458 0.525817096949
0.0943500320679 0.0983657068139 0.381341663458 0.525817096949
0.0921587556434 0.0960797509586 0.372485174432 0.513601829648
0.0943500320679 0.0983657068139 0.381341663458 0.525817096949
0.0943500320679 0.0983657068139 0.381341663458 0.525817096949
0.0943500320679 0.0983657068139 0.381341663458 0.525817096949
0.0943500320679 0.0983657068139 0.381341663458 0.525817096949
0.0943500320679 0.0983657068139 0.381341663458 0.525817096949
0.0943500320679 0.0983657068139 0.381341663458 0.525817096949
0.0943500320679 0.0983657068139 0.381341663458 0.525817096949
0.0943500320679 0.0983657068139 0.381341663458 0.525817096949
0.0943500320679 0.0983657068139 0.381341663458 0.525817096949
0.0943500320679 0.0983657068139 0.381341663458 0.525817096949
0.0943500320679 0.0983657068139 0.381341663458 0.525817096949
0.0943500320679 0.0983657068139 0.381341663458 0.525817096949
0.0943500320679 0.0983657068139 0.381341663458 0.525817096949
0.0943500320679 0.0983657068139 0.381341663458 0.525817096949
0.0943500320679 0.0983657068139 0.381341663458 0.525817096949
0.0943500320679 0.0983657068139 0.381341663458 0.525817096949
0.0943500320679 0.0983657068139 0.381341663458 0.525817096949
0.0943500320679 0.0983657068139 0.381341663458 0.525817096949
0.0943500320679 0.0983657068139 0.381341663458 0.525817096949
0.0943500320679 0.0983657068139 0.381341663458 0.525817096949
0.0943500320679 0.0983657068139 0.381341663458 0.525817096949
0.0943500320679 0.0983657068139 0.381341663458 0.525817096949
0.0943500320679 0.0983657068139 0.381341663458 0.525817096949
0.0943500320679 0.0983657068139 0.381341663458 0.525817096949
0.0943500320679 0.0983657068139 0.381341663458 0.525817096949
0.0943500320679 0.0983657068139 0.381341663458 0.525817096949
0.0943500320679 0.0983657068139 0.381341663458 0.525817096949
0.0943500320679 0.0983657068139 0.381341663458 0.525817096949
0.0943500320679 0.0983657068139 0.381341663458 0.525817096949
0.0943500320679 0.0983657068139 0.381341663458 0.525817096949
0.0943500320679 0.0983657068139 0.381341663458 0.525817096949
0.0943500320679 0.0983657068139 0.381341663458 0.525817096949
0.0943500320679 0.0983657068139 0.381341663458 0.525817096949
0.0943500320679 0.0983657068139 0.381341663458 0.525817096949
0.0943500320679 0.0983657068139 0.381341663458 0.525817096949
0.0943500320679 0.0983657068139 0.381341663458 0.525817096949
0.0943500320679 0.0983657068139 0.381341663458 0.525817096949
0.0943500320679 0.0983657068139 0.381341663458 0.525817096949
0.0943500320679 0.0983657068139 0.381341663458 0.525817096949
0.0943500320679 0.0983657068139 0.381341663458 0.525817096949
0.0943500320679 0.0983657068139 0.381341663458 0.525817096949
0.0943500320679 0.0983657068139 0.381341663458 0.525817096949
0.0943500320679 0.0983657068139 0.381341663458 0.525817096949
0.0943500320679 0.0983657068139 0.381341663458 0.525817096949
0.0943500320679 0.0983657068139 0.381341663458 0.525817096949
0.0943500320679 0.0983657068139 0.381341663458 0.525817096949
0.0943500320679 0.0983657068139 0.381341663458 0.525817096949
0.0943500320679 0.0983657068139 0.381341663458 0.525817096949
0.0943500320679 0.0983657068139 0.381341663458 0.525817096949
0.0943500320679 0.0983657068139 0.381341663458 0.525817096949
0.0943500320679 0.0983657068139 0.381341663458 0.525817096949
0.0943500320679 0.0983657068139 0.381341663458 0.525817096949
0.0943500320679 0.0983657068139 0.381341663458 0.525817096949
0.0943500320679 0.0983657068139 0.381341663458 0.525817096949
0.0943500320679 0.0983657068139 0.381341663458 0.525817096949
0.0943500320679 0.0983657068139 0.381341663458 0.525817096949
0.0943500320679 0.0983657068139 0.381341663458 0.525817096949
0.0943500320679 0.0983657068139 0.381341663458 0.525817096949
0.0969690562942 0.101097892356 0.391926982161 0.540416843761
0.0943500320679 0.0983657068139 0.381341663458 0.525817096949
0.0943500320679 0.0983657068139 0.381341663458 0.525817096949
0.0943500320679 0.0983657068139 0.381341663458 0.525817096949
0.0943500320679 0.0983657068139 0.381341663458 0.525817096949
0.0943500320679 0.0983657068139 0.381341663458 0.525817096949
0.0943500320679 0.0983657068139 0.381341663458 0.525817096949
0.0943500320679 0.0983657068139 0.381341663458 0.525817096949
0.0943500320679 0.0983657068139 0.381341663458 0.525817096949
0.0943500320679 0.0983657068139 0.381341663458 0.525817096949
0.0943500320679 0.0983657068139 0.381341663458 0.525817096949
0.0943500320679 0.0983657068139 0.381341663458 0.525817096949
0.0943500320679 0.0983657068139 0.381341663458 0.525817096949
0.0943500320679 0.0983657068139 0.381341663458 0.525817096949
0.0943500320679 0.0983657068139 0.381341663458 0.525817096949
0.0943500320679 0.0983657068139 0.381341663458 0.525817096949
0.0943500320679 0.0983657068139 0.381341663458 0.525817096949
0.0943500320679 0.0983657068139 0.381341663458 0.525817096949
0.0943500320679 0.0983657068139 0.381341663458 0.525817096949
0.0943500320679 0.0983657068139 0.381341663458 0.525817096949
0.0943500320679 0.0983657068139 0.381341663458 0.525817096949
0.0943500320679 0.0983657068139 0.381341663458 0.525817096949
0.0943500320679 0.0983657068139 0.381341663458 0.525817096949
0.0943500320679 0.0983657068139 0.381341663458 0.525817096949
0.0943500320679 0.0983657068139 0.381341663458 0.525817096949
0.0951122023285 0.0991608084955 0.384422129471 0.530065813979
0.0943500320679 0.0983657068139 0.381341663458 0.525817096949
0.0943500320679 0.0983657068139 0.381341663458 0.525817096949
0.0943500320679 0.0983657068139 0.381341663458 0.525817096949
0.0943500320679 0.0983657068139 0.381341663458 0.525817096949
0.0943500320679 0.0983657068139 0.381341663458 0.525817096949
0.0943500320679 0.0983657068139 0.381341663458 0.525817096949
0.0943500320679 0.0983657068139 0.381341663458 0.525817096949
0.0943500320679 0.0983657068139 0.381341663458 0.525817096949
0.0943500320679 0.0983657068139 0.381341663458 0.525817096949
0.0943500320679 0.0983657068139 0.381341663458 0.525817096949
0.0943500320679 0.0983657068139 0.381341663458 0.525817096949
0.0943500320679 0.0983657068139 0.381341663458 0.525817096949
0.0943500320679 0.0983657068139 0.381341663458 0.525817096949
0.0943500320679 0.0983657068139 0.381341663458 0.525817096949
0.0943500320679 0.0983657068139 0.381341663458 0.525817096949
0.0943500320679 0.0983657068139 0.381341663458 0.525817096949
0.0943500320679 0.0983657068139 0.381341663458 0.525817096949
0.0943500320679 0.0983657068139 0.381341663458 0.525817096949
0.0943500320679 0.0983657068139 0.381341663458 0.525817096949
0.0943500320679 0.0983657068139 0.381341663458 0.525817096949
0.0943500320679 0.0983657068139 0.381341663458 0.525817096949
