0.117388411422 0.0347763292695 0.751845031915 0.505569525199
0.623827884896 0.868898954197 0.772193592331 0.436169938014
0.163701973586 0.414932532976 0.0709313765208 0.673694557985
0.634127552816 0.140344385986 0.656147907453 0.484600655797
0.383262499743 0.684088748663 0.254170199966 0.436821837302
0.429926154767 0.519776233781 0.694135403503 0.635803735458
0.390108334786 0.206160413847 0.353151527755 0.64020001341
0.453726644783 0.177186892934 0.209878000262 0.38015874808
0.495098341133 0.837254368016 0.0940542726598 0.355554041785
0.989878706583 0.362662450451 0.794050611323 0.440019272258
0.63415907327 0.422018492061 0.414548079984 0.40899591448
0.0820159772767 0.684380377409 0.349833245383 0.283474986196
0.217713987878 0.910044201942 0.225060715743 0.40133303805
0.134271474988 0.585453135757 0.871791279666 0.277391688193
0.202249150084 0.987308689003 0.169098017267 0.36998106415
0.483156919627 0.0589116662368 0.537728290476 0.641235786459
0.341652922171 0.995608326001 0.695236830893 0.295100005771
0.648370130267 0.579487323527 0.447912664344 0.124264407795
0.45547177488 0.337182972726 0.314570863308 0.531414119703
0.156053338816 0.674857943783 0.583799749501 0.521515507258
0.372689841785 0.39986993029 0.133021632972 0.421040773848
0.478139553701 0.793328476798 0.953892639268 0.269822347303
0.340957617444 0.589992832464 0.312301894079 0.288714057739
0.429406953284 0.650242985977 0.57211973627 0.358470434431
0.595565018297 0.585426197178 0.931943556163 0.424176043277
0.0990199501944 0.902331544858 0.0122178350589 0.588949090967
0.924197798708 0.248520438851 0.215908196108 0.68957361982
0.440001125182 0.90999538624 0.151194273976 0.23440819768
0.479561570993 0.0423756511743 0.976406667766 0.853020231569
0.621525539153 0.378916422352 0.166148305049 0.510529389286
0.350536371783 0.688736068363 0.755664023511 0.636274034143
0.606021217686 0.933204353794 0.86166168795 0.552081237702
0.135475378934 0.809473143581 0.700913711574 0.928621412045
0.855114436839 0.371308361025 0.326428557637 0.504523972291
0.915715907095 0.361380919425 0.695820646621 0.762158855183
0.785511436944 0.971446975489 0.638611353053 0.427602619143
0.641447246904 0.214165219482 0.243356335405 0.529464210354
0.653471380707 0.624219337885 0.34709843225 0.487401505167
0.287823603029 0.98200843928 0.382416286566 0.398304228611
0.207761419467 0.57434995664 0.194619533831 0.164090403188
0.36775851815 0.254513617236 0.103112032562 0.565519668464
0.458969215432 0.000160670386004 0.566558293096 0.479255489364
0.542205604449 0.402513343519 0.177049107139 0.268634814754
0.138198465762 0.00394890902733 0.411025351502 0.466648380593
0.366989911399 0.559676151845 0.668850059256 0.709530745812
0.785845412603 0.384085279531 0.250737825799 0.745424108529
0.367150663978 0.660775288796 0.987491045961 0.603197510597
0.470270291256 0.433962194054 0.193539365588 0.408733996765
0.633623059226 0.244352664426 0.965157966147 0.470130287333
0.0689904315448 0.200732593326 0.932554072022 0.561939533657
0.117388411422 0.0347763292695 0.751845031915 0.505569525199
0.117388411422 0.0347763292695 0.751845031915 0.505569525199
0.117388411422 0.0347763292695 0.751845031915 0.505569525199
0.117388411422 0.0347763292695 0.751845031915 0.505569525199
0.117388411422 0.0347763292695 0.751845031915 0.505569525199
0.117388411422 0.0347763292695 0.751845031915 0.505569525199
0.117388411422 0.0347763292695 0.751845031915 0.505569525199
0.117388411422 0.0347763292695 0.751845031915 0.505569525199
0.117388411422 0.0347763292695 0.751845031915 0.505569525199
0.117388411422 0.0347763292695 0.751845031915 0.505569525199
0.117388411422 0.0347763292695 0.751845031915 0.505569525199
0.117388411422 0.0347763292695 0.751845031915 0.505569525199
0.117388411422 0.0347763292695 0.751845031915 0.505569525199
0.117388411422 0.0347763292695 0.751845031915 0.505569525199
0.117388411422 0.0347763292695 0.751845031915 0.505569525199
0.117388411422 0.0347763292695 0.751845031915 0.505569525199
0.117388411422 0.0347763292695 0.751845031915 0.505569525199
0.117388411422 0.0347763292695 0.751845031915 0.505569525199
0.117388411422 0.0347763292695 0.751845031915 0.505569525199
0.117388411422 0.0347763292695 0.751845031915 0.505569525199
0.117388411422 0.0347763292695 0.751845031915 0.505569525199
0.117388411422 0.0347763292695 0.751845031915 0.505569525199
0.117388411422 0.0347763292695 0.751845031915 0.505569525199
0.117388411422 0.0347763292695 0.751845031915 0.505569525199
0.117388411422 0.0347763292695 0.751845031915 0.505569525199
0.117388411422 0.0347763292695 0.751845031915 0.505569525199
0.117388411422 0.0347763292695 0.751845031915 0.505569525199
0.117388411422 0.0347763292695 0.751845031915 0.505569525199
0.117388411422 0.0347763292695 0.751845031915 0.505569525199
0.117388411422 0.0347763292695 0.751845031915 0.505569525199
0.117388411422 0.0347763292695 0.751845031915 0.505569525199
0.117388411422 0.0347763292695 0.751845031915 0.505569525199
0.117388411422 0.0347763292695 0.751845031915 0.505569525199
0.117388411422 0.0347763292695 0.751845031915 0.505569525199
0.117388411422 0.0347763292695 0.751845031915 0.505569525199
0.117388411422 0.0347763292695 0.751845031915 0.505569525199
0.117388411422 0.0347763292695 0.751845031915 0.505569525199
0.117388411422 0.0347763292695 0.751845031915 0.505569525199
0.117388411422 0.0347763292695 0.751845031915 0.505569525199
0.117388411422 0.0347763292695 0.751845031915 0.505569525199
0.117388411422 0.0347763292695 0.751845031915 0.505569525199
0.117388411422 0.0347763292695 0.751845031915 0.505569525199
0.117388411422 0.0347763292695 0.751845031915 0.505569525199
0.117388411422 0.0347763292695 0.751845031915 0.505569525199
0.117388411422 0.154954274513 0.751845031915 0.505513811492
0.117388411422 0.0347763292695 0.751845031915 0.505569525199
0.117388411422 0.0347763292695 0.751845031915 0.505569525199
0.117388411422 0.0347763292695 0.751845031915 0.505569525199
0.117388411422 0.0347763292695 0.751845031915 0.505569525199
0.117388411422 0.0347763292695 0.751845031915 0.505569525199
0.117388411422 0.0347763292695 0.751845031915 0.505569525199
0.117388411422 0.0347763292695 0.751845031915 0.505569525199
0.117388411422 0.0347763292695 0.751845031915 0.505569525199
0.117388411422 0.0347763292695 0.751845031915 0.505569525199
0.117388411422 0.0347763292695 0.751845031915 0.505569525199
0.117388411422 0.0347763292695 0.751845031915 0.505569525199
0.117388411422 0.0347763292695 0.751845031915 0.505569525199
0.117388411422 0.0347763292695 0.751845031915 0.505569525199
0.117388411422 0.0347763292695 0.751845031915 0.505569525199
0.117388411422 0.0347763292695 0.751845031915 0.505569525199
0.117388411422 0.0347763292695 0.751845031915 0.505569525199
0.117388411422 0.0347763292695 0.751845031915 0.595709936605
0.117388411422 0.0347763292695 0.751845031915 0.505569525199
0.117388411422 0.0347763292695 0.751845031915 0.505569525199
0.117388411422 0.0347763292695 0.751845031915 0.505569525199
0.117388411422 0.0347763292695 0.751845031915 0.505569525199
0.117388411422 0.0347763292695 0.751845031915 0.505569525199
0.117388411422 0.0347763292695 0.751845031915 0.505569525199
0.117388411422 0.0347763292695 0.751845031915 0.505569525199
0.117388411422 0.0347763292695 0.751845031915 0.505569525199
0.117388411422 0.0347763292695 0.751845031915 0.505569525199
0.117388411422 0.0347763292695 0.751845031915 0.505569525199
0.117388411422 0.0347763292695 0.751845031915 0.505569525199
0.117388411422 0.0347763292695 0.751845031915 0.505569525199
0.117388411422 0.0347763292695 0.751845031915 0.505569525199
0.117388411422 0.0347763292695 0.751845031915 0.505569525199
0.117388411422 0.0347763292695 0.751845031915 0.505569525199
0.117388411422 0.0347763292695 0.751845031915 0.505569525199
0.117388411422 0.0347763292695 0.751845031915 0.505569525199
0.117388411422 0.0347763292695 0.751845031915 0.505569525199
0.117388411422 0.0347763292695 0.751845031915 0.505569525199
0.117388411422 0.0347763292695 0.751845031915 0.505569525199
0.117388411422 0.0347763292695 0.751845031915 0.505569525199
0.117388411422 0.0347763292695 0.751845031915 0.505569525199
0.117388411422 0.0347763292695 0.751845031915 0.505569525199
0.117388411422 0.0347763292695 0.751845031915 0.505569525199
0.117388411422 0.0347763292695 0.751845031915 0.505569525199
0.117388411422 0.0347763292695 0.751845031915 0.505569525199
0.117388411422 0.0347763292695 0.751845031915 0.505569525199
0.117388411422 0.0347763292695 0.751845031915 0.505569525199
0.117388411422 0.0347763292695 0.751845031915 0.505569525199
0.117388411422 0.0347763292695 0.751845031915 0.505569525199
0.117388411422 0.0347763292695 0.751845031915 0.505569525199
0.117388411422 0.0347763292695 0.751845031915 0.505569525199
0.117388411422 0.0347763292695 0.751845031915 0.505569525199
0.117388411422 0.0347763292695 0.751845031915 0.505569525199
0.117388411422 0.0347763292695 0.751845031915 0.505569525199
0.117388411422 0.0347763292695 0.751845031915 0.505569525199
0.117388411422 0.0347763292695 0.751845031915 0.505569525199
0.117388411422 0.0347763292695 0.751845031915 0.505569525199
0.117388411422 0.0347763292695 0.751845031915 0.505569525199
0.117388411422 0.0347763292695 0.751845031915 0.505569525199
0.117388411422 0.0347763292695 0.751845031915 0.505569525199
0.117388411422 0.0347763292695 0.751845031915 0.505569525199
0.117388411422 0.0347763292695 0.751845031915 0.505569525199
0.117388411422 0.0347763292695 0.751845031915 0.505569525199
0.117388411422 0.0347763292695 0.751845031915 0.505569525199
0.117388411422 0.0347763292695 0.751845031915 0.505569525199
0.117388411422 0.0347763292695 0.751845031915 0.505569525199
0.117388411422 0.0347763292695 0.751845031915 0.505569525199
0.117388411422 0.0347763292695 0.751845031915 0.505569525199
0.117388411422 0.0347763292695 0.751845031915 0.505569525199
0.117388411422 0.0347763292695 0.751845031915 0.454225404177
0.117388411422 0.0347763292695 0.751845031915 0.505569525199
0.117388411422 0.0347763292695 0.751845031915 0.505569525199
0.117388411422 0.0347763292695 0.751845031915 0.505569525199
0.117388411422 0.0347763292695 0.751845031915 0.505569525199
0.117388411422 0.0347763292695 0.751845031915 0.505569525199
0.117388411422 0.0347763292695 0.751845031915 0.505569525199
0.117388411422 0.0347763292695 0.751845031915 0.505569525199
0.117388411422 0.0347763292695 0.751845031915 0.505569525199
0.117388411422 0.0347763292695 0.751845031915 0.629897411554
0.117388411422 0.0347763292695 0.751845031915 0.505569525199
0.117388411422 0.0347763292695 0.751845031915 0.505569525199
0.117388411422 0.0347763292695 0.751845031915 0.505569525199
0.117388411422 0.0347763292695 0.751845031915 0.505569525199
0.117388411422 0.0347763292695 0.751845031915 0.505569525199
0.117388411422 0.0347763292695 0.751845031915 0.505569525199
0.117388411422 0.0347763292695 0.751845031915 0.505569525199
0.117388411422 0.0347763292695 0.751845031915 0.505569525199
0.117388411422 0.0347763292695 0.751845031915 0.505569525199
0.117388411422 0.0347763292695 0.751845031915 0.505569525199
0.117388411422 0.0347763292695 0.751845031915 0.505569525199
0.117388411422 0.0347763292695 0.751845031915 0.505569525199
0.117388411422 0.0347763292695 0.751845031915 0.380583581279
0.117388411422 0.0347763292695 0.751845031915 0.505569525199
0.117388411422 0.0347763292695 0.751845031915 0.505569525199
0.117388411422 0.0347763292695 0.751845031915 0.497778930931
0.117388411422 0.0347763292695 0.751845031915 0.505569525199
0.117388411422 0.0347763292695 0.751845031915 0.505569525199
0.117388411422 0.0347763292695 0.751845031915 0.505569525199
0.117388411422 0.0347763292695 0.751845031915 0.505569525199
0.117388411422 0.0347763292695 0.751845031915 0.505569525199
0.117388411422 0.0347763292695 0.751845031915 0.505569525199
0.117388411422 0.0347763292695 0.751845031915 0.49443029606
0.117388411422 0.0347763292695 0.751845031915 0.505569525199
0.117388411422 0.0347763292695 0.751845031915 0.505569525199
0.117388411422 0.20881278061 0.751845031915 0.505494207043
0.117388411422 0.0347763292695 0.751845031915 0.505569525199
0.117388411422 0.0347763292695 0.751845031915 0.505569525199
0.117388411422 0.0347763292695 0.751845031915 0.505569525199
0.117388411422 0.0347763292695 0.751845031915 0.505569525199
0.117388411422 0.0347763292695 0.751845031915 0.505569525199
0.117388411422 0.0347763292695 0.751845031915 0.505569525199
0.117388411422 0.0347763292695 0.751845031915 0.505569525199
0.117388411422 0.0347763292695 0.751845031915 0.505569525199
0.117388411422 0.0347763292695 0.751845031915 0.505569525199
0.117388411422 0.0347763292695 0.751845031915 0.505569525199
0.117388411422 0.0347763292695 0.751845031915 0.505569525199
0.117388411422 0.0347763292695 0.751845031915 0.505569525199
0.117388411422 0.0347763292695 0.751845031915 0.505569525199
0.117388411422 0.0347763292695 0.751845031915 0.632803090104
0.117388411422 0.0347763292695 0.751845031915 0.505569525199
0.117388411422 0.0347763292695 0.751845031915 0.505569525199
0.117388411422 0.0347763292695 0.751845031915 0.505569525199
0.117388411422 0.0347763292695 0.751845031915 0.505569525199
0.117388411422 0.0347763292695 0.751845031915 0.505569525199
0.117388411422 0.0347763292695 0.751845031915 0.505569525199
0.117388411422 0.0347763292695 0.751845031915 0.505569525199
0.117388411422 0.0347763292695 0.751845031915 0.505569525199
0.117388411422 0.0347763292695 0.751845031915 0.505569525199
0.117388411422 0.0347763292695 0.751845031915 0.505569525199
0.117388411422 0.0347763292695 0.751845031915 0.505569525199
0.117388411422 0.0347763292695 0.751845031915 0.505569525199
0.117388411422 0.0347763292695 0.751845031915 0.505569525199
0.117388411422 0.0347763292695 0.751845031915 0.505569525199
0.117388411422 0.0347763292695 0.751845031915 0.505569525199
0.117388411422 0.0347763292695 0.751845031915 0.505569525199
0.117388411422 0.0347763292695 0.751845031915 0.505569525199
0.117388411422 0.0347763292695 0.751845031915 0.505569525199
0.117388411422 0.0347763292695 0.751845031915 0.505569525199
0.117388411422 0.0347763292695 0.751845031915 0.505569525199
0.117388411422 0.0347763292695 0.751845031915 0.505569525199
0.117388411422 0.0347763292695 0.751845031915 0.505569525199
0.117388411422 0.0347763292695 0.751845031915 0.505569525199
0.117388411422 0.0347763292695 0.751845031915 0.505569525199
0.117388411422 0.0347763292695 0.751845031915 0.505569525199
0.117388411422 0.0347763292695 0.751845031915 0.505569525199
0.117388411422 0.0347763292695 0.751845031915 0.505569525199
0.117388411422 0.0347763292695 0.751845031915 0.505569525199
0.117388411422 0.0347763292695 0.751845031915 0.505569525199
0.117388411422 0.0347763292695 0.751845031915 0.505569525199
0.258414659985 0.0347763292695 0.751845031915 0.505526660037
0.117388411422 0.0347763292695 0.751845031915 0.505569525199
0.117388411422 0.0347763292695 0.751845031915 0.505569525199
0.117388411422 0.0347763292695 0.751845031915 0.505569525199
0.117388411422 0.0347763292695 0.751845031915 0.505569525199
0.117388411422 0.0347763292695 0.751845031915 0.505569525199
0.117388411422 0.0347763292695 0.751845031915 0.505569525199
0.117388411422 0.0347763292695 0.751845031915 0.505569525199
0.117388411422 0.0347763292695 0.751845031915 0.505569525199
0.117388411422 0.0347763292695 0.751845031915 0.505569525199
0.117388411422 0.0347763292695 0.751845031915 0.505569525199
0.117388411422 0.0347763292695 0.751845031915 0.505569525199
0.117388411422 0.0347763292695 0.751845031915 0.505569525199
0.117388411422 0.0347763292695 0.751845031915 0.505569525199
0.117388411422 0.0347763292695 0.751845031915 0.505569525199
0.117388411422 0.0347763292695 0.751845031915 0.505569525199
0.117388411422 0.0347763292695 0.751845031915 0.505569525199
0.117388411422 0.0347763292695 0.751845031915 0.505569525199
0.694729063044 0.0347763292695 0.751845031915 0.505431498986
0.117388411422 0.0347763292695 0.751845031915 0.505569525199
0.117388411422 0.0347763292695 0.751845031915 0.505569525199
0.117388411422 0.0347763292695 0.751845031915 0.505569525199
0.117388411422 0.0347763292695 0.751845031915 0.505569525199
0.117388411422 0.0347763292695 0.751845031915 0.672615318489
0.117388411422 0.0347763292695 0.751845031915 0.505569525199
0.117388411422 0.0347763292695 0.751845031915 0.505569525199
0.117388411422 0.0347763292695 0.751845031915 0.505569525199
0.117388411422 0.0347763292695 0.751845031915 0.505569525199
0.117388411422 0.0347763292695 0.751845031915 0.505569525199
0.117388411422 0.0347763292695 0.751845031915 0.505569525199
0.117388411422 0.0347763292695 0.751845031915 0.505569525199
0.117388411422 0.0347763292695 0.751845031915 0.505569525199
0.117388411422 0.0347763292695 0.751845031915 0.505569525199
0.117388411422 0.0347763292695 0.751845031915 0.505569525199
0.117388411422 0.0347763292695 0.751845031915 0.505569525199
0.117388411422 0.0347763292695 0.751845031915 0.505569525199
0.117388411422 0.0347763292695 0.751845031915 0.505569525199
0.117388411422 0.0347763292695 0.751845031915 0.505569525199
0.117388411422 0.0347763292695 0.751845031915 0.505569525199
0.117388411422 0.0347763292695 0.751845031915 0.505569525199
0.117388411422 0.0347763292695 0.751845031915 0.505569525199
0.117388411422 0.0347763292695 0.751845031915 0.505569525199
0.117388411422 0.0347763292695 0.751845031915 0.505569525199
0.117388411422 0.0347763292695 0.751845031915 0.505569525199
0.117388411422 0.0347763292695 0.751845031915 0.505569525199
0.117388411422 0.0347763292695 0.751845031915 0.505569525199
0.117388411422 0.0347763292695 0.751845031915 0.505569525199
0.117388411422 0.0347763292695 0.751845031915 0.505569525199
0.117388411422 0.0347763292695 0.751845031915 0.505569525199
0.117388411422 0.0347763292695 0.751845031915 0.505569525199
0.117388411422 0.0347763292695 0.751845031915 0.505569525199
0.117388411422 0.0347763292695 0.751845031915 0.505569525199
0.117388411422 0.0347763292695 0.751845031915 0.505569525199
0.117388411422 0.0347763292695 0.751845031915 0.505569525199
0.117388411422 0.0347763292695 0.751845031915 0.505569525199
0.117388411422 0.0347763292695 0.751845031915 0.505569525199
0.117388411422 0.0347763292695 0.751845031915 0.505569525199
0.117388411422 0.0347763292695 0.751845031915 0.505569525199
0.117388411422 0.0347763292695 0.751845031915 0.505569525199
0.117388411422 0.0347763292695 0.751845031915 0.505569525199
0.117388411422 0.0347763292695 0.751845031915 0.505569525199
0.117388411422 0.0347763292695 0.751845031915 0.505569525199
0.117388411422 0.0347763292695 0.751845031915 0.505569525199
0.117388411422 0.0347763292695 0.751845031915 0.505569525199
0.117388411422 0.0347763292695 0.751845031915 0.505569525199
0.117388411422 0.0347763292695 0.751845031915 0.505569525199
0.117388411422 0.0347763292695 0.751845031915 0.505569525199
0.117388411422 0.0347763292695 0.751845031915 0.505569525199
0.117388411422 0.0347763292695 0.751845031915 0.505569525199
0.117388411422 0.0347763292695 0.751845031915 0.505569525199
0.117388411422 0.0347763292695 0.751845031915 0.505569525199
0.117388411422 0.0347763292695 0.751845031915 0.505569525199
0.117388411422 0.0347763292695 0.762338855649 0.505555120151
0.117388411422 0.0347763292695 0.751845031915 0.505569525199
0.117388411422 0.0347763292695 0.751845031915 0.505569525199
0.117388411422 0.0347763292695 0.751845031915 0.505569525199
0.117388411422 0.0347763292695 0.751845031915 0.505569525199
0.117388411422 0.0347763292695 0.751845031915 0.505569525199
0.117388411422 0.0347763292695 0.751845031915 0.505569525199
0.117388411422 0.0347763292695 0.751845031915 0.505569525199
0.117388411422 0.0347763292695 0.751845031915 0.505569525199
0.117388411422 0.0347763292695 0.751845031915 0.505569525199
0.117388411422 0.0347763292695 0.751845031915 0.505569525199
0.117388411422 0.0347763292695 0.751845031915 0.505569525199
0.117388411422 0.0347763292695 0.751845031915 0.505569525199
0.117388411422 0.0347763292695 0.751845031915 0.505569525199
0.117388411422 0.0347763292695 0.751845031915 0.505569525199
0.117388411422 0.0347763292695 0.751845031915 0.505569525199
0.117388411422 0.0347763292695 0.751845031915 0.505569525199
0.117388411422 0.0347763292695 0.751845031915 0.505569525199
0.117388411422 0.0347763292695 0.751845031915 0.505569525199
0.117388411422 0.0347763292695 0.751845031915 0.505569525199
0.117388411422 0.0347763292695 0.751845031915 0.505569525199
0.117388411422 0.0347763292695 0.751845031915 0.505569525199
0.117388411422 0.0347763292695 0.751845031915 0.505569525199
0.117388411422 0.0347763292695 0.751845031915 0.505569525199
0.117388411422 0.0347763292695 0.751845031915 0.505569525199
0.117388411422 0.0347763292695 0.751845031915 0.505569525199
0.117388411422 0.0347763292695 0.751845031915 0.505569525199
0.117388411422 0.0347763292695 0.751845031915 0.505569525199
0.117388411422 0.0347763292695 0.751845031915 0.505569525199
0.117388411422 0.0347763292695 0.751845031915 0.505569525199
0.117388411422 0.0347763292695 0.751845031915 0.505569525199
0.117388411422 0.0347763292695 0.751845031915 0.505569525199
0.117388411422 0.0347763292695 0.751845031915 0.505569525199
0.117388411422 0.0347763292695 0.751845031915 0.505569525199
0.117388411422 0.0347763292695 0.751845031915 0.505569525199
0.117388411422 0.796048796857 0.751845031915 0.505252859761
0.117388411422 0.0347763292695 0.751845031915 0.505569525199
0.117388411422 0.0347763292695 0.751845031915 0.505569525199
0.117388411422 0.0347763292695 0.751845031915 0.505569525199
0.117388411422 0.0347763292695 0.751845031915 0.505569525199
0.117388411422 0.0347763292695 0.751845031915 0.505569525199
0.117388411422 0.0347763292695 0.751845031915 0.505569525199
0.117388411422 0.0347763292695 0.751845031915 0.505569525199
0.117388411422 0.0347763292695 0.751845031915 0.505569525199
0.117388411422 0.0347763292695 0.751845031915 0.505569525199
0.117388411422 0.0347763292695 0.751845031915 0.505569525199
0.117388411422 0.0347763292695 0.751845031915 0.505569525199
0.117388411422 0.0347763292695 0.751845031915 0.505569525199
0.117388411422 0.0347763292695 0.751845031915 0.505569525199
0.117388411422 0.0347763292695 0.751845031915 0.505569525199
0.117388411422 0.0347763292695 0.751845031915 0.505569525199
0.117388411422 0.0347763292695 0.751845031915 0.505569525199
0.117388411422 0.0347763292695 0.751845031915 0.505569525199
0.117388411422 0.0347763292695 0.751845031915 0.505569525199
0.117388411422 0.0347763292695 0.751845031915 0.505569525199
0.117388411422 0.0347763292695 0.751845031915 0.505569525199
0.117388411422 0.0347763292695 0.751845031915 0.505569525199
0.117388411422 0.0347763292695 0.751845031915 0.505569525199
0.117388411422 0.0347763292695 0.751845031915 0.505569525199
0.117388411422 0.0347763292695 0.751845031915 0.505569525199
0.117388411422 0.0347763292695 0.751845031915 0.505569525199
0.117388411422 0.0347763292695 0.751845031915 0.505569525199
0.117388411422 0.0347763292695 0.751845031915 0.505569525199
0.117388411422 0.0347763292695 0.751845031915 0.505569525199
0.117388411422 0.0347763292695 0.751845031915 0.505569525199
0.117388411422 0.0347763292695 0.751845031915 0.505569525199
0.117388411422 0.0347763292695 0.131657825697 0.505787222257
0.117388411422 0.0347763292695 0.751845031915 0.505569525199
0.117388411422 0.0347763292695 0.751845031915 0.505569525199
0.117388411422 0.0347763292695 0.751845031915 0.505569525199
0.117388411422 0.0347763292695 0.751845031915 0.505569525199
0.117388411422 0.0347763292695 0.751845031915 0.579902505559
0.117388411422 0.0347763292695 0.751845031915 0.505569525199
0.117388411422 0.0347763292695 0.751845031915 0.505569525199
0.117388411422 0.0347763292695 0.751845031915 0.505569525199
0.117388411422 0.0347763292695 0.751845031915 0.505569525199
0.117388411422 0.0347763292695 0.751845031915 0.505569525199
0.117388411422 0.0347763292695 0.751845031915 0.505569525199
0.117388411422 0.0347763292695 0.751845031915 0.38673250175
0.117388411422 0.0347763292695 0.751845031915 0.505569525199
0.117388411422 0.0347763292695 0.751845031915 0.505569525199
0.117388411422 0.0347763292695 0.751845031915 0.505569525199
0.117388411422 0.0347763292695 0.751845031915 0.505569525199
0.117388411422 0.0347763292695 0.751845031915 0.505569525199
0.117388411422 0.0347763292695 0.751845031915 0.505569525199
0.117388411422 0.0347763292695 0.751845031915 0.505569525199
0.117388411422 0.0347763292695 0.751845031915 0.505569525199
0.117388411422 0.0347763292695 0.751845031915 0.505569525199
0.117388411422 0.0347763292695 0.751845031915 0.505569525199
0.117388411422 0.0347763292695 0.751845031915 0.505569525199
0.117388411422 0.0347763292695 0.751845031915 0.505569525199
0.117388411422 0.0347763292695 0.751845031915 0.505569525199
0.117388411422 0.0347763292695 0.751845031915 0.505569525199
0.117388411422 0.0347763292695 0.751845031915 0.505569525199
0.117388411422 0.0347763292695 0.751845031915 0.505569525199
0.117388411422 0.0347763292695 0.751845031915 0.505569525199
0.117388411422 0.0347763292695 0.751845031915 0.505569525199
0.117388411422 0.0347763292695 0.751845031915 0.505569525199
0.117388411422 0.0347763292695 0.751845031915 0.505569525199
0.117388411422 0.0347763292695 0.751845031915 0.505569525199
0.117388411422 0.0347763292695 0.751845031915 0.505569525199
0.117388411422 0.0347763292695 0.751845031915 0.505569525199
0.117388411422 0.0347763292695 0.751845031915 0.505569525199
0.117388411422 0.0347763292695 0.751845031915 0.505569525199
0.117388411422 0.0347763292695 0.751845031915 0.505569525199
0.117388411422 0.0347763292695 0.751845031915 0.505569525199
0.117388411422 0.0347763292695 0.751845031915 0.505569525199
0.117388411422 0.0347763292695 0.751845031915 0.505569525199
0.117388411422 0.0347763292695 0.751845031915 0.505569525199
0.117388411422 0.0347763292695 0.751845031915 0.505569525199
0.117388411422 0.0347763292695 0.751845031915 0.505569525199
0.117388411422 0.0347763292695 0.751845031915 0.505569525199
0.117388411422 0.0347763292695 0.751845031915 0.505569525199
0.117388411422 0.0347763292695 0.751845031915 0.505569525199
0.117388411422 0.0347763292695 0.751845031915 0.505569525199
0.117388411422 0.0347763292695 0.751845031915 0.505569525199
0.117388411422 0.0347763292695 0.751845031915 0.505569525199
0.117388411422 0.0347763292695 0.751845031915 0.505569525199
0.117388411422 0.0347763292695 0.751845031915 0.505569525199
0.117388411422 0.0347763292695 0.751845031915 0.536735305509
0.117388411422 0.0347763292695 0.751845031915 0.505569525199
0.117388411422 0.0347763292695 0.751845031915 0.505569525199
0.117388411422 0.0347763292695 0.751845031915 0.505569525199
0.117388411422 0.0347763292695 0.751845031915 0.505569525199
0.117388411422 0.0347763292695 0.751845031915 0.505569525199
0.117388411422 0.0347763292695 0.751845031915 0.505569525199
0.117388411422 0.0347763292695 0.751845031915 0.505569525199
0.117388411422 0.0347763292695 0.751845031915 0.505569525199
0.117388411422 0.0347763292695 0.751845031915 0.505569525199
0.117388411422 0.0347763292695 0.751845031915 0.505569525199
0.117388411422 0.0347763292695 0.751845031915 0.505569525199
0.117388411422 0.0347763292695 0.751845031915 0.505569525199
0.117388411422 0.0347763292695 0.751845031915 0.505569525199
0.117388411422 0.0347763292695 0.751845031915 0.505569525199
0.117388411422 0.0347763292695 0.751845031915 0.505569525199
0.117388411422 0.0347763292695 0.751845031915 0.505569525199
0.117388411422 0.0347763292695 0.751845031915 0.505569525199
0.117388411422 0.0347763292695 0.751845031915 0.505569525199
0.117388411422 0.0347763292695 0.751845031915 0.505569525199
0.117388411422 0.0347763292695 0.751845031915 0.505569525199
0.117388411422 0.0347763292695 0.751845031915 0.505569525199
0.117388411422 0.0347763292695 0.751845031915 0.505569525199
0.117388411422 0.0347763292695 0.751845031915 0.505569525199
0.117388411422 0.0347763292695 0.751845031915 0.505569525199
0.117388411422 0.0347763292695 0.751845031915 0.505569525199
0.117388411422 0.0347763292695 0.751845031915 0.505569525199
0.117388411422 0.0347763292695 0.751845031915 0.505569525199
0.117388411422 0.0347763292695 0.751845031915 0.505569525199
0.117388411422 0.0347763292695 0.751845031915 0.505569525199
0.117388411422 0.0347763292695 0.751845031915 0.505569525199
0.117388411422 0.0347763292695 0.751845031915 0.396883040445
0.117388411422 0.0347763292695 0.751845031915 0.505569525199
0.117388411422 0.0347763292695 0.751845031915 0.505569525199
0.117388411422 0.0347763292695 0.751845031915 0.505569525199
0.117388411422 0.0347763292695 0.751845031915 0.505569525199
0.117388411422 0.0347763292695 0.751845031915 0.494494883218
0.117388411422 0.0347763292695 0.751845031915 0.505569525199
0.117388411422 0.0347763292695 0.751845031915 0.505569525199
0.117388411422 0.0347763292695 0.751845031915 0.505569525199
0.117388411422 0.0347763292695 0.751845031915 0.505569525199
0.117388411422 0.0347763292695 0.751845031915 0.505569525199
0.117388411422 0.0347763292695 0.751845031915 0.505569525199
0.117388411422 0.0347763292695 0.751845031915 0.505569525199
0.117388411422 0.0347763292695 0.751845031915 0.505569525199
0.117388411422 0.0347763292695 0.751845031915 0.505569525199
0.117388411422 0.0347763292695 0.751845031915 0.505569525199
0.117388411422 0.0347763292695 0.751845031915 0.505569525199
0.117388411422 0.0347763292695 0.751845031915 0.505569525199
0.117388411422 0.0347763292695 0.751845031915 0.505569525199
0.117388411422 0.0347763292695 0.751845031915 0.496378662358
0.117388411422 0.0347763292695 0.751845031915 0.505569525199
0.117388411422 0.0347763292695 0.751845031915 0.505569525199
0.117388411422 0.0347763292695 0.751845031915 0.505569525199
0.117388411422 0.0347763292695 0.751845031915 0.505569525199
0.117388411422 0.0347763292695 0.751845031915 0.505569525199
0.117388411422 0.0347763292695 0.751845031915 0.505569525199
0.117388411422 0.0347763292695 0.751845031915 0.505569525199
0.117388411422 0.0347763292695 0.751845031915 0.505569525199
0.117388411422 0.0347763292695 0.751845031915 0.505569525199
0.117388411422 0.0347763292695 0.751845031915 0.505569525199
0.117388411422 0.0347763292695 0.326328659548 0.505768299942
0.117388411422 0.0347763292695 0.751845031915 0.505569525199
0.117388411422 0.0347763292695 0.751845031915 0.505569525199
0.117388411422 0.0347763292695 0.751845031915 0.505569525199
0.117388411422 0.0347763292695 0.751845031915 0.505569525199
0.117388411422 0.0347763292695 0.751845031915 0.476872129054
