0.473737033083 0.125551808532 0.496663665395 0.508584042482
0.315800960531 0.460422544758 0.298783243139 0.342538397974
0.574256173593 0.380424115167 0.703752147479 0.639276556285
0.35626176686 0.483705733996 0.188315575533 0.599625716022
0.0564681199747 0.512753821107 0.325973623521 0.690918378622
0.823879312457 0.622033092321 0.289171224973 0.572315422846
0.769936443157 0.438060148967 0.385933563792 0.925802326713
0.679779930791 0.149463597778 0.185150227085 0.367002603052
0.460113176081 0.794595622845 0.442983128285 0.391554851118
0.881567094743 0.594652675937 0.596549161151 0.506855157957
0.155203418592 0.332344680157 0.549258262665 0.482839794936
0.572434784114 0.0418405694119 0.264033510185 0.414634209406
0.694590678027 0.561103188918 0.468988365132 0.56240096793
0.465510879286 0.739516243958 0.521106866734 0.376162432495
0.343346453271 0.105514062835 0.266227651486 0.384072069761
0.63124587758 0.321011595248 0.735853177678 0.63623375463
0.053225195021 0.836734158551 0.0771709047281 0.714173982621
0.0848278712412 0.915039416778 0.0936538809133 0.4506886479
0.258267622891 0.187306976766 0.277439471715 0.434409600427
0.0411177130201 0.529041310153 0.682487680043 0.694558157446
0.977293667079 0.972291166838 0.568214013891 0.515366866385
0.616586541174 0.553340955227 0.675768206696 0.240809031526
0.495695139959 0.709792223112 0.957810588337 0.573724871721
0.509744408483 0.30441915761 0.816695649696 0.143118654761
0.121336560736 0.647309705556 0.562352436596 0.414318088134
0.330864783902 0.0114000351597 0.0927256676733 0.573256041295
0.554092783886 0.591427950605 0.983729869847 0.619824552815
0.28493498093 0.519081642892 0.436777505517 0.328556326709
0.80789149378 0.272403505048 0.914754432859 0.786515658655
0.251158835941 0.504217289575 0.112624651339 0.460742344356
0.894281116059 0.654445785403 0.895784927539 0.288957327343
0.794650574378 0.714218558856 0.410448785683 0.505236882513
0.305032782414 0.281560270881 0.629615017894 0.483240257402
0.10470793622 0.925559151389 0.651790168997 0.742584547047
0.26186526505 0.960302037336 0.146090991813 0.486004859767
0.475123541965 0.913610164729 0.169176728904 0.751993498855
0.9960648602 0.517131946422 0.466814284478 0.32722681262
0.956735519369 0.702818903124 0.0884124707296 0.583130478604
0.591788616803 0.447254118866 0.26229884182 0.914422400157
0.0414082438657 0.104943133089 0.838965373956 0.434863774525
0.450107010235 0.240120064351 0.968012377504 0.623126639215
0.961337237353 0.660232798389 0.410580898347 0.85295629005
0.248055851498 0.128969488451 0.818162607614 0.505116389867
0.595257131003 0.410915356387 0.23987934852 0.541427133967
0.686997220489 0.257597137466 0.308693416961 0.435177441829
0.0904148028897 0.125234988351 0.31450051842 0.51767758355
0.159551711403 0.233590080262 0.218638215429 0.556080658132
0.974489267408 0.258433971289 0.58871003822 0.785290008807
0.715081760706 0.350275807493 0.583800337307 0.462401156428
0.622934015275 0.0464349861829 0.968947659843 0.403285040763
0.473737033083 0.125551808532 0.496663665395 0.508584042482
0.473737033083 0.125551808532 0.496663665395 0.508584042482
0.473737033083 0.125551808532 0.496663665395 0.508584042482
0.473737033083 0.125551808532 0.496663665395 0.508584042482
0.473737033083 0.125551808532 0.496663665395 0.508584042482
0.473737033083 0.125551808532 0.496663665395 0.508584042482
0.473737033083 0.125551808532 0.496663665395 0.508584042482
0.473737033083 0.125551808532 0.496663665395 0.508584042482
0.473737033083 0.125551808532 0.496663665395 0.508584042482
0.473737033083 0.125551808532 0.496663665395 0.508584042482
0.473737033083 0.125551808532 0.496663665395 0.508584042482
0.473737033083 0.125551808532 0.496663665395 0.508584042482
0.473737033083 0.125551808532 0.496663665395 0.508584042482
0.473737033083 0.125551808532 0.496663665395 0.508584042482
0.473737033083 0.125551808532 0.496663665395 0.508584042482
0.473737033083 0.125551808532 0.496663665395 0.508584042482
0.473737033083 0.125551808532 0.496663665395 0.508584042482
0.473737033083 0.125551808532 0.496663665395 0.508584042482
0.473737033083 0.125551808532 0.496663665395 0.508584042482
0.473737033083 0.125551808532 0.496663665395 0.508584042482
0.473737033083 0.125551808532 0.496663665395 0.508584042482
0.473737033083 0.125551808532 0.0533607054828 0.50857657344
0.473737033083 0.125551808532 0.496663665395 0.508584042482
0.473737033083 0.125551808532 0.496663665395 0.501374664913
0.473737033083 0.125551808532 0.496663665395 0.508584042482
0.473737033083 0.125551808532 0.496663665395 0.508584042482
0.473737033083 0.125551808532 0.496663665395 0.508584042482
0.473737033083 0.125551808532 0.496663665395 0.508584042482
0.473737033083 0.125551808532 0.496663665395 0.508584042482
0.473737033083 0.125551808532 0.496663665395 0.508584042482
0.473737033083 0.125551808532 0.496663665395 0.508584042482
0.473737033083 0.125551808532 0.496663665395 0.508584042482
0.473737033083 0.125551808532 0.496663665395 0.508584042482
0.473737033083 0.125551808532 0.496663665395 0.508584042482
0.473737033083 0.125551808532 0.496663665395 0.508584042482
0.473737033083 0.125551808532 0.496663665395 0.508584042482
0.473737033083 0.125551808532 0.496663665395 0.508584042482
0.473737033083 0.125551808532 0.496663665395 0.508584042482
0.473737033083 0.125551808532 0.496663665395 0.508584042482
0.473737033083 0.125551808532 0.496663665395 0.508584042482
0.473737033083 0.125551808532 0.496663665395 0.508584042482
0.473737033083 0.125551808532 0.496663665395 0.518289632653
0.473737033083 0.125551808532 0.496663665395 0.508584042482
0.473737033083 0.125551808532 0.496663665395 0.508584042482
0.473737033083 0.125551808532 0.496663665395 0.508584042482
0.473737033083 0.125551808532 0.496663665395 0.508584042482
0.473737033083 0.125551808532 0.496663665395 0.508584042482
0.473737033083 0.125551808532 0.496663665395 0.508584042482
0.473737033083 0.125551808532 0.496663665395 0.508584042482
0.473737033083 0.125551808532 0.496663665395 0.508584042482
0.473737033083 0.125551808532 0.496663665395 0.508584042482
0.473737033083 0.125551808532 0.496663665395 0.508584042482
0.473737033083 0.125551808532 0.496663665395 0.508584042482
0.473737033083 0.125551808532 0.496663665395 0.508584042482
0.473737033083 0.125551808532 0.496663665395 0.508584042482
0.473737033083 0.125551808532 0.496663665395 0.508584042482
0.473737033083 0.125551808532 0.496663665395 0.52314688879
0.473737033083 0.125551808532 0.496663665395 0.508584042482
0.473737033083 0.125551808532 0.496663665395 0.508584042482
0.473737033083 0.125551808532 0.496663665395 0.508584042482
0.473737033083 0.125551808532 0.496663665395 0.508584042482
0.473737033083 0.125551808532 0.496663665395 0.508584042482
0.473737033083 0.125551808532 0.496663665395 0.508584042482
0.473737033083 0.125551808532 0.496663665395 0.508584042482
0.473737033083 0.125551808532 0.496663665395 0.508584042482
0.473737033083 0.125551808532 0.496663665395 0.508584042482
0.473737033083 0.125551808532 0.496663665395 0.508584042482
0.473737033083 0.125551808532 0.496663665395 0.508584042482
0.473737033083 0.125551808532 0.496663665395 0.508584042482
0.473737033083 0.125551808532 0.496663665395 0.508584042482
0.473737033083 0.125551808532 0.496663665395 0.508584042482
0.473737033083 0.125551808532 0.496663665395 0.508584042482
0.473737033083 0.125551808532 0.496663665395 0.508584042482
0.473737033083 0.125551808532 0.496663665395 0.508584042482
0.473737033083 0.125551808532 0.496663665395 0.508584042482
0.473737033083 0.125551808532 0.496663665395 0.508584042482
0.473737033083 0.125551808532 0.496663665395 0.508584042482
0.473737033083 0.125551808532 0.496663665395 0.508584042482
0.473737033083 0.125551808532 0.496663665395 0.508584042482
0.473737033083 0.125551808532 0.496663665395 0.508584042482
0.473737033083 0.125551808532 0.496663665395 0.508584042482
0.473737033083 0.125551808532 0.496663665395 0.508584042482
0.473737033083 0.125551808532 0.496663665395 0.508584042482
0.473737033083 0.125551808532 0.496663665395 0.508584042482
0.473737033083 0.125551808532 0.496663665395 0.508584042482
0.473737033083 0.125551808532 0.496663665395 0.508584042482
0.473737033083 0.125551808532 0.496663665395 0.508584042482
0.473737033083 0.125551808532 0.496663665395 0.508584042482
0.473737033083 0.125551808532 0.496663665395 0.508584042482
0.473737033083 0.125551808532 0.496663665395 0.508584042482
0.473737033083 0.125551808532 0.496663665395 0.508584042482
0.473737033083 0.125551808532 0.496663665395 0.508584042482
0.473737033083 0.125551808532 0.496663665395 0.455566690945
0.473737033083 0.125551808532 0.496663665395 0.508584042482
0.473737033083 0.125551808532 0.496663665395 0.508584042482
0.473737033083 0.125551808532 0.496663665395 0.508584042482
0.473737033083 0.125551808532 0.496663665395 0.508584042482
0.473737033083 0.125551808532 0.496663665395 0.508584042482
0.473737033083 0.125551808532 0.496663665395 0.508584042482
0.473737033083 0.125551808532 0.496663665395 0.508584042482
0.473737033083 0.125551808532 0.496663665395 0.508584042482
0.473737033083 0.125551808532 0.496663665395 0.508584042482
0.473737033083 0.125551808532 0.496663665395 0.508584042482
0.473737033083 0.125551808532 0.496663665395 0.508584042482
0.473737033083 0.125551808532 0.496663665395 0.508584042482
0.473737033083 0.125551808532 0.496663665395 0.525983866139
0.473737033083 0.125551808532 0.496663665395 0.508584042482
0.473737033083 0.125551808532 0.496663665395 0.508584042482
0.473737033083 0.125551808532 0.496663665395 0.508584042482
0.473737033083 0.125551808532 0.496663665395 0.508584042482
0.473737033083 0.125551808532 0.496663665395 0.508584042482
0.473737033083 0.125551808532 0.496663665395 0.508584042482
0.473737033083 0.125551808532 0.496663665395 0.533077048527
0.473737033083 0.125551808532 0.496663665395 0.508584042482
0.473737033083 0.125551808532 0.496663665395 0.508584042482
0.473737033083 0.125551808532 0.496663665395 0.508584042482
0.473737033083 0.125551808532 0.496663665395 0.508584042482
0.473737033083 0.125551808532 0.496663665395 0.508584042482
0.473737033083 0.125551808532 0.496663665395 0.508584042482
0.473737033083 0.125551808532 0.496663665395 0.508584042482
0.473737033083 0.125551808532 0.496663665395 0.508584042482
0.473737033083 0.125551808532 0.496663665395 0.508584042482
0.473737033083 0.125551808532 0.496663665395 0.508584042482
0.473737033083 0.125551808532 0.496663665395 0.508584042482
0.473737033083 0.125551808532 0.496663665395 0.508584042482
0.473737033083 0.125551808532 0.496663665395 0.508584042482
0.473737033083 0.125551808532 0.496663665395 0.508584042482
0.473737033083 0.125551808532 0.496663665395 0.508584042482
0.473737033083 0.125551808532 0.496663665395 0.508584042482
0.473737033083 0.125551808532 0.496663665395 0.520864052559
0.473737033083 0.125551808532 0.496663665395 0.508584042482
0.473737033083 0.125551808532 0.496663665395 0.508584042482
0.473737033083 0.125551808532 0.496663665395 0.508584042482
0.473737033083 0.125551808532 0.496663665395 0.508584042482
0.473737033083 0.125551808532 0.496663665395 0.508584042482
0.473737033083 0.125551808532 0.496663665395 0.508584042482
0.473737033083 0.125551808532 0.496663665395 0.508584042482
0.473737033083 0.125551808532 0.496663665395 0.508584042482
0.473737033083 0.125551808532 0.496663665395 0.508584042482
0.473737033083 0.125551808532 0.496663665395 0.508584042482
0.473737033083 0.125551808532 0.496663665395 0.508584042482
0.473737033083 0.125551808532 0.496663665395 0.508584042482
0.473737033083 0.125551808532 0.496663665395 0.508584042482
0.473737033083 0.125551808532 0.496663665395 0.508584042482
0.473737033083 0.125551808532 0.496663665395 0.508584042482
0.473737033083 0.125551808532 0.496663665395 0.508584042482
0.473737033083 0.125551808532 0.496663665395 0.508584042482
0.473737033083 0.125551808532 0.496663665395 0.508584042482
0.473737033083 0.125551808532 0.496663665395 0.508584042482
0.473737033083 0.125551808532 0.496663665395 0.508584042482
0.473737033083 0.125551808532 0.496663665395 0.508584042482
0.473737033083 0.125551808532 0.496663665395 0.508584042482
0.473737033083 0.125551808532 0.496663665395 0.508584042482
0.473737033083 0.125551808532 0.496663665395 0.51900967032
0.473737033083 0.125551808532 0.496663665395 0.508584042482
0.473737033083 0.125551808532 0.496663665395 0.508584042482
0.473737033083 0.125551808532 0.496663665395 0.508584042482
0.473737033083 0.125551808532 0.496663665395 0.508584042482
0.473737033083 0.125551808532 0.496663665395 0.508584042482
0.473737033083 0.125551808532 0.496663665395 0.508584042482
0.473737033083 0.125551808532 0.496663665395 0.508584042482
0.473737033083 0.125551808532 0.496663665395 0.508584042482
0.473737033083 0.125551808532 0.496663665395 0.508584042482
0.473737033083 0.125551808532 0.496663665395 0.508584042482
0.473737033083 0.125551808532 0.496663665395 0.508584042482
0.473737033083 0.125551808532 0.496663665395 0.508584042482
0.473737033083 0.125551808532 0.496663665395 0.508584042482
0.473737033083 0.125551808532 0.496663665395 0.508584042482
0.473737033083 0.125551808532 0.496663665395 0.488256361228
0.473737033083 0.125551808532 0.496663665395 0.508584042482
0.473737033083 0.125551808532 0.496663665395 0.508584042482
0.473737033083 0.125551808532 0.496663665395 0.543275700044
0.473737033083 0.125551808532 0.496663665395 0.508584042482
0.473737033083 0.125551808532 0.496663665395 0.508584042482
0.473737033083 0.125551808532 0.496663665395 0.508584042482
0.473737033083 0.125551808532 0.496663665395 0.508584042482
0.473737033083 0.125551808532 0.496663665395 0.508584042482
0.473737033083 0.125551808532 0.496663665395 0.508584042482
0.473737033083 0.125551808532 0.496663665395 0.508584042482
0.473737033083 0.125551808532 0.496663665395 0.508584042482
0.473737033083 0.125551808532 0.496663665395 0.512298093399
0.473737033083 0.125551808532 0.496663665395 0.508584042482
0.473737033083 0.125551808532 0.496663665395 0.508584042482
0.473737033083 0.125551808532 0.496663665395 0.508584042482
0.473737033083 0.125551808532 0.496663665395 0.508584042482
0.473737033083 0.125551808532 0.496663665395 0.508584042482
0.473737033083 0.125551808532 0.496663665395 0.508584042482
0.473737033083 0.125551808532 0.496663665395 0.508584042482
0.473737033083 0.125551808532 0.496663665395 0.508584042482
0.473737033083 0.125551808532 0.496663665395 0.508584042482
0.473737033083 0.125551808532 0.496663665395 0.508584042482
0.473737033083 0.125551808532 0.496663665395 0.508584042482
0.473737033083 0.125551808532 0.496663665395 0.508584042482
0.473737033083 0.125551808532 0.496663665395 0.508584042482
0.473737033083 0.125551808532 0.496663665395 0.508584042482
0.473737033083 0.125551808532 0.496663665395 0.508584042482
0.473737033083 0.125551808532 0.496663665395 0.508584042482
0.473737033083 0.125551808532 0.496663665395 0.508584042482
0.473737033083 0.125551808532 0.496663665395 0.508584042482
0.473737033083 0.125551808532 0.496663665395 0.508584042482
0.473737033083 0.125551808532 0.496663665395 0.508584042482
0.473737033083 0.125551808532 0.496663665395 0.508584042482
0.473737033083 0.125551808532 0.496663665395 0.508584042482
0.473737033083 0.125551808532 0.496663665395 0.508584042482
0.473737033083 0.125551808532 0.496663665395 0.508584042482
0.473737033083 0.125551808532 0.496663665395 0.508584042482
0.473737033083 0.125551808532 0.496663665395 0.508584042482
0.473737033083 0.125551808532 0.496663665395 0.508584042482
0.473737033083 0.125551808532 0.496663665395 0.526893639712
0.473737033083 0.125551808532 0.496663665395 0.503964823325
0.473737033083 0.125551808532 0.496663665395 0.508584042482
0.473737033083 0.125551808532 0.496663665395 0.508584042482
0.473737033083 0.125551808532 0.496663665395 0.508584042482
0.473737033083 0.125551808532 0.496663665395 0.508584042482
0.473737033083 0.125551808532 0.496663665395 0.508584042482
0.473737033083 0.125551808532 0.496663665395 0.508584042482
0.473737033083 0.125551808532 0.496663665395 0.508584042482
0.473737033083 0.125551808532 0.496663665395 0.508584042482
0.473737033083 0.125551808532 0.496663665395 0.508584042482
0.473737033083 0.125551808532 0.496663665395 0.508584042482
0.473737033083 0.125551808532 0.496663665395 0.508584042482
0.473737033083 0.125551808532 0.496663665395 0.508584042482
0.473737033083 0.125551808532 0.496663665395 0.508584042482
0.473737033083 0.125551808532 0.496663665395 0.508584042482
0.473737033083 0.125551808532 0.496663665395 0.508584042482
0.473737033083 0.125551808532 0.496663665395 0.512026016798
0.473737033083 0.125551808532 0.496663665395 0.508584042482
0.473737033083 0.125551808532 0.496663665395 0.508584042482
0.473737033083 0.125551808532 0.496663665395 0.508584042482
0.473737033083 0.125551808532 0.496663665395 0.508584042482
0.473737033083 0.125551808532 0.496663665395 0.508584042482
0.473737033083 0.125551808532 0.496663665395 0.508584042482
0.473737033083 0.125551808532 0.496663665395 0.508584042482
0.473737033083 0.125551808532 0.496663665395 0.508584042482
0.473737033083 0.125551808532 0.496663665395 0.508584042482
0.473737033083 0.125551808532 0.496663665395 0.508584042482
0.473737033083 0.125551808532 0.496663665395 0.511191822383
0.473737033083 0.125551808532 0.496663665395 0.508584042482
0.473737033083 0.125551808532 0.496663665395 0.508584042482
0.473737033083 0.125551808532 0.496663665395 0.508584042482
0.473737033083 0.125551808532 0.496663665395 0.508584042482
0.473737033083 0.125551808532 0.496663665395 0.508584042482
0.473737033083 0.125551808532 0.496663665395 0.508584042482
0.473737033083 0.125551808532 0.496663665395 0.508584042482
0.473737033083 0.125551808532 0.496663665395 0.508584042482
0.473737033083 0.125551808532 0.496663665395 0.508584042482
0.473737033083 0.125551808532 0.496663665395 0.508584042482
0.473737033083 0.125551808532 0.496663665395 0.508584042482
0.473737033083 0.125551808532 0.496663665395 0.508584042482
0.473737033083 0.125551808532 0.496663665395 0.508584042482
0.473737033083 0.125551808532 0.496663665395 0.508584042482
0.473737033083 0.125551808532 0.496663665395 0.508584042482
0.473737033083 0.125551808532 0.496663665395 0.508584042482
0.473737033083 0.125551808532 0.496663665395 0.508584042482
0.473737033083 0.125551808532 0.496663665395 0.508584042482
0.473737033083 0.125551808532 0.496663665395 0.508584042482
0.473737033083 0.125551808532 0.496663665395 0.508584042482
0.473737033083 0.125551808532 0.496663665395 0.508584042482
0.473737033083 0.125551808532 0.496663665395 0.508584042482
0.473737033083 0.125551808532 0.496663665395 0.508584042482
0.473737033083 0.125551808532 0.496663665395 0.46970895128
0.473737033083 0.125551808532 0.496663665395 0.508584042482
0.473737033083 0.125551808532 0.496663665395 0.508584042482
0.473737033083 0.125551808532 0.496663665395 0.508584042482
0.473737033083 0.125551808532 0.496663665395 0.508584042482
0.473737033083 0.125551808532 0.496663665395 0.508584042482
0.473737033083 0.125551808532 0.496663665395 0.508584042482
0.473737033083 0.125551808532 0.496663665395 0.508584042482
0.473737033083 0.125551808532 0.496663665395 0.508584042482
0.473737033083 0.125551808532 0.496663665395 0.508584042482
0.473737033083 0.125551808532 0.496663665395 0.508584042482
0.473737033083 0.125551808532 0.496663665395 0.508584042482
0.473737033083 0.125551808532 0.496663665395 0.508584042482
0.473737033083 0.125551808532 0.496663665395 0.508584042482
0.473737033083 0.125551808532 0.496663665395 0.508584042482
0.473737033083 0.125551808532 0.496663665395 0.508584042482
0.473737033083 0.125551808532 0.496663665395 0.508584042482
0.473737033083 0.125551808532 0.496663665395 0.508584042482
0.473737033083 0.125551808532 0.496663665395 0.508584042482
0.473737033083 0.125551808532 0.496663665395 0.508584042482
0.473737033083 0.125551808532 0.496663665395 0.508584042482
0.473737033083 0.125551808532 0.496663665395 0.508584042482
0.473737033083 0.125551808532 0.496663665395 0.508584042482
0.473737033083 0.125551808532 0.496663665395 0.508584042482
0.473737033083 0.125551808532 0.496663665395 0.508584042482
0.473737033083 0.125551808532 0.496663665395 0.508584042482
0.473737033083 0.125551808532 0.496663665395 0.508584042482
0.473737033083 0.125551808532 0.496663665395 0.508584042482
0.473737033083 0.125551808532 0.496663665395 0.508584042482
0.473737033083 0.125551808532 0.496663665395 0.508584042482
0.473737033083 0.125551808532 0.496663665395 0.508584042482
0.473737033083 0.125551808532 0.496663665395 0.508584042482
0.473737033083 0.125551808532 0.496663665395 0.508584042482
0.473737033083 0.125551808532 0.496663665395 0.508584042482
0.473737033083 0.125551808532 0.496663665395 0.508584042482
0.473737033083 0.125551808532 0.496663665395 0.508584042482
0.473737033083 0.125551808532 0.496663665395 0.497482874375
0.473737033083 0.125551808532 0.496663665395 0.508584042482
0.473737033083 0.125551808532 0.496663665395 0.508584042482
0.473737033083 0.125551808532 0.496663665395 0.546220265788
0.473737033083 0.125551808532 0.496663665395 0.508584042482
0.473737033083 0.125551808532 0.496663665395 0.508584042482
0.473737033083 0.125551808532 0.496663665395 0.508584042482
0.473737033083 0.125551808532 0.496663665395 0.508584042482
0.473737033083 0.125551808532 0.496663665395 0.508584042482
0.473737033083 0.125551808532 0.496663665395 0.508584042482
0.473737033083 0.125551808532 0.496663665395 0.508584042482
0.473737033083 0.125551808532 0.496663665395 0.508584042482
0.473737033083 0.125551808532 0.496663665395 0.508584042482
0.473737033083 0.125551808532 0.496663665395 0.508584042482
0.473737033083 0.125551808532 0.496663665395 0.508584042482
0.473737033083 0.125551808532 0.496663665395 0.508584042482
0.473737033083 0.125551808532 0.496663665395 0.508584042482
0.473737033083 0.125551808532 0.496663665395 0.508584042482
0.473737033083 0.125551808532 0.496663665395 0.508584042482
0.473737033083 0.125551808532 0.496663665395 0.508584042482
0.473737033083 0.125551808532 0.496663665395 0.508584042482
0.473737033083 0.125551808532 0.496663665395 0.508584042482
0.473737033083 0.125551808532 0.496663665395 0.508584042482
0.473737033083 0.125551808532 0.496663665395 0.508584042482
0.473737033083 0.125551808532 0.496663665395 0.508584042482
0.473737033083 0.125551808532 0.496663665395 0.508584042482
0.473737033083 0.125551808532 0.496663665395 0.484863827699
0.473737033083 0.125551808532 0.496663665395 0.508584042482
0.473737033083 0.125551808532 0.496663665395 0.508584042482
0.473737033083 0.125551808532 0.496663665395 0.508584042482
0.473737033083 0.125551808532 0.496663665395 0.508584042482
0.473737033083 0.125551808532 0.496663665395 0.508584042482
0.473737033083 0.125551808532 0.496663665395 0.508584042482
0.473737033083 0.125551808532 0.496663665395 0.508584042482
0.473737033083 0.125551808532 0.496663665395 0.508584042482
0.473737033083 0.125551808532 0.496663665395 0.508584042482
0.473737033083 0.125551808532 0.496663665395 0.508584042482
0.473737033083 0.125551808532 0.496663665395 0.508584042482
0.473737033083 0.125551808532 0.496663665395 0.530301225532
0.473737033083 0.125551808532 0.496663665395 0.508584042482
0.473737033083 0.125551808532 0.496663665395 0.508584042482
0.473737033083 0.125551808532 0.496663665395 0.508584042482
0.473737033083 0.125551808532 0.496663665395 0.508584042482
0.473737033083 0.125551808532 0.496663665395 0.508584042482
0.473737033083 0.125551808532 0.496663665395 0.484784645156
0.473737033083 0.125551808532 0.496663665395 0.508584042482
0.473737033083 0.125551808532 0.496663665395 0.508584042482
0.473737033083 0.125551808532 0.496663665395 0.508584042482
0.473737033083 0.125551808532 0.496663665395 0.508584042482
0.473737033083 0.125551808532 0.496663665395 0.508584042482
0.473737033083 0.125551808532 0.496663665395 0.508584042482
0.473737033083 0.125551808532 0.496663665395 0.508584042482
0.473737033083 0.125551808532 0.496663665395 0.508584042482
0.473737033083 0.125551808532 0.496663665395 0.508584042482
0.473737033083 0.125551808532 0.496663665395 0.508584042482
0.473737033083 0.125551808532 0.496663665395 0.508584042482
0.473737033083 0.125551808532 0.496663665395 0.508584042482
0.473737033083 0.125551808532 0.496663665395 0.508584042482
0.473737033083 0.125551808532 0.496663665395 0.508584042482
0.473737033083 0.125551808532 0.496663665395 0.508584042482
0.473737033083 0.125551808532 0.496663665395 0.508584042482
0.473737033083 0.125551808532 0.496663665395 0.508584042482
0.473737033083 0.125551808532 0.496663665395 0.508584042482
0.473737033083 0.125551808532 0.496663665395 0.508584042482
0.473737033083 0.125551808532 0.496663665395 0.508584042482
0.473737033083 0.125551808532 0.496663665395 0.508584042482
0.473737033083 0.125551808532 0.496663665395 0.508584042482
0.473737033083 0.125551808532 0.496663665395 0.508584042482
0.473737033083 0.125551808532 0.496663665395 0.508584042482
0.473737033083 0.125551808532 0.496663665395 0.508584042482
0.473737033083 0.125551808532 0.496663665395 0.508584042482
0.473737033083 0.125551808532 0.496663665395 0.508584042482
0.473737033083 0.125551808532 0.496663665395 0.508584042482
0.473737033083 0.125551808532 0.496663665395 0.492238667779
0.473737033083 0.125551808532 0.496663665395 0.508584042482
0.473737033083 0.125551808532 0.496663665395 0.508584042482
0.473737033083 0.125551808532 0.496663665395 0.508584042482
0.473737033083 0.125551808532 0.496663665395 0.508584042482
0.473737033083 0.125551808532 0.496663665395 0.508584042482
0.473737033083 0.125551808532 0.496663665395 0.508584042482
0.473737033083 0.125551808532 0.496663665395 0.508584042482
0.473737033083 0.125551808532 0.496663665395 0.508584042482
0.473737033083 0.125551808532 0.496663665395 0.508584042482
0.473737033083 0.125551808532 0.496663665395 0.508584042482
0.473737033083 0.125551808532 0.496663665395 0.508584042482
0.473737033083 0.125551808532 0.496663665395 0.508584042482
0.473737033083 0.125551808532 0.496663665395 0.508584042482
0.473737033083 0.125551808532 0.496663665395 0.508584042482
0.473737033083 0.125551808532 0.496663665395 0.508584042482
0.473737033083 0.125551808532 0.496663665395 0.508584042482
0.473737033083 0.125551808532 0.496663665395 0.461854014961
0.473737033083 0.125551808532 0.496663665395 0.508584042482
0.473737033083 0.125551808532 0.496663665395 0.484550267377
0.473737033083 0.125551808532 0.496663665395 0.508584042482
0.473737033083 0.125551808532 0.496663665395 0.508584042482
0.473737033083 0.125551808532 0.496663665395 0.508584042482
0.473737033083 0.125551808532 0.496663665395 0.508584042482
0.473737033083 0.125551808532 0.496663665395 0.508584042482
0.473737033083 0.125551808532 0.496663665395 0.508584042482
0.473737033083 0.125551808532 0.496663665395 0.508584042482
0.473737033083 0.125551808532 0.496663665395 0.508584042482
0.473737033083 0.125551808532 0.496663665395 0.508584042482
0.473737033083 0.125551808532 0.496663665395 0.508584042482
0.473737033083 0.125551808532 0.496663665395 0.508584042482
0.473737033083 0.125551808532 0.496663665395 0.508584042482
0.473737033083 0.125551808532 0.496663665395 0.508584042482
0.473737033083 0.125551808532 0.496663665395 0.508584042482
0.473737033083 0.125551808532 0.496663665395 0.508584042482
0.473737033083 0.125551808532 0.496663665395 0.508584042482
0.473737033083 0.125551808532 0.496663665395 0.508584042482
0.473737033083 0.125551808532 0.496663665395 0.508584042482
0.473737033083 0.125551808532 0.496663665395 0.508584042482
0.473737033083 0.125551808532 0.496663665395 0.508584042482
0.473737033083 0.125551808532 0.496663665395 0.508584042482
0.473737033083 0.125551808532 0.496663665395 0.508584042482
0.473737033083 0.125551808532 0.496663665395 0.508584042482
0.473737033083 0.125551808532 0.496663665395 0.508584042482
0.473737033083 0.125551808532 0.496663665395 0.508584042482
0.473737033083 0.125551808532 0.496663665395 0.508584042482
0.473737033083 0.125551808532 0.496663665395 0.508584042482
0.473737033083 0.125551808532 0.496663665395 0.508584042482
0.473737033083 0.125551808532 0.496663665395 0.508584042482
0.473737033083 0.125551808532 0.496663665395 0.508584042482
0.473737033083 0.125551808532 0.496663665395 0.521577551532
0.473737033083 0.125551808532 0.496663665395 0.508584042482
0.473737033083 0.125551808532 0.496663665395 0.508584042482
0.473737033083 0.125551808532 0.496663665395 0.438198816811
0.473737033083 0.125551808532 0.496663665395 0.508584042482
0.473737033083 0.125551808532 0.496663665395 0.508584042482
0.473737033083 0.125551808532 0.496663665395 0.508584042482
0.473737033083 0.125551808532 0.496663665395 0.508584042482
0.473737033083 0.125551808532 0.496663665395 0.508584042482
0.473737033083 0.125551808532 0.496663665395 0.490748765501
0.473737033083 0.125551808532 0.496663665395 0.508584042482
0.473737033083 0.125551808532 0.496663665395 0.508584042482
0.473737033083 0.125551808532 0.496663665395 0.508584042482
0.473737033083 0.125551808532 0.496663665395 0.57335529668
0.473737033083 0.125551808532 0.496663665395 0.508584042482
0.473737033083 0.125551808532 0.496663665395 0.508584042482
0.473737033083 0.125551808532 0.496663665395 0.508584042482
0.473737033083 0.125551808532 0.496663665395 0.508584042482
0.473737033083 0.125551808532 0.496663665395 0.508584042482
0.473737033083 0.125551808532 0.496663665395 0.499655181655
0.473737033083 0.125551808532 0.496663665395 0.508584042482
0.473737033083 0.125551808532 0.496663665395 0.508584042482
0.473737033083 0.125551808532 0.496663665395 0.508584042482
0.473737033083 0.125551808532 0.496663665395 0.508584042482
0.473737033083 0.125551808532 0.496663665395 0.508584042482
0.473737033083 0.125551808532 0.496663665395 0.508584042482
0.473737033083 0.125551808532 0.496663665395 0.508584042482
0.473737033083 0.125551808532 0.496663665395 0.508584042482
0.473737033083 0.125551808532 0.496663665395 0.508584042482
0.473737033083 0.125551808532 0.496663665395 0.508584042482
0.473737033083 0.125551808532 0.496663665395 0.508584042482
