0.0254531623007 0.239378305477 0.539287290456 0.414587668361
0.0868646230539 0.0920502558075 0.70781041703 0.489244226962
0.0197287751294 0.0337395820807 0.112105527183 0.579329963089
0.50351748222 0.333975004201 0.118823659857 0.450710002424
0.173129236925 0.256143182545 0.0494398168983 0.682500108383
0.0325948115454 0.102252790226 0.476425002177 0.639038797058
0.367662135386 0.293893029217 0.0487593907743 0.808896141539
0.0228992094501 0.0275673961162 0.355733381971 0.73007985409
0.562126436241 0.438663591833 0.209833560567 0.383363225641
0.0261738571439 0.0227881834954 0.0248601629938 0.907568998565
0.783641658515 0.241445070074 0.15767042106 0.213287995367
0.187198308973 0.00475511971162 0.0947143606487 0.914314832078
0.326525646344 0.442293501231 0.399771050943 0.420839431755
0.247536911932 0.369695162527 0.394091155721 0.417110624815
0.180009885841 0.0526316223669 0.00221424860429 0.859047066993
0.00305536362805 0.000785859415854 0.199218745286 0.883078945838
0.00483031997113 0.015447275017 0.13815636579 0.799671931048
0.337052967797 0.00296938851388 0.490534948841 0.586000043473
0.169024945975 0.72190254679 0.454335357903 0.293826258603
0.684318047815 0.230548282678 0.497216699957 0.29332692174
0.0891988030467 0.707553294197 0.38046242479 0.0550082073195
0.0755811542823 0.0119934746958 0.203793061743 0.698125050542
0.120375561254 0.140562770182 0.611494024497 0.465014787879
0.285559800259 0.0628889383658 0.790459949467 0.199086818913
0.00150845679644 0.0386209161324 0.820835753777 0.192641106347
0.333265915935 0.16625461822 0.0381723909898 0.721706550894
0.521211794988 0.283435838621 0.149862817476 0.568662060844
0.3040626025 0.265645527205 0.858310274567 0.0034058226313
0.00141845742172 0.263434525811 0.686405261107 0.546262883776
0.483353310044 0.290954872672 0.450125349717 0.539274751333
0.585764913928 0.701398820689 0.418223721717 0.285345053466
0.086214159113 0.271325390765 0.0212307430426 0.686689506904
0.216663231849 0.346583861982 0.0145002057983 0.817536647512
0.230681072657 0.471858302357 0.810194204852 0.322180674824
0.242736334266 0.070997366285 0.421204244113 0.509603691076
0.0910419439493 0.00942393397829 0.369518960349 0.893288610511
0.22547196264 0.238827171587 0.150001712621 0.759565462395
0.0602331442386 0.13842404181 0.0276475147952 0.821738865969
0.383676811314 0.270408110207 0.0427639724968 0.795308140468
0.400770467522 0.647519384805 0.376961395651 0.365888527083
0.320980484701 0.198349676324 0.261905405368 0.581870331166
0.125558376389 0.0686294372764 0.183643361222 0.75082815883
0.737088537993 0.1043382224 0.534656869902 0.0384995925822
0.169205975709 0.45954463332 0.0241520851745 0.779474355706
0.18349501241 0.0390248186232 0.127019502024 0.680161853535
0.124484820135 0.517580956716 0.407643419448 0.573437642981
0.184654327075 0.798970580374 0.418862615564 0.356883983621
0.243916567025 0.678982389772 0.473879229071 0.36607138326
0.00464872500201 0.0808298027892 0.749469323105 0.434693730742
0.300133331341 0.157141994778 0.260430965552 0.782285776161
0.0254531623007 0.239378305477 0.539287290456 0.414587668361
0.0254531623007 0.239378305477 0.539287290456 0.414587668361
0.0254531623007 0.239378305477 0.539287290456 0.414587668361
0.0254531623007 0.239378305477 0.539287290456 0.414587668361
0.0264258138638 0.248449282438 0.559725331946 0.430297874229
0.0254531623007 0.239378305477 0.539287290456 0.414587668361
0.0254531623007 0.239378305477 0.539287290456 0.414587668361
0.0254531623007 0.239378305477 0.539287290456 0.414587668361
0.0254531623007 0.239378305477 0.539287290456 0.414587668361
0.0254531623007 0.239378305477 0.539287290456 0.414587668361
0.0254531623007 0.239378305477 0.539287290456 0.414587668361
0.0254531623007 0.239378305477 0.539287290456 0.414587668361
0.0254531623007 0.239378305477 0.539287290456 0.414587668361
0.0254531623007 0.239378305477 0.539287290456 0.414587668361
0.0254531623007 0.239378305477 0.539287290456 0.414587668361
0.0254531623007 0.239378305477 0.539287290456 0.414587668361
0.0254531623007 0.239378305477 0.539287290456 0.414587668361
0.0254531623007 0.239378305477 0.539287290456 0.414587668361
0.0254531623007 0.239378305477 0.539287290456 0.414587668361
0.0254531623007 0.239378305477 0.539287290456 0.414587668361
0.0254531623007 0.239378305477 0.539287290456 0.414587668361
0.0254531623007 0.239378305477 0.539287290456 0.414587668361
0.0254531623007 0.239378305477 0.539287290456 0.414587668361
0.0254531623007 0.239378305477 0.539287290456 0.414587668361
0.0254531623007 0.239378305477 0.539287290456 0.414587668361
0.0254531623007 0.239378305477 0.539287290456 0.414587668361
0.0254531623007 0.239378305477 0.539287290456 0.414587668361
0.0254531623007 0.239378305477 0.539287290456 0.414587668361
0.0254531623007 0.239378305477 0.539287290456 0.414587668361
0.0254531623007 0.239378305477 0.539287290456 0.414587668361
0.0254531623007 0.239378305477 0.539287290456 0.414587668361
0.0254531623007 0.239378305477 0.539287290456 0.414587668361
0.0254531623007 0.239378305477 0.539287290456 0.414587668361
0.00234532523706 0.240989376908 0.539287290456 0.414587668361
0.0254531623007 0.239378305477 0.539287290456 0.414587668361
0.0254531623007 0.239378305477 0.539287290456 0.414587668361
0.0254531623007 0.239378305477 0.539287290456 0.414587668361
0.0254531623007 0.239378305477 0.539287290456 0.414587668361
0.0254531623007 0.239378305477 0.539287290456 0.414587668361
0.0254531623007 0.239378305477 0.539287290456 0.414587668361
0.0254531623007 0.239378305477 0.539287290456 0.414587668361
0.0254531623007 0.239378305477 0.539287290456 0.414587668361
0.0254531623007 0.239378305477 0.539287290456 0.414587668361
0.0254531623007 0.239378305477 0.539287290456 0.414587668361
0.0254531623007 0.239378305477 0.539287290456 0.414587668361
0.0254531623007 0.239378305477 0.539287290456 0.414587668361
0.0254531623007 0.239378305477 0.539287290456 0.414587668361
0.0254531623007 0.239378305477 0.539287290456 0.414587668361
0.0254531623007 0.239378305477 0.539287290456 0.414587668361
0.0254531623007 0.239378305477 0.539287290456 0.414587668361
0.0254531623007 0.239378305477 0.539287290456 0.414587668361
0.0254531623007 0.239378305477 0.539287290456 0.414587668361
0.0254531623007 0.239378305477 0.539287290456 0.414587668361
0.0259370556981 0.243891109472 0.549455200227 0.422403483581
0.0254531623007 0.239378305477 0.539287290456 0.414587668361
0.0254531623007 0.239378305477 0.539287290456 0.414587668361
0.0254531623007 0.239378305477 0.539287290456 0.414587668361
0.0254531623007 0.239378305477 0.539287290456 0.414587668361
0.0254531623007 0.239378305477 0.539287290456 0.414587668361
0.0254531623007 0.239378305477 0.539287290456 0.414587668361
0.0254531623007 0.239378305477 0.539287290456 0.414587668361
0.0254531623007 0.239378305477 0.539287290456 0.414587668361
0.0254531623007 0.239378305477 0.539287290456 0.414587668361
0.0254531623007 0.239378305477 0.539287290456 0.414587668361
0.0254531623007 0.239378305477 0.539287290456 0.414587668361
0.0254531623007 0.239378305477 0.539287290456 0.414587668361
0.0254531623007 0.239378305477 0.539287290456 0.414587668361
0.0254531623007 0.239378305477 0.539287290456 0.414587668361
0.0254531623007 0.239378305477 0.539287290456 0.414587668361
0.0254531623007 0.239378305477 0.539287290456 0.414587668361
0.0254531623007 0.239378305477 0.539287290456 0.414587668361
0.0254531623007 0.239378305477 0.539287290456 0.414587668361
0.0254531623007 0.239378305477 0.539287290456 0.414587668361
0.0254531623007 0.239378305477 0.539287290456 0.414587668361
0.0254531623007 0.239378305477 0.539287290456 0.414587668361
0.0254531623007 0.239378305477 0.539287290456 0.414587668361
0.0254531623007 0.239378305477 0.539287290456 0.414587668361
0.0254531623007 0.239378305477 0.539287290456 0.414587668361
0.0254531623007 0.239378305477 0.539287290456 0.414587668361
0.0254531623007 0.239378305477 0.539287290456 0.414587668361
0.0254531623007 0.239378305477 0.539287290456 0.414587668361
0.0254531623007 0.239378305477 0.539287290456 0.414587668361
0.0244157926389 0.229703765632 0.517489346576 0.397832139901
0.0254531623007 0.239378305477 0.539287290456 0.414587668361
0.0254531623007 0.239378305477 0.539287290456 0.414587668361
0.0254531623007 0.239378305477 0.539287290456 0.414587668361
0.0254531623007 0.239378305477 0.539287290456 0.414587668361
0.0254531623007 0.239378305477 0.539287290456 0.414587668361
0.0254531623007 0.239378305477 0.539287290456 0.414587668361
0.0254531623007 0.239378305477 0.539287290456 0.414587668361
0.0254531623007 0.239378305477 0.539287290456 0.414587668361
0.0254531623007 0.239378305477 0.539287290456 0.414587668361
0.0254531623007 0.239378305477 0.539287290456 0.414587668361
0.0254531623007 0.239378305477 0.539287290456 0.414587668361
0.0254531623007 0.239378305477 0.539287290456 0.414587668361
0.0254531623007 0.239378305477 0.539287290456 0.414587668361
0.0254531623007 0.239378305477 0.539287290456 0.414587668361
0.0254531623007 0.239378305477 0.539287290456 0.414587668361
0.0254531623007 0.239378305477 0.539287290456 0.414587668361
0.0254531623007 0.239378305477 0.539287290456 0.414587668361
0.0254531623007 0.239378305477 0.539287290456 0.414587668361
0.0254531623007 0.239378305477 0.539287290456 0.414587668361
0.0254531623007 0.239378305477 0.539287290456 0.414587668361
0.0254531623007 0.239378305477 0.539287290456 0.414587668361
0.0254531623007 0.239378305477 0.539287290456 0.414587668361
0.0257298692673 0.241958882751 0.545101652637 0.419057021596
0.0254531623007 0.239378305477 0.539287290456 0.414587668361
0.0254531623007 0.239378305477 0.539287290456 0.414587668361
0.0254531623007 0.239378305477 0.539287290456 0.414587668361
0.0254531623007 0.239378305477 0.539287290456 0.414587668361
0.0254531623007 0.239378305477 0.539287290456 0.414587668361
0.0254531623007 0.239378305477 0.539287290456 0.414587668361
0.0254531623007 0.239378305477 0.539287290456 0.414587668361
0.0254531623007 0.239378305477 0.539287290456 0.414587668361
0.0254531623007 0.239378305477 0.539287290456 0.414587668361
0.0254531623007 0.239378305477 0.539287290456 0.414587668361
0.0254531623007 0.239378305477 0.539287290456 0.414587668361
0.0254531623007 0.239378305477 0.539287290456 0.414587668361
0.0254531623007 0.239378305477 0.539287290456 0.414587668361
0.0254531623007 0.239378305477 0.539287290456 0.414587668361
0.0254531623007 0.239378305477 0.539287290456 0.414587668361
0.0254531623007 0.239378305477 0.539287290456 0.414587668361
0.0254531623007 0.239378305477 0.539287290456 0.414587668361
0.0254531623007 0.239378305477 0.539287290456 0.414587668361
0.0254531623007 0.239378305477 0.539287290456 0.414587668361
0.0254531623007 0.239378305477 0.539287290456 0.414587668361
0.0254531623007 0.239378305477 0.539287290456 0.414587668361
0.0254531623007 0.239378305477 0.539287290456 0.414587668361
0.0254531623007 0.239378305477 0.539287290456 0.414587668361
0.0254531623007 0.239378305477 0.539287290456 0.414587668361
0.024139063269 0.227122979424 0.51167451364 0.393362424808
0.0254531623007 0.239378305477 0.539287290456 0.414587668361
0.0254531623007 0.239378305477 0.539287290456 0.414587668361
0.0254531623007 0.239378305477 0.539287290456 0.414587668361
0.0254531623007 0.239378305477 0.539287290456 0.414587668361
0.0254531623007 0.239378305477 0.539287290456 0.414587668361
0.0254531623007 0.239378305477 0.539287290456 0.414587668361
0.0254531623007 0.239378305477 0.539287290456 0.414587668361
0.0254531623007 0.239378305477 0.539287290456 0.414587668361
0.0254531623007 0.239378305477 0.539287290456 0.414587668361
0.0254531623007 0.239378305477 0.539287290456 0.414587668361
0.0254531623007 0.239378305477 0.539287290456 0.414587668361
0.0254531623007 0.239378305477 0.539287290456 0.414587668361
0.0254531623007 0.239378305477 0.539287290456 0.414587668361
0.0254531623007 0.239378305477 0.539287290456 0.414587668361
0.0254531623007 0.239378305477 0.539287290456 0.414587668361
0.0254531623007 0.239378305477 0.539287290456 0.414587668361
0.0254531623007 0.239378305477 0.539287290456 0.414587668361
0.0254531623007 0.239378305477 0.539287290456 0.414587668361
0.0254531623007 0.239378305477 0.539287290456 0.414587668361
0.0254531623007 0.239378305477 0.539287290456 0.414587668361
0.0254531623007 0.239378305477 0.539287290456 0.414587668361
0.0254531623007 0.239378305477 0.539287290456 0.414587668361
0.0254531623007 0.239378305477 0.539287290456 0.414587668361
0.0254531623007 0.239378305477 0.539287290456 0.414587668361
0.0254531623007 0.239378305477 0.539287290456 0.414587668361
0.0254531623007 0.239378305477 0.539287290456 0.414587668361
0.0269057597207 0.252925271555 0.569810293209 0.438049929028
0.0254531623007 0.239378305477 0.539287290456 0.414587668361
0.0254531623007 0.239378305477 0.539287290456 0.414587668361
0.0254531623007 0.239378305477 0.539287290456 0.414587668361
0.0254531623007 0.239378305477 0.539287290456 0.414587668361
0.0254531623007 0.239378305477 0.539287290456 0.414587668361
0.0256776920701 0.241472276682 0.544005268526 0.418214258844
0.0254531623007 0.239378305477 0.539287290456 0.414587668361
0.0254531623007 0.239378305477 0.539287290456 0.414587668361
0.0254531623007 0.239378305477 0.539287290456 0.414587668361
0.0254531623007 0.239378305477 0.539287290456 0.414587668361
0.0254531623007 0.239378305477 0.539287290456 0.414587668361
0.0254531623007 0.239378305477 0.539287290456 0.414587668361
0.0254531623007 0.239378305477 0.539287290456 0.414587668361
0.0254531623007 0.239378305477 0.539287290456 0.414587668361
0.0254531623007 0.239378305477 0.539287290456 0.414587668361
0.0254531623007 0.239378305477 0.539287290456 0.414587668361
0.0254531623007 0.239378305477 0.539287290456 0.414587668361
0.0254531623007 0.239378305477 0.539287290456 0.414587668361
0.0254531623007 0.239378305477 0.539287290456 0.414587668361
0.0254531623007 0.239378305477 0.539287290456 0.414587668361
0.0254531623007 0.239378305477 0.539287290456 0.414587668361
0.0254531623007 0.239378305477 0.539287290456 0.414587668361
0.0269366226758 0.253213100379 0.570458807416 0.438548425506
0.0254531623007 0.239378305477 0.539287290456 0.414587668361
0.0239574709654 0.225429444283 0.507858767925 0.39042935753
0.0254531623007 0.239378305477 0.539287290456 0.414587668361
0.0254531623007 0.239378305477 0.539287290456 0.414587668361
0.0254531623007 0.239378305477 0.539287290456 0.414587668361
0.0254531623007 0.239378305477 0.539287290456 0.414587668361
0.0254531623007 0.239378305477 0.539287290456 0.414587668361
0.0254531623007 0.239378305477 0.539287290456 0.414587668361
0.0254531623007 0.239378305477 0.539287290456 0.414587668361
0.0254531623007 0.239378305477 0.539287290456 0.414587668361
0.0254531623007 0.239378305477 0.539287290456 0.414587668361
0.0254531623007 0.239378305477 0.539287290456 0.414587668361
0.0254531623007 0.239378305477 0.539287290456 0.414587668361
0.0254531623007 0.239378305477 0.539287290456 0.414587668361
0.0254531623007 0.239378305477 0.539287290456 0.414587668361
0.0254531623007 0.239378305477 0.539287290456 0.414587668361
0.0254531623007 0.239378305477 0.539287290456 0.414587668361
0.0254531623007 0.239378305477 0.539287290456 0.414587668361
0.0254531623007 0.239378305477 0.539287290456 0.414587668361
0.0254531623007 0.239378305477 0.539287290456 0.414587668361
0.0254531623007 0.239378305477 0.539287290456 0.414587668361
0.0254531623007 0.239378305477 0.539287290456 0.414587668361
0.0254531623007 0.239378305477 0.539287290456 0.414587668361
0.0254531623007 0.239378305477 0.539287290456 0.414587668361
0.0254531623007 0.239378305477 0.539287290456 0.414587668361
0.0254531623007 0.239378305477 0.539287290456 0.414587668361
0.0254531623007 0.239378305477 0.539287290456 0.414587668361
0.0254531623007 0.239378305477 0.539287290456 0.414587668361
0.0254531623007 0.239378305477 0.539287290456 0.414587668361
0.0254531623007 0.239378305477 0.539287290456 0.414587668361
0.0254531623007 0.239378305477 0.539287290456 0.414587668361
0.0254531623007 0.239378305477 0.539287290456 0.414587668361
0.0254531623007 0.239378305477 0.539287290456 0.414587668361
0.0254531623007 0.239378305477 0.539287290456 0.414587668361
0.0254531623007 0.239378305477 0.539287290456 0.414587668361
0.0254531623007 0.239378305477 0.539287290456 0.414587668361
0.0254531623007 0.239378305477 0.539287290456 0.414587668361
0.0254531623007 0.239378305477 0.539287290456 0.414587668361
0.0254531623007 0.239378305477 0.539287290456 0.414587668361
0.0254531623007 0.239378305477 0.539287290456 0.414587668361
0.0254531623007 0.239378305477 0.539287290456 0.414587668361
0.0254531623007 0.239378305477 0.539287290456 0.414587668361
0.0254531623007 0.239378305477 0.539287290456 0.414587668361
0.0254531623007 0.239378305477 0.539287290456 0.414587668361
0.0254531623007 0.239378305477 0.539287290456 0.414587668361
0.0254531623007 0.239378305477 0.539287290456 0.414587668361
0.0254531623007 0.239378305477 0.539287290456 0.414587668361
0.0269184427399 0.253043553764 0.570076797765 0.438254784344
0.0254531623007 0.239378305477 0.539287290456 0.414587668361
0.0254531623007 0.239378305477 0.539287290456 0.414587668361
0.0254531623007 0.239378305477 0.539287290456 0.414587668361
0.0254531623007 0.239378305477 0.539287290456 0.414587668361
0.0254531623007 0.239378305477 0.539287290456 0.414587668361
0.0254531623007 0.239378305477 0.539287290456 0.414587668361
0.0254531623007 0.239378305477 0.539287290456 0.414587668361
0.0254531623007 0.239378305477 0.539287290456 0.414587668361
0.0254531623007 0.239378305477 0.539287290456 0.414587668361
0.0254531623007 0.239378305477 0.539287290456 0.414587668361
0.0254531623007 0.239378305477 0.539287290456 0.414587668361
0.0254531623007 0.239378305477 0.539287290456 0.414587668361
0.0254531623007 0.239378305477 0.539287290456 0.414587668361
0.0255376733943 0.240166458411 0.541063097233 0.415952686142
0.0252420000209 0.237408999872 0.53485019952 0.411176988718
0.0254531623007 0.239378305477 0.539287290456 0.414587668361
0.0254531623007 0.239378305477 0.539287290456 0.414587668361
0.0254531623007 0.239378305477 0.539287290456 0.414587668361
0.0254531623007 0.239378305477 0.539287290456 0.414587668361
0.0254531623007 0.239378305477 0.539287290456 0.414587668361
0.0254531623007 0.239378305477 0.539287290456 0.414587668361
0.0254531623007 0.239378305477 0.539287290456 0.414587668361
0.0254531623007 0.239378305477 0.539287290456 0.414587668361
0.0254531623007 0.239378305477 0.539287290456 0.414587668361
0.0254531623007 0.239378305477 0.539287290456 0.414587668361
0.0254531623007 0.239378305477 0.539287290456 0.414587668361
0.0254531623007 0.239378305477 0.539287290456 0.414587668361
0.0254531623007 0.239378305477 0.539287290456 0.414587668361
0.0254531623007 0.239378305477 0.539287290456 0.414587668361
0.0263295972283 0.247551963278 0.557703560057 0.428743789283
0.0254531623007 0.239378305477 0.539287290456 0.414587668361
0.0254531623007 0.239378305477 0.539287290456 0.414587668361
0.0254531623007 0.239378305477 0.539287290456 0.414587668361
0.0254531623007 0.239378305477 0.539287290456 0.414587668361
0.0254531623007 0.239378305477 0.539287290456 0.414587668361
0.0254531623007 0.239378305477 0.539287290456 0.414587668361
0.0254531623007 0.239378305477 0.539287290456 0.414587668361
0.0254531623007 0.239378305477 0.539287290456 0.414587668361
0.0254531623007 0.239378305477 0.539287290456 0.414587668361
0.0254531623007 0.239378305477 0.539287290456 0.414587668361
0.0254531623007 0.239378305477 0.539287290456 0.414587668361
0.0254531623007 0.239378305477 0.539287290456 0.414587668361
0.0254531623007 0.239378305477 0.539287290456 0.414587668361
0.0254531623007 0.239378305477 0.539287290456 0.414587668361
0.0254531623007 0.239378305477 0.539287290456 0.414587668361
0.0254531623007 0.239378305477 0.539287290456 0.414587668361
0.0254531623007 0.239378305477 0.539287290456 0.414587668361
0.0254531623007 0.239378305477 0.539287290456 0.414587668361
0.0254531623007 0.239378305477 0.539287290456 0.414587668361
0.0254531623007 0.239378305477 0.539287290456 0.414587668361
0.0254531623007 0.239378305477 0.539287290456 0.414587668361
0.0254531623007 0.239378305477 0.539287290456 0.414587668361
0.0254531623007 0.239378305477 0.539287290456 0.414587668361
0.0254531623007 0.239378305477 0.539287290456 0.414587668361
0.0254531623007 0.239378305477 0.539287290456 0.414587668361
0.0254531623007 0.239378305477 0.539287290456 0.414587668361
0.0254531623007 0.239378305477 0.539287290456 0.414587668361
0.0254531623007 0.239378305477 0.539287290456 0.414587668361
0.0265318567359 0.249438241369 0.561953579658 0.43201067192
0.0254531623007 0.239378305477 0.539287290456 0.414587668361
0.0254531623007 0.239378305477 0.539287290456 0.414587668361
0.0254531623007 0.239378305477 0.539287290456 0.414587668361
0.0254531623007 0.239378305477 0.539287290456 0.414587668361
0.0254531623007 0.239378305477 0.539287290456 0.414587668361
0.0254531623007 0.239378305477 0.539287290456 0.414587668361
0.0254531623007 0.239378305477 0.539287290456 0.414587668361
0.0254531623007 0.239378305477 0.539287290456 0.414587668361
0.103640842552 0.212812772572 0.539287290456 0.414587668361
0.0254531623007 0.239378305477 0.539287290456 0.414587668361
0.0254531623007 0.239378305477 0.539287290456 0.414587668361
0.0254531623007 0.239378305477 0.539287290456 0.414587668361
0.0254531623007 0.239378305477 0.539287290456 0.414587668361
0.0254531623007 0.239378305477 0.539287290456 0.414587668361
0.0254531623007 0.239378305477 0.539287290456 0.414587668361
0.0254531623007 0.239378305477 0.539287290456 0.414587668361
0.0254531623007 0.239378305477 0.539287290456 0.414587668361
0.0254531623007 0.239378305477 0.539287290456 0.414587668361
0.0254531623007 0.239378305477 0.539287290456 0.414587668361
0.0254531623007 0.239378305477 0.539287290456 0.414587668361
0.0254531623007 0.239378305477 0.539287290456 0.414587668361
0.0254531623007 0.239378305477 0.539287290456 0.414587668361
0.0254531623007 0.239378305477 0.539287290456 0.414587668361
0.0254531623007 0.239378305477 0.539287290456 0.414587668361
0.0254531623007 0.239378305477 0.539287290456 0.414587668361
0.0254531623007 0.239378305477 0.539287290456 0.414587668361
0.0254531623007 0.239378305477 0.539287290456 0.414587668361
0.0254531623007 0.239378305477 0.539287290456 0.414587668361
0.0254531623007 0.239378305477 0.539287290456 0.414587668361
0.0254531623007 0.239378305477 0.539287290456 0.414587668361
0.0254531623007 0.239378305477 0.539287290456 0.414587668361
0.0254531623007 0.239378305477 0.539287290456 0.414587668361
0.0254531623007 0.239378305477 0.539287290456 0.414587668361
0.0254531623007 0.239378305477 0.539287290456 0.414587668361
0.0254531623007 0.239378305477 0.539287290456 0.414587668361
0.0254531623007 0.239378305477 0.539287290456 0.414587668361
0.0254531623007 0.239378305477 0.539287290456 0.414587668361
0.0254531623007 0.239378305477 0.539287290456 0.414587668361
0.0254531623007 0.239378305477 0.539287290456 0.414587668361
0.0254531623007 0.239378305477 0.539287290456 0.414587668361
0.0254531623007 0.239378305477 0.539287290456 0.414587668361
0.0254531623007 0.239378305477 0.539287290456 0.414587668361
0.0254531623007 0.239378305477 0.539287290456 0.414587668361
0.0254531623007 0.239378305477 0.539287290456 0.414587668361
0.0254531623007 0.239378305477 0.539287290456 0.414587668361
0.0254531623007 0.239378305477 0.539287290456 0.414587668361
0.0254531623007 0.239378305477 0.539287290456 0.414587668361
0.0254531623007 0.239378305477 0.539287290456 0.414587668361
0.0254531623007 0.239378305477 0.539287290456 0.414587668361
0.0254531623007 0.239378305477 0.539287290456 0.414587668361
0.0254531623007 0.239378305477 0.539287290456 0.414587668361
0.0254531623007 0.239378305477 0.539287290456 0.414587668361
0.0254531623007 0.239378305477 0.539287290456 0.414587668361
0.0254531623007 0.239378305477 0.539287290456 0.414587668361
0.0254531623007 0.239378305477 0.539287290456 0.414587668361
0.0254531623007 0.239378305477 0.539287290456 0.414587668361
0.0254531623007 0.239378305477 0.539287290456 0.414587668361
0.0254531623007 0.239378305477 0.539287290456 0.414587668361
0.0254531623007 0.239378305477 0.539287290456 0.414587668361
0.0254531623007 0.239378305477 0.539287290456 0.414587668361
0.0254531623007 0.239378305477 0.539287290456 0.414587668361
0.0254531623007 0.239378305477 0.539287290456 0.414587668361
0.0254531623007 0.239378305477 0.539287290456 0.414587668361
0.0254531623007 0.239378305477 0.539287290456 0.414587668361
0.0254531623007 0.239378305477 0.539287290456 0.414587668361
0.0249499281284 0.234685128849 0.528712978666 0.406459462182
0.0254531623007 0.239378305477 0.539287290456 0.414587668361
0.0254531623007 0.239378305477 0.539287290456 0.414587668361
0.0254531623007 0.239378305477 0.539287290456 0.414587668361
0.0254531623007 0.239378305477 0.539287290456 0.414587668361
0.0254531623007 0.239378305477 0.539287290456 0.414587668361
0.0254531623007 0.239378305477 0.539287290456 0.414587668361
0.0254531623007 0.239378305477 0.539287290456 0.414587668361
0.0254531623007 0.239378305477 0.539287290456 0.414587668361
0.0255230167879 0.24002977047 0.540755122269 0.415715953572
0.025257654748 0.237554996315 0.5351791477 0.411429842868
0.0254531623007 0.239378305477 0.539287290456 0.414587668361
0.0254531623007 0.239378305477 0.539287290456 0.414587668361
0.0254531623007 0.239378305477 0.539287290456 0.414587668361
0.0254531623007 0.239378305477 0.539287290456 0.414587668361
0.0254531623007 0.239378305477 0.539287290456 0.414587668361
0.0254531623007 0.239378305477 0.539287290456 0.414587668361
0.0254531623007 0.239378305477 0.539287290456 0.414587668361
0.0254531623007 0.239378305477 0.539287290456 0.414587668361
0.0254531623007 0.239378305477 0.539287290456 0.414587668361
0.0254531623007 0.239378305477 0.539287290456 0.414587668361
0.0254531623007 0.239378305477 0.539287290456 0.414587668361
0.0254531623007 0.239378305477 0.539287290456 0.414587668361
0.0254531623007 0.239378305477 0.539287290456 0.414587668361
0.0254531623007 0.239378305477 0.539287290456 0.414587668361
0.0254531623007 0.239378305477 0.539287290456 0.414587668361
0.0254531623007 0.239378305477 0.539287290456 0.414587668361
0.0254531623007 0.239378305477 0.539287290456 0.414587668361
0.0254531623007 0.239378305477 0.539287290456 0.414587668361
0.0254531623007 0.239378305477 0.539287290456 0.414587668361
0.0254587839166 0.239430732832 0.539405415819 0.414678468342
0.0254531623007 0.239378305477 0.539287290456 0.414587668361
0.0254531623007 0.239378305477 0.539287290456 0.414587668361
0.0254531623007 0.239378305477 0.539287290456 0.414587668361
0.0254531623007 0.239378305477 0.539287290456 0.414587668361
0.0254531623007 0.239378305477 0.539287290456 0.414587668361
0.0254531623007 0.239378305477 0.539287290456 0.414587668361
0.0254531623007 0.239378305477 0.539287290456 0.414587668361
0.0254531623007 0.239378305477 0.539287290456 0.414587668361
0.0254531623007 0.239378305477 0.539287290456 0.414587668361
0.0254531623007 0.239378305477 0.539287290456 0.414587668361
0.0254531623007 0.239378305477 0.539287290456 0.414587668361
0.0254531623007 0.239378305477 0.539287290456 0.414587668361
0.0254531623007 0.239378305477 0.539287290456 0.414587668361
0.0254531623007 0.239378305477 0.539287290456 0.414587668361
0.0254531623007 0.239378305477 0.539287290456 0.414587668361
0.0254531623007 0.239378305477 0.539287290456 0.414587668361
0.0254531623007 0.239378305477 0.539287290456 0.414587668361
0.0254531623007 0.239378305477 0.539287290456 0.414587668361
0.0254531623007 0.239378305477 0.539287290456 0.414587668361
0.0254531623007 0.239378305477 0.539287290456 0.414587668361
0.0254531623007 0.239378305477 0.539287290456 0.414587668361
0.0254531623007 0.239378305477 0.539287290456 0.414587668361
0.0254531623007 0.239378305477 0.539287290456 0.414587668361
0.0254531623007 0.239378305477 0.539287290456 0.414587668361
0.0254531623007 0.239378305477 0.539287290456 0.414587668361
0.0254531623007 0.239378305477 0.539287290456 0.414587668361
0.0254531623007 0.239378305477 0.539287290456 0.414587668361
0.0254531623007 0.239378305477 0.539287290456 0.414587668361
0.0254531623007 0.239378305477 0.539287290456 0.414587668361
0.0254531623007 0.239378305477 0.539287290456 0.414587668361
0.0254531623007 0.239378305477 0.539287290456 0.414587668361
0.0254531623007 0.239378305477 0.539287290456 0.414587668361
0.0254531623007 0.239378305477 0.539287290456 0.414587668361
0.0254531623007 0.239378305477 0.539287290456 0.414587668361
0.0254531623007 0.239378305477 0.539287290456 0.414587668361
0.0254531623007 0.239378305477 0.539287290456 0.414587668361
0.0254531623007 0.239378305477 0.539287290456 0.414587668361
0.0267231721937 0.251222454931 0.565973635156 0.435100786964
0.0254531623007 0.239378305477 0.539287290456 0.414587668361
0.0254531623007 0.239378305477 0.539287290456 0.414587668361
0.0254531623007 0.239378305477 0.539287290456 0.414587668361
0.0254531623007 0.239378305477 0.539287290456 0.414587668361
0.0254531623007 0.239378305477 0.539287290456 0.414587668361
0.0254531623007 0.239378305477 0.539287290456 0.414587668361
0.0254531623007 0.239378305477 0.539287290456 0.414587668361
0.0254531623007 0.239378305477 0.539287290456 0.414587668361
0.0254531623007 0.239378305477 0.539287290456 0.414587668361
0.0254531623007 0.239378305477 0.539287290456 0.414587668361
0.0254531623007 0.239378305477 0.539287290456 0.414587668361
0.0254531623007 0.239378305477 0.539287290456 0.414587668361
0.0254531623007 0.239378305477 0.539287290456 0.414587668361
0.0254531623007 0.239378305477 0.539287290456 0.414587668361
0.0254531623007 0.239378305477 0.539287290456 0.414587668361
0.0254531623007 0.239378305477 0.539287290456 0.414587668361
0.0254531623007 0.239378305477 0.539287290456 0.414587668361
0.0254531623007 0.239378305477 0.539287290456 0.414587668361
0.0270289037614 0.254073716485 0.572397882752 0.440038943702
0.0254531623007 0.239378305477 0.539287290456 0.414587668361
0.0254531623007 0.239378305477 0.539287290456 0.414587668361
0.0254531623007 0.239378305477 0.539287290456 0.414587668361
0.0268850493176 0.252732125729 0.569375111593 0.43771541592
0.0254531623007 0.239378305477 0.539287290456 0.414587668361
0.0254531623007 0.239378305477 0.539287290456 0.414587668361
0.0254531623007 0.239378305477 0.539287290456 0.414587668361
0.0254531623007 0.239378305477 0.539287290456 0.414587668361
0.0254531623007 0.239378305477 0.539287290456 0.414587668361
