0.277483694725 0.146367318789 0.645044271702 0.351655433563
0.670915830399 0.663259430262 0.266589535636 0.427517852805
0.74139730553 0.201018802058 0.74894791026 -0.00518022204525
0.958775946085 0.153752659909 0.988135435461 0.601292010562
0.288163268331 0.987099792353 0.752640918442 0.542209901519
0.246448251174 0.813878048014 0.374221471062 0.534511305354
0.213337310992 0.784454172056 0.358922410503 0.31946342174
0.915634450999 0.384858857873 0.233196965358 0.229713577894
0.651244989529 0.767150682092 0.911020779988 0.448549729253
0.442299222329 0.257654111071 0.517995266918 0.206646138404
0.578520217783 0.485339717383 0.524528511543 0.577609689446
0.691503360336 0.768710525812 0.831495987005 0.538297566744
0.980196814523 0.106878818931 0.435953183638 0.391677457924
0.259284363525 0.840619828944 0.3252341843 0.0983419924994
0.811882067027 0.576790887577 0.0634519847942 0.936678468673
0.0596878842558 0.289692210187 0.908464741338 0.780911997893
0.742130491609 0.566120895485 0.303622679584 0.242215000347
0.723678407061 0.0271352978546 0.141690295488 0.574525148985
0.928248264576 0.36759563468 0.84855567373 0.476867068863
0.627248239446 0.597236782563 0.836406717694 0.298769707936
0.0257486397718 0.630871335338 0.658492560295 0.466307608267
0.456606302999 0.596659403471 0.220148256018 0.473308886621
0.978783845635 0.28977228246 0.663391529475 0.605411401635
0.799564691828 0.652333921266 0.956620231587 0.286094477258
0.672491380679 0.603844259405 0.949305038464 0.608026896322
0.341021408222 0.119824125625 0.0642022807082 0.740632302217
0.31373536467 0.759063863454 0.160818329551 0.483328849875
0.317006850277 0.410359813581 0.428582390322 0.459036158235
0.337496445477 0.799768149971 0.787078798278 0.483285282208
0.224951992851 0.0583226507191 0.49532403087 0.403577950452
0.573244905933 0.947025261215 0.305311946309 0.38479844624
0.215333221294 0.409001711254 0.859847462884 0.678812657638
0.0726129843288 0.278256835339 0.989679780175 0.545191056051
0.491547885459 0.289843386643 0.147568964531 0.603884930614
0.769142389632 0.84577455683 0.473081634291 0.563842261508
0.498200148425 0.485498052486 0.0933800263796 0.327561069491
0.0680658334454 0.482964973358 0.466721697835 0.67584650528
0.806438518627 0.328216248529 0.145542000261 0.545147964873
0.255054629781 0.65229610661 0.696776958236 0.600697182476
0.296536386026 0.587070486782 0.209773873245 0.534551890369
0.260506538188 0.667617025766 0.960093351159 0.162844392953
0.536263802171 0.192868097263 0.482377036786 0.478482668925
0.613322964533 0.480753159979 0.0535482660331 0.353551715078
0.531832836684 0.581106666373 0.674200892702 0.285824937968
0.815066816024 0.0176666999956 0.962316125113 0.452013959569
0.218486409036 0.953311262997 0.722944712764 0.522349019958
0.0479275728329 0.7744844011 0.891493255096 0.37262803316
0.887406457107 0.751719510701 0.645302364578 0.510795174201
0.00626616812411 0.739815517648 0.0427496602987 0.46862218048
0.982980510979 0.531083983758 0.949545873798 0.106379218111
0.277483694725 0.146367318789 0.645044271702 0.351655433563
0.277483694725 0.146367318789 0.645044271702 0.351655433563
0.277483694725 0.146367318789 0.645044271702 0.351655433563
0.277483694725 0.146367318789 0.645044271702 0.351655433563
0.277483694725 0.146367318789 0.645044271702 0.351655433563
0.277483694725 0.146367318789 0.645044271702 0.351655433563
0.277483694725 0.146367318789 0.645044271702 0.351655433563
0.277483694725 0.146367318789 0.645044271702 0.351655433563
0.277483694725 0.146367318789 0.645044271702 0.351655433563
0.277483694725 0.146367318789 0.645044271702 0.351655433563
0.277483694725 0.146367318789 0.645044271702 0.351655433563
0.277483694725 0.146367318789 0.645044271702 0.351655433563
0.277483694725 0.146367318789 0.645044271702 0.351655433563
0.277483694725 0.146367318789 0.645044271702 0.351655433563
0.277483694725 0.146367318789 0.645044271702 0.351655433563
0.277483694725 0.146367318789 0.645044271702 0.351655433563
0.277483694725 0.146367318789 0.645044271702 0.256318676383
0.277483694725 0.146367318789 0.645044271702 0.351655433563
0.277483694725 0.146367318789 0.645044271702 0.351655433563
0.277483694725 0.146367318789 0.645044271702 0.351655433563
0.277483694725 0.146367318789 0.645044271702 0.351655433563
0.277483694725 0.146367318789 0.645044271702 0.351655433563
0.277483694725 0.146367318789 0.645044271702 0.351655433563
0.277483694725 0.146367318789 0.645044271702 0.351655433563
0.277483694725 0.146367318789 0.645044271702 0.351655433563
0.277483694725 0.146367318789 0.645044271702 0.351655433563
0.277483694725 0.146367318789 0.645044271702 0.351655433563
0.277483694725 0.146367318789 0.645044271702 0.351655433563
0.277483694725 0.146367318789 0.645044271702 0.351655433563
0.277483694725 0.146367318789 0.645044271702 0.351655433563
0.277483694725 0.146367318789 0.645044271702 0.351655433563
0.277483694725 0.146367318789 0.645044271702 0.351655433563
0.277483694725 0.146367318789 0.645044271702 0.351655433563
0.277483694725 0.146367318789 0.645044271702 0.351655433563
0.277483694725 0.146367318789 0.645044271702 0.351655433563
0.277483694725 0.146367318789 0.645044271702 0.351655433563
0.277483694725 0.146367318789 0.645044271702 0.351655433563
0.277483694725 0.146367318789 0.645044271702 0.351655433563
0.277483694725 0.146367318789 0.645044271702 0.351655433563
0.277483694725 0.146367318789 0.645044271702 0.351655433563
0.277483694725 0.146367318789 0.645044271702 0.357957644535
0.277483694725 0.146367318789 0.645044271702 0.351655433563
0.277483694725 0.146367318789 0.645044271702 0.351655433563
0.277483694725 0.146367318789 0.645044271702 0.351655433563
0.277483694725 0.146367318789 0.645044271702 0.351655433563
0.277483694725 0.146367318789 0.645044271702 0.351655433563
0.277483694725 0.146367318789 0.645044271702 0.351655433563
0.277483694725 0.146367318789 0.645044271702 0.351655433563
0.277483694725 0.146367318789 0.645044271702 0.351655433563
0.277483694725 0.146367318789 0.645044271702 0.351655433563
0.277483694725 0.146367318789 0.645044271702 0.351655433563
0.277483694725 0.146367318789 0.645044271702 0.351655433563
0.277483694725 0.146367318789 0.645044271702 0.351655433563
0.277483694725 0.146367318789 0.645044271702 0.351655433563
0.277483694725 0.146367318789 0.645044271702 0.351655433563
0.277483694725 0.146367318789 0.645044271702 0.351655433563
0.277483694725 0.146367318789 0.645044271702 0.351655433563
0.277483694725 0.146367318789 0.645044271702 0.351655433563
0.277483694725 0.146367318789 0.645044271702 0.461479946112
0.277483694725 0.146367318789 0.645044271702 0.351655433563
0.277483694725 0.146367318789 0.645044271702 0.351655433563
0.277483694725 0.146367318789 0.645044271702 0.271048817396
0.277483694725 0.146367318789 0.645044271702 0.351655433563
0.277483694725 0.146367318789 0.645044271702 0.351655433563
0.277483694725 0.146367318789 0.645044271702 0.351655433563
0.277483694725 0.146367318789 0.645044271702 0.351655433563
0.277483694725 0.146367318789 0.645044271702 0.351655433563
0.277483694725 0.146367318789 0.645044271702 0.351655433563
0.277483694725 0.146367318789 0.645044271702 0.351655433563
0.277483694725 0.146367318789 0.645044271702 0.325911277109
0.277483694725 0.146367318789 0.645044271702 0.351655433563
0.277483694725 0.146367318789 0.645044271702 0.351655433563
0.277483694725 0.146367318789 0.645044271702 0.351655433563
0.277483694725 0.146367318789 0.645044271702 0.351655433563
0.277483694725 0.146367318789 0.645044271702 0.351655433563
0.277483694725 0.146367318789 0.645044271702 0.351655433563
0.277483694725 0.146367318789 0.645044271702 0.351655433563
0.277483694725 0.146367318789 0.645044271702 0.351655433563
0.277483694725 0.146367318789 0.645044271702 0.351655433563
0.277483694725 0.146367318789 0.645044271702 0.351655433563
0.277483694725 0.146367318789 0.645044271702 0.351655433563
0.277483694725 0.146367318789 0.645044271702 0.351655433563
0.277483694725 0.146367318789 0.645044271702 0.351655433563
0.277483694725 0.146367318789 0.645044271702 0.351655433563
0.277483694725 0.146367318789 0.645044271702 0.351655433563
0.277483694725 0.146367318789 0.645044271702 0.298346043493
0.277483694725 0.146367318789 0.645044271702 0.351655433563
0.277483694725 0.146367318789 0.645044271702 0.351655433563
0.277483694725 0.146367318789 0.645044271702 0.377205590685
0.277483694725 0.146367318789 0.645044271702 0.351655433563
0.277483694725 0.146367318789 0.645044271702 0.351655433563
0.277483694725 0.146367318789 0.645044271702 0.351655433563
0.277483694725 0.146367318789 0.645044271702 0.351655433563
0.277483694725 0.146367318789 0.645044271702 0.351655433563
0.277483694725 0.146367318789 0.645044271702 0.351655433563
0.277483694725 0.146367318789 0.645044271702 0.351655433563
0.277483694725 0.146367318789 0.645044271702 0.351655433563
0.277483694725 0.146367318789 0.645044271702 0.351655433563
0.277483694725 0.146367318789 0.645044271702 0.351655433563
0.277483694725 0.146367318789 0.645044271702 0.351655433563
0.277483694725 0.146367318789 0.645044271702 0.351655433563
0.277483694725 0.146367318789 0.645044271702 0.351655433563
0.277483694725 0.146367318789 0.645044271702 0.351655433563
0.277483694725 0.146367318789 0.645044271702 0.351655433563
0.277483694725 0.146367318789 0.645044271702 0.351655433563
0.277483694725 0.146367318789 0.645044271702 0.351655433563
0.277483694725 0.146367318789 0.645044271702 0.351655433563
0.277483694725 0.146367318789 0.645044271702 0.351655433563
0.277483694725 0.146367318789 0.645044271702 0.247940216276
0.277483694725 0.146367318789 0.645044271702 0.351655433563
0.277483694725 0.146367318789 0.645044271702 0.351655433563
0.277483694725 0.146367318789 0.645044271702 0.351655433563
0.277483694725 0.146367318789 0.645044271702 0.351655433563
0.277483694725 0.146367318789 0.645044271702 0.351655433563
0.277483694725 0.146367318789 0.645044271702 0.351655433563
0.277483694725 0.146367318789 0.645044271702 0.351655433563
0.277483694725 0.146367318789 0.645044271702 0.351655433563
0.277483694725 0.146367318789 0.645044271702 0.351655433563
0.277483694725 0.146367318789 0.645044271702 0.351655433563
0.277483694725 0.146367318789 0.645044271702 0.351655433563
0.277483694725 0.146367318789 0.645044271702 0.351655433563
0.277483694725 0.146367318789 0.645044271702 0.351655433563
0.277483694725 0.146367318789 0.645044271702 0.351655433563
0.277483694725 0.146367318789 0.645044271702 0.351655433563
0.277483694725 0.146367318789 0.645044271702 0.351655433563
0.277483694725 0.146367318789 0.645044271702 0.351655433563
0.277483694725 0.146367318789 0.645044271702 0.351655433563
0.277483694725 0.146367318789 0.645044271702 0.351655433563
0.277483694725 0.146367318789 0.645044271702 0.351655433563
0.277483694725 0.146367318789 0.645044271702 0.351655433563
0.277483694725 0.146367318789 0.645044271702 0.351655433563
0.277483694725 0.146367318789 0.645044271702 0.351655433563
0.277483694725 0.146367318789 0.645044271702 0.351655433563
0.277483694725 0.146367318789 0.645044271702 0.382755163075
0.277483694725 0.146367318789 0.645044271702 0.351655433563
0.277483694725 0.146367318789 0.645044271702 0.351655433563
0.277483694725 0.146367318789 0.645044271702 0.351655433563
0.277483694725 0.146367318789 0.645044271702 0.351655433563
0.277483694725 0.146367318789 0.645044271702 0.351655433563
0.277483694725 0.146367318789 0.645044271702 0.351655433563
0.277483694725 0.146367318789 0.645044271702 0.351655433563
0.277483694725 0.146367318789 0.645044271702 0.351655433563
0.277483694725 0.146367318789 0.645044271702 0.351655433563
0.277483694725 0.146367318789 0.645044271702 0.351655433563
0.277483694725 0.146367318789 0.645044271702 0.351655433563
0.277483694725 0.146367318789 0.645044271702 0.351655433563
0.277483694725 0.146367318789 0.645044271702 0.351655433563
0.277483694725 0.146367318789 0.645044271702 0.351655433563
0.277483694725 0.146367318789 0.645044271702 0.351655433563
0.277483694725 0.146367318789 0.645044271702 0.351655433563
0.277483694725 0.146367318789 0.645044271702 0.351655433563
0.277483694725 0.146367318789 0.645044271702 0.351655433563
0.277483694725 0.146367318789 0.645044271702 0.351655433563
0.277483694725 0.146367318789 0.645044271702 0.351655433563
0.277483694725 0.660031344647 0.645044271702 0.351609592494
0.277483694725 0.146367318789 0.645044271702 0.351655433563
0.277483694725 0.146367318789 0.645044271702 0.351655433563
0.277483694725 0.146367318789 0.645044271702 0.351655433563
0.277483694725 0.146367318789 0.645044271702 0.351655433563
0.277483694725 0.146367318789 0.645044271702 0.351655433563
0.277483694725 0.146367318789 0.645044271702 0.351655433563
0.277483694725 0.146367318789 0.645044271702 0.351655433563
0.277483694725 0.146367318789 0.645044271702 0.351655433563
0.277483694725 0.146367318789 0.645044271702 0.351655433563
0.277483694725 0.146367318789 0.645044271702 0.351655433563
0.277483694725 0.146367318789 0.645044271702 0.351655433563
0.277483694725 0.146367318789 0.645044271702 0.351655433563
0.277483694725 0.146367318789 0.645044271702 0.351655433563
0.277483694725 0.146367318789 0.645044271702 0.351655433563
0.277483694725 0.146367318789 0.645044271702 0.351655433563
0.277483694725 0.146367318789 0.645044271702 0.351655433563
0.277483694725 0.146367318789 0.645044271702 0.351655433563
0.277483694725 0.146367318789 0.645044271702 0.351655433563
0.277483694725 0.146367318789 0.645044271702 0.351655433563
0.277483694725 0.146367318789 0.645044271702 0.351655433563
0.277483694725 0.146367318789 0.645044271702 0.351655433563
0.277483694725 0.146367318789 0.645044271702 0.351655433563
0.277483694725 0.146367318789 0.645044271702 0.377431176612
0.361776440788 0.146367318789 0.645044271702 0.351676591157
0.277483694725 0.146367318789 0.645044271702 0.351655433563
0.277483694725 0.146367318789 0.645044271702 0.351655433563
0.277483694725 0.146367318789 0.645044271702 0.351655433563
0.277483694725 0.146367318789 0.645044271702 0.351655433563
0.277483694725 0.146367318789 0.645044271702 0.351655433563
0.277483694725 0.146367318789 0.645044271702 0.351655433563
0.277483694725 0.146367318789 0.645044271702 0.337086861982
0.277483694725 0.146367318789 0.645044271702 0.351655433563
0.277483694725 0.146367318789 0.645044271702 0.351655433563
0.277483694725 0.146367318789 0.645044271702 0.351655433563
0.277483694725 0.146367318789 0.645044271702 0.351655433563
0.277483694725 0.146367318789 0.645044271702 0.351655433563
0.277483694725 0.146367318789 0.645044271702 0.351655433563
0.277483694725 0.146367318789 0.645044271702 0.351655433563
0.277483694725 0.146367318789 0.645044271702 0.351655433563
0.277483694725 0.146367318789 0.645044271702 0.351655433563
0.277483694725 0.146367318789 0.645044271702 0.351655433563
0.277483694725 0.146367318789 0.645044271702 0.351655433563
0.277483694725 0.146367318789 0.645044271702 0.351655433563
0.277483694725 0.146367318789 0.645044271702 0.351655433563
0.277483694725 0.146367318789 0.645044271702 0.351655433563
0.277483694725 0.146367318789 0.645044271702 0.351655433563
0.277483694725 0.146367318789 0.645044271702 0.351655433563
0.277483694725 0.146367318789 0.645044271702 0.351655433563
0.277483694725 0.146367318789 0.645044271702 0.351655433563
0.277483694725 0.146367318789 0.645044271702 0.351655433563
0.277483694725 0.146367318789 0.645044271702 0.452083232243
0.277483694725 0.146367318789 0.645044271702 0.351655433563
0.277483694725 0.146367318789 0.645044271702 0.351655433563
0.277483694725 0.146367318789 0.645044271702 0.351655433563
0.277483694725 0.146367318789 0.645044271702 0.351655433563
0.277483694725 0.146367318789 0.645044271702 0.351655433563
0.277483694725 0.146367318789 0.645044271702 0.351655433563
0.277483694725 0.146367318789 0.645044271702 0.351655433563
0.277483694725 0.146367318789 0.645044271702 0.401153036218
0.277483694725 0.146367318789 0.645044271702 0.351655433563
0.277483694725 0.146367318789 0.645044271702 0.351655433563
0.277483694725 0.146367318789 0.645044271702 0.351655433563
0.277483694725 0.146367318789 0.645044271702 0.351655433563
0.277483694725 0.146367318789 0.645044271702 0.351655433563
0.277483694725 0.146367318789 0.645044271702 0.351655433563
0.277483694725 0.146367318789 0.645044271702 0.351655433563
0.277483694725 0.146367318789 0.645044271702 0.351655433563
0.277483694725 0.146367318789 0.645044271702 0.351655433563
0.277483694725 0.146367318789 0.645044271702 0.351655433563
0.277483694725 0.146367318789 0.645044271702 0.351655433563
0.277483694725 0.146367318789 0.645044271702 0.351655433563
0.277483694725 0.146367318789 0.645044271702 0.351655433563
0.277483694725 0.146367318789 0.645044271702 0.351655433563
0.277483694725 0.146367318789 0.645044271702 0.351655433563
0.277483694725 0.146367318789 0.645044271702 0.351655433563
0.277483694725 0.146367318789 0.645044271702 0.351655433563
0.277483694725 0.146367318789 0.645044271702 0.351655433563
0.277483694725 0.146367318789 0.645044271702 0.351655433563
0.277483694725 0.146367318789 0.645044271702 0.351655433563
0.277483694725 0.146367318789 0.645044271702 0.351655433563
0.277483694725 0.146367318789 0.645044271702 0.351655433563
0.277483694725 0.146367318789 0.645044271702 0.351655433563
0.277483694725 0.146367318789 0.645044271702 0.351655433563
0.277483694725 0.146367318789 0.645044271702 0.351655433563
0.277483694725 0.146367318789 0.645044271702 0.351655433563
0.277483694725 0.146367318789 0.645044271702 0.351655433563
0.277483694725 0.146367318789 0.645044271702 0.351655433563
0.277483694725 0.146367318789 0.645044271702 0.351655433563
0.277483694725 0.146367318789 0.645044271702 0.351655433563
0.277483694725 0.146367318789 0.645044271702 0.351655433563
0.277483694725 0.146367318789 0.645044271702 0.351655433563
0.277483694725 0.146367318789 0.645044271702 0.351655433563
0.277483694725 0.146367318789 0.645044271702 0.351655433563
0.277483694725 0.146367318789 0.645044271702 0.351655433563
0.277483694725 0.146367318789 0.645044271702 0.351655433563
0.277483694725 0.146367318789 0.645044271702 0.351655433563
0.277483694725 0.146367318789 0.645044271702 0.351655433563
0.277483694725 0.146367318789 0.645044271702 0.351655433563
0.277483694725 0.146367318789 0.645044271702 0.351655433563
0.277483694725 0.146367318789 0.645044271702 0.351655433563
0.277483694725 0.146367318789 0.645044271702 0.351655433563
0.277483694725 0.146367318789 0.645044271702 0.351655433563
0.277483694725 0.146367318789 0.645044271702 0.351655433563
0.277483694725 0.146367318789 0.645044271702 0.351655433563
0.277483694725 0.146367318789 0.645044271702 0.351655433563
0.277483694725 0.146367318789 0.645044271702 0.351655433563
0.277483694725 0.146367318789 0.645044271702 0.351655433563
0.277483694725 0.146367318789 0.645044271702 0.351655433563
0.277483694725 0.146367318789 0.645044271702 0.359803162193
0.277483694725 0.146367318789 0.645044271702 0.351655433563
0.277483694725 0.146367318789 0.645044271702 0.351655433563
0.277483694725 0.146367318789 0.645044271702 0.351655433563
0.277483694725 0.146367318789 0.645044271702 0.351655433563
0.277483694725 0.146367318789 0.645044271702 0.351655433563
0.277483694725 0.146367318789 0.645044271702 0.351655433563
0.277483694725 0.146367318789 0.645044271702 0.351655433563
0.277483694725 0.146367318789 0.645044271702 0.351655433563
0.277483694725 0.146367318789 0.645044271702 0.351655433563
0.277483694725 0.146367318789 0.645044271702 0.351655433563
0.277483694725 0.146367318789 0.645044271702 0.351655433563
0.277483694725 0.146367318789 0.645044271702 0.351655433563
0.277483694725 0.146367318789 0.645044271702 0.351655433563
0.277483694725 0.146367318789 0.645044271702 0.351655433563
0.277483694725 0.146367318789 0.645044271702 0.351655433563
0.277483694725 0.146367318789 0.645044271702 0.351655433563
0.277483694725 0.146367318789 0.645044271702 0.351655433563
0.277483694725 0.146367318789 0.645044271702 0.351655433563
0.277483694725 0.146367318789 0.645044271702 0.351655433563
0.277483694725 0.146367318789 0.645044271702 0.351655433563
0.277483694725 0.146367318789 0.645044271702 0.351655433563
0.277483694725 0.146367318789 0.645044271702 0.351655433563
0.277483694725 0.146367318789 0.645044271702 0.351655433563
0.277483694725 0.146367318789 0.645044271702 0.351655433563
0.277483694725 0.421706024622 0.645044271702 0.35168076311
0.277483694725 0.146367318789 0.645044271702 0.351655433563
0.277483694725 0.146367318789 0.645044271702 0.351655433563
0.277483694725 0.146367318789 0.645044271702 0.351655433563
0.277483694725 0.146367318789 0.645044271702 0.351655433563
0.277483694725 0.315485668466 0.645044271702 0.351644525094
0.277483694725 0.146367318789 0.645044271702 0.351655433563
0.277483694725 0.146367318789 0.645044271702 0.351655433563
0.277483694725 0.146367318789 0.645044271702 0.351655433563
0.277483694725 0.146367318789 0.645044271702 0.351655433563
0.277483694725 0.146367318789 0.645044271702 0.351655433563
0.277483694725 0.146367318789 0.645044271702 0.351655433563
0.277483694725 0.146367318789 0.645044271702 0.351655433563
0.277483694725 0.146367318789 0.645044271702 0.351655433563
0.277483694725 0.146367318789 0.645044271702 0.351655433563
0.277483694725 0.146367318789 0.645044271702 0.351655433563
0.277483694725 0.606073190917 0.645044271702 0.351657227863
0.277483694725 0.146367318789 0.645044271702 0.351655433563
0.277483694725 0.146367318789 0.645044271702 0.351655433563
0.277483694725 0.146367318789 0.645044271702 0.351655433563
0.277483694725 0.146367318789 0.645044271702 0.351655433563
0.277483694725 0.146367318789 0.645044271702 0.351655433563
0.277483694725 0.146367318789 0.645044271702 0.351655433563
0.277483694725 0.146367318789 0.645044271702 0.355157125743
0.277483694725 0.146367318789 0.645044271702 0.351655433563
0.277483694725 0.146367318789 0.645044271702 0.351655433563
0.277483694725 0.146367318789 0.645044271702 0.351655433563
0.277483694725 0.146367318789 0.645044271702 0.351655433563
0.277483694725 0.146367318789 0.645044271702 0.351655433563
0.277483694725 0.146367318789 0.645044271702 0.351655433563
0.277483694725 0.146367318789 0.645044271702 0.351655433563
0.277483694725 0.146367318789 0.645044271702 0.351655433563
0.277483694725 0.146367318789 0.645044271702 0.351655433563
0.277483694725 0.146367318789 0.645044271702 0.351655433563
0.277483694725 0.146367318789 0.645044271702 0.351655433563
0.277483694725 0.146367318789 0.645044271702 0.351655433563
0.277483694725 0.146367318789 0.645044271702 0.351655433563
0.277483694725 0.146367318789 0.645044271702 0.351655433563
0.277483694725 0.146367318789 0.645044271702 0.351655433563
0.277483694725 0.146367318789 0.645044271702 0.351655433563
0.277483694725 0.146367318789 0.645044271702 0.351655433563
0.277483694725 0.146367318789 0.645044271702 0.351655433563
0.277483694725 0.146367318789 0.645044271702 0.351655433563
0.277483694725 0.146367318789 0.645044271702 0.351655433563
0.277483694725 0.146367318789 0.645044271702 0.351655433563
0.277483694725 0.146367318789 0.645044271702 0.351655433563
0.277483694725 0.146367318789 0.645044271702 0.351655433563
0.277483694725 0.146367318789 0.645044271702 0.351655433563
0.277483694725 0.146367318789 0.645044271702 0.351655433563
0.277483694725 0.146367318789 0.645044271702 0.351655433563
0.277483694725 0.146367318789 0.645044271702 0.351655433563
0.277483694725 0.146367318789 0.645044271702 0.351655433563
0.277483694725 0.146367318789 0.645044271702 0.351655433563
0.277483694725 0.146367318789 0.645044271702 0.351655433563
0.277483694725 0.146367318789 0.645044271702 0.351655433563
0.277483694725 0.146367318789 0.645044271702 0.351655433563
0.277483694725 0.146367318789 0.645044271702 0.351655433563
0.277483694725 0.146367318789 0.645044271702 0.351655433563
0.277483694725 0.146367318789 0.645044271702 0.351655433563
0.277483694725 0.146367318789 0.645044271702 0.351655433563
0.277483694725 0.146367318789 0.645044271702 0.351655433563
0.277483694725 0.146367318789 0.645044271702 0.351655433563
0.277483694725 0.146367318789 0.645044271702 0.351655433563
0.277483694725 0.146367318789 0.645044271702 0.351655433563
0.277483694725 0.146367318789 0.645044271702 0.351655433563
0.277483694725 0.146367318789 0.645044271702 0.351655433563
0.277483694725 0.146367318789 0.645044271702 0.351655433563
0.277483694725 0.146367318789 0.645044271702 0.351655433563
0.277483694725 0.146367318789 0.645044271702 0.351655433563
0.277483694725 0.146367318789 0.645044271702 0.351655433563
0.277483694725 0.146367318789 0.645044271702 0.351655433563
0.277483694725 0.146367318789 0.645044271702 0.351655433563
0.277483694725 0.146367318789 0.645044271702 0.351655433563
0.277483694725 0.146367318789 0.645044271702 0.351655433563
0.277483694725 0.146367318789 0.645044271702 0.351655433563
0.277483694725 0.146367318789 0.645044271702 0.351655433563
0.277483694725 0.146367318789 0.645044271702 0.351655433563
0.277483694725 0.146367318789 0.645044271702 0.351655433563
0.277483694725 0.146367318789 0.645044271702 0.351655433563
0.277483694725 0.146367318789 0.645044271702 0.351655433563
0.393994268691 0.146367318789 0.645044271702 0.3516885159
0.277483694725 0.146367318789 0.645044271702 0.351655433563
0.277483694725 0.146367318789 0.645044271702 0.351655433563
0.277483694725 0.146367318789 0.645044271702 0.351655433563
0.277483694725 0.146367318789 0.645044271702 0.351655433563
0.277483694725 0.146367318789 0.645044271702 0.351655433563
0.277483694725 0.146367318789 0.645044271702 0.351655433563
0.277483694725 0.146367318789 0.645044271702 0.351655433563
0.277483694725 0.146367318789 0.645044271702 0.351655433563
0.277483694725 0.146367318789 0.645044271702 0.351655433563
0.277483694725 0.146367318789 0.645044271702 0.351655433563
0.277483694725 0.146367318789 0.645044271702 0.351655433563
0.277483694725 0.146367318789 0.645044271702 0.351655433563
0.277483694725 0.146367318789 0.645044271702 0.321040802818
0.277483694725 0.146367318789 0.645044271702 0.351600244074
0.277483694725 0.146367318789 0.645044271702 0.351655433563
0.277483694725 0.146367318789 0.645044271702 0.351655433563
0.277483694725 0.146367318789 0.645044271702 0.351655433563
0.277483694725 0.146367318789 0.645044271702 0.351655433563
0.277483694725 0.146367318789 0.645044271702 0.351655433563
0.277483694725 0.146367318789 0.645044271702 0.351655433563
0.277483694725 0.146367318789 0.645044271702 0.351655433563
0.277483694725 0.146367318789 0.645044271702 0.351655433563
0.277483694725 0.146367318789 0.645044271702 0.351655433563
0.277483694725 0.146367318789 0.645044271702 0.351655433563
0.277483694725 0.146367318789 0.645044271702 0.351655433563
0.277483694725 0.146367318789 0.645044271702 0.351655433563
0.277483694725 0.146367318789 0.645044271702 0.351655433563
0.277483694725 0.146367318789 0.645044271702 0.351655433563
0.277483694725 0.146367318789 0.645044271702 0.351655433563
0.277483694725 0.146367318789 0.645044271702 0.430821925129
0.277483694725 0.146367318789 0.645044271702 0.351655433563
0.277483694725 0.146367318789 0.645044271702 0.351655433563
0.277483694725 0.146367318789 0.645044271702 0.351655433563
0.277483694725 0.146367318789 0.645044271702 0.351655433563
0.277483694725 0.146367318789 0.645044271702 0.351655433563
0.277483694725 0.146367318789 0.645044271702 0.351655433563
0.277483694725 0.146367318789 0.645044271702 0.351655433563
0.277483694725 0.146367318789 0.645044271702 0.351655433563
0.277483694725 0.146367318789 0.645044271702 0.351655433563
0.277483694725 0.146367318789 0.645044271702 0.351655433563
0.277483694725 0.146367318789 0.645044271702 0.351655433563
0.277483694725 0.146367318789 0.645044271702 0.351655433563
0.277483694725 0.146367318789 0.645044271702 0.351655433563
0.277483694725 0.146367318789 0.645044271702 0.351655433563
0.277483694725 0.146367318789 0.645044271702 0.351655433563
0.277483694725 0.146367318789 0.645044271702 0.351655433563
0.277483694725 0.146367318789 0.645044271702 0.351655433563
0.277483694725 0.146367318789 0.645044271702 0.351655433563
0.277483694725 0.146367318789 0.645044271702 0.351655433563
0.277483694725 0.146367318789 0.645044271702 0.351655433563
0.277483694725 0.146367318789 0.645044271702 0.351655433563
0.277483694725 0.146367318789 0.645044271702 0.351655433563
0.277483694725 0.146367318789 0.645044271702 0.248244960822
0.277483694725 0.146367318789 0.645044271702 0.351655433563
0.277483694725 0.146367318789 0.645044271702 0.351655433563
0.277483694725 0.146367318789 0.645044271702 0.351655433563
0.277483694725 0.146367318789 0.645044271702 0.351655433563
0.277483694725 0.146367318789 0.645044271702 0.351655433563
0.277483694725 0.146367318789 0.645044271702 0.351655433563
0.277483694725 0.146367318789 0.645044271702 0.351655433563
0.277483694725 0.146367318789 0.645044271702 0.351655433563
0.277483694725 0.146367318789 0.645044271702 0.351655433563
0.277483694725 0.146367318789 0.645044271702 0.351655433563
0.277483694725 0.146367318789 0.645044271702 0.351655433563
0.277483694725 0.146367318789 0.645044271702 0.351655433563
0.277483694725 0.146367318789 0.645044271702 0.351655433563
0.277483694725 0.146367318789 0.645044271702 0.351655433563
0.277483694725 0.146367318789 0.645044271702 0.351655433563
0.277483694725 0.146367318789 0.645044271702 0.351655433563
0.277483694725 0.146367318789 0.645044271702 0.351655433563
0.277483694725 0.146367318789 0.645044271702 0.351655433563
0.277483694725 0.146367318789 0.645044271702 0.351655433563
0.277483694725 0.146367318789 0.645044271702 0.351655433563
0.277483694725 0.146367318789 0.645044271702 0.351655433563
0.277483694725 0.146367318789 0.645044271702 0.351655433563
0.277483694725 0.146367318789 0.645044271702 0.351655433563
0.277483694725 0.146367318789 0.645044271702 0.351655433563
0.277483694725 0.146367318789 0.645044271702 0.351655433563
0.277483694725 0.146367318789 0.645044271702 0.351655433563
0.277483694725 0.146367318789 0.645044271702 0.351655433563
0.277483694725 0.146367318789 0.645044271702 0.351655433563
