0.0917840217096 0.0248939710055 0.00153956640507 0.636803396927
0.116089391051 0.478364549108 0.342839797354 0.15425875694
0.315966070174 0.0391780796631 0.424176472328 0.142984470768
0.329693229041 0.00292890771925 0.000131869942653 0.565752688707
0.0337765242041 0.097685522126 0.205151389895 0.451035202028
0.252553832392 0.0697837280368 0.0656775380268 0.567278314886
0.024109544379 0.0116860947023 0.16373849557 0.652649911479
0.180675024105 0.114159361741 0.381302210574 0.328762763831
0.31239975312 0.277680926886 0.115427707816 0.156384592676
0.229764687197 0.0209405372336 0.0147793666533 0.6774258966
0.0219982361018 0.0156458882465 0.037685667828 0.687837888659
0.0635013576499 0.529436509357 0.125853895312 0.437011742558
0.00269465634009 0.00260281984187 0.00461435426688 0.843494130306
0.0103900615449 0.109953978243 0.472885422273 0.320630139547
0.00379449391604 0.00837696006424 0.867902230069 0.222667325702
0.0462598346243 0.0328210348281 0.667113320221 0.22159488668
0.0151552203366 0.213132026064 0.0977199166412 0.69216151177
0.748285557606 0.106382692311 0.174247362675 0.0237650123002
0.0943622852016 0.049827544545 0.0153948733519 0.779816497928
0.0618973907582 0.0258912008758 0.000884234679323 0.778625702642
0.026270177352 0.145281704421 0.136680615632 0.53073351374
0.000593206611608 0.142565653924 0.223610693011 0.498488809899
0.0533237164975 0.00877095564149 0.0878215670164 0.737666379637
0.0473622981352 0.558474659118 0.490027171999 0.00846040983036
0.00367674396474 0.000358866170789 0.0834320915926 0.600880281128
0.0011598746232 0.00185064641629 0.0098600578867 0.861924741943
0.717227771987 0.0279629249591 0.136209376519 0.191195890123
0.0105113162056 0.461971644747 0.459130022015 0.0560499259011
0.13055196172 0.0112993061352 0.549097043297 0.26635914238
0.430436216276 0.6245193122 0.0106787251474 0.180492132362
0.0583164076725 0.228634696188 0.603001248455 0.122492346266
0.000219029132001 2.50532696457e-05 0.875775356046 0.108219474231
0.195878854273 0.380666927369 0.0580523141162 0.457979228832
0.510449192016 0.0598426916528 0.00444577474857 0.39263691699
0.0451248420893 0.0817827414543 0.124486079733 0.504625043836
0.0172195643179 0.00617885609829 0.387025964809 0.445816231554
0.151733409228 0.305547279204 0.208240069074 0.375664871724
0.0298041527242 0.0176159174969 0.115545297514 0.840356107117
0.188453053699 0.0476094672184 0.648653938758 0.004433750244
0.0902763202118 0.281640879105 0.503455646202 0.139432008889
0.0889927991111 0.181309830817 0.0927621550136 0.438655104044
0.140428076577 0.0220384031245 0.187294012002 0.472236155111
0.133429891562 0.162678441463 0.262508149493 0.381357679453
0.32095184464 0.291182142725 0.273594129783 0.210843834178
0.00926395311641 0.00022192428772 0.27450651785 0.572687339946
0.672607048914 0.0510507183485 0.0743256841184 0.28796296127
0.260517297039 0.651505450958 0.0432215515714 0.0597284923159
0.218186877576 0.15145911981 0.339610382918 0.234229114371
0.116001529898 0.0837245523538 0.0797189865594 0.599944535625
0.233462350162 0.0680280232323 0.0569765424096 0.726155271225
0.0868944588294 0.0235671858166 0.00145507409308 0.602755785834
0.0917840217096 0.0248939710055 0.00153956640507 0.636803396927
0.0917840217096 0.0248939710055 0.00153956640507 0.636803396927
0.0917840217096 0.0248939710055 0.00153956640507 0.636803396927
0.0917840217096 0.0248939710055 0.00153956640507 0.636803396927
0.0917840217096 0.0248939710055 0.00153956640507 0.636803396927
0.0917840217096 0.0248939710055 0.00153956640507 0.636803396927
0.0917840217096 0.0248939710055 0.00153956640507 0.636803396927
0.0917840217096 0.0248939710055 0.00153956640507 0.636803396927
0.0917840217096 0.0248939710055 0.00153956640507 0.636803396927
0.0917840217096 0.0248939710055 0.00153956640507 0.636803396927
0.0917840217096 0.0248939710055 0.00153956640507 0.636803396927
0.0917840217096 0.0248939710055 0.00153956640507 0.636803396927
0.0917840217096 0.0248939710055 0.00153956640507 0.636803396927
0.0946480973282 0.0256711392727 0.00158905802152 0.656746883736
0.0917840217096 0.0248939710055 0.00153956640507 0.636803396927
0.0917840217096 0.0248939710055 0.00153956640507 0.636803396927
0.0917840217096 0.0248939710055 0.00153956640507 0.636803396927
0.0917840217096 0.0248939710055 0.00153956640507 0.636803396927
0.0917840217096 0.0248939710055 0.00153956640507 0.636803396927
0.0917840217096 0.0248939710055 0.00153956640507 0.636803396927
0.0917840217096 0.0248939710055 0.00153956640507 0.636803396927
0.0917840217096 0.0248939710055 0.00153956640507 0.636803396927
0.0917840217096 0.0248939710055 0.00153956640507 0.636803396927
0.0917840217096 0.0248939710055 0.00153956640507 0.636803396927
0.0917840217096 0.0248939710055 0.00153956640507 0.636803396927
0.0917840217096 0.0248939710055 0.00153956640507 0.636803396927
0.0917840217096 0.0248939710055 0.00153956640507 0.636803396927
0.0917840217096 0.0248939710055 0.00153956640507 0.636803396927
0.0917840217096 0.0248939710055 0.00153956640507 0.636803396927
0.0917840217096 0.0248939710055 0.00153956640507 0.636803396927
0.0917840217096 0.0248939710055 0.00153956640507 0.636803396927
0.0917840217096 0.0248939710055 0.00153956640507 0.636803396927
0.0917840217096 0.0248939710055 0.00153956640507 0.636803396927
0.0917840217096 0.0248939710055 0.00153956640507 0.636803396927
0.0917840217096 0.0248939710055 0.00153956640507 0.636803396927
0.0917840217096 0.0248939710055 0.00153956640507 0.636803396927
0.0917840217096 0.0248939710055 0.00153956640507 0.636803396927
0.0917840217096 0.0248939710055 0.00153956640507 0.636803396927
0.0917840217096 0.0248939710055 0.00153956640507 0.636803396927
0.0917840217096 0.0248939710055 0.00153956640507 0.636803396927
0.0917840217096 0.0248939710055 0.00153956640507 0.636803396927
0.0917840217096 0.0248939710055 0.00153956640507 0.636803396927
0.0917840217096 0.0248939710055 0.00153956640507 0.636803396927
0.0912025762605 0.0247361955092 0.00152951894858 0.632754603812
0.0917840217096 0.0248939710055 0.00153956640507 0.636803396927
0.0917840217096 0.0248939710055 0.00153956640507 0.636803396927
0.0917840217096 0.0248939710055 0.00153956640507 0.636803396927
0.0917840217096 0.0248939710055 0.00153956640507 0.636803396927
0.0905886360742 0.0245696025507 0.00151890997861 0.628479539311
0.0917840217096 0.0248939710055 0.00153956640507 0.636803396927
0.0917840217096 0.0248939710055 0.00153956640507 0.636803396927
0.0917840217096 0.0248939710055 0.00153956640507 0.636803396927
0.0917840217096 0.0248939710055 0.00153956640507 0.636803396927
0.0917840217096 0.0248939710055 0.00153956640507 0.636803396927
0.0917840217096 0.0248939710055 0.00153956640507 0.636803396927
0.0917840217096 0.0248939710055 0.00153956640507 0.636803396927
0.0917840217096 0.0248939710055 0.00153956640507 0.636803396927
0.0917840217096 0.0248939710055 0.00153956640507 0.636803396927
0.0917840217096 0.0248939710055 0.00153956640507 0.636803396927
0.0917840217096 0.0248939710055 0.00153956640507 0.636803396927
0.0917840217096 0.0248939710055 0.00153956640507 0.636803396927
0.0917840217096 0.0248939710055 0.00153956640507 0.636803396927
0.0917840217096 0.0248939710055 0.00153956640507 0.636803396927
0.0917840217096 0.0248939710055 0.00153956640507 0.636803396927
0.0917840217096 0.0248939710055 0.00153956640507 0.636803396927
0.0917840217096 0.0248939710055 0.00153956640507 0.636803396927
0.0917840217096 0.0248939710055 0.00153956640507 0.636803396927
0.0938119456765 0.0254442491284 0.00157460920719 0.650924488779
0.0917840217096 0.0248939710055 0.00153956640507 0.636803396927
0.0917840217096 0.0248939710055 0.00153956640507 0.636803396927
0.0917840217096 0.0248939710055 0.00153956640507 0.636803396927
0.0917840217096 0.0248939710055 0.00153956640507 0.636803396927
0.0957624243063 0.0259735124226 0.00160831374335 0.664506303649
0.0917840217096 0.0248939710055 0.00153956640507 0.636803396927
0.0917840217096 0.0248939710055 0.00153956640507 0.636803396927
0.0917840217096 0.0248939710055 0.00153956640507 0.636803396927
0.0917840217096 0.0248939710055 0.00153956640507 0.636803396927
0.0917840217096 0.0248939710055 0.00153956640507 0.636803396927
0.0917840217096 0.0248939710055 0.00153956640507 0.636803396927
0.0917840217096 0.0248939710055 0.00153956640507 0.636803396927
0.0917840217096 0.0248939710055 0.00153956640507 0.636803396927
0.0917840217096 0.0248939710055 0.00153956640507 0.636803396927
0.0917840217096 0.0248939710055 0.00153956640507 0.636803396927
0.0917840217096 0.0248939710055 0.00153956640507 0.636803396927
0.0237770582173 0.0064402494528 0.070389628343 0.636803396927
0.0913860409128 0.024785978729 0.00153268924274 0.634032127649
0.0917840217096 0.0248939710055 0.00153956640507 0.636803396927
0.0917840217096 0.0248939710055 0.00153956640507 0.636803396927
0.0917840217096 0.0248939710055 0.00153956640507 0.636803396927
0.0917840217096 0.0248939710055 0.00153956640507 0.636803396927
0.0917840217096 0.0248939710055 0.00153956640507 0.636803396927
0.0917840217096 0.0248939710055 0.00153956640507 0.636803396927
0.0917840217096 0.0248939710055 0.00153956640507 0.636803396927
0.0920846171239 0.0249755377126 0.00154476073473 0.638896540223
0.0917840217096 0.0248939710055 0.00153956640507 0.636803396927
0.0917840217096 0.0248939710055 0.00153956640507 0.636803396927
0.0917840217096 0.0248939710055 0.00153956640507 0.636803396927
0.0917840217096 0.0248939710055 0.00153956640507 0.636803396927
0.0917840217096 0.0248939710055 0.00153956640507 0.636803396927
0.0917840217096 0.0248939710055 0.00153956640507 0.636803396927
0.0917840217096 0.0248939710055 0.00153956640507 0.636803396927
0.093853889775 0.0254556306793 0.00157533400692 0.651216559132
0.0917840217096 0.0248939710055 0.00153956640507 0.636803396927
0.0917840217096 0.0248939710055 0.00153956640507 0.636803396927
0.0917840217096 0.0248939710055 0.00153956640507 0.636803396927
0.0910740217126 0.0247013121721 0.00152729750849 0.631859436829
0.0917840217096 0.0248939710055 0.00153956640507 0.636803396927
0.0917840217096 0.0248939710055 0.00153956640507 0.636803396927
0.0917840217096 0.0248939710055 0.00153956640507 0.636803396927
0.093006311574 0.0252256399355 0.00156068774026 0.645314597409
0.0917840217096 0.0248939710055 0.00153956640507 0.636803396927
0.0917840217096 0.0248939710055 0.00153956640507 0.636803396927
0.0917840217096 0.0248939710055 0.00153956640507 0.636803396927
0.0917840217096 0.0248939710055 0.00153956640507 0.636803396927
0.0917840217096 0.0248939710055 0.00153956640507 0.636803396927
0.0917840217096 0.0248939710055 0.00153956640507 0.636803396927
0.0917840217096 0.0248939710055 0.00153956640507 0.636803396927
0.0917840217096 0.0248939710055 0.00153956640507 0.636803396927
0.0917840217096 0.0248939710055 0.00153956640507 0.636803396927
0.0917840217096 0.0248939710055 0.00153956640507 0.636803396927
0.0917840217096 0.0248939710055 0.00153956640507 0.636803396927
0.095867207345 0.0260019453495 0.00161012440852 0.665235941909
0.0917840217096 0.0248939710055 0.00153956640507 0.636803396927
0.0917840217096 0.0248939710055 0.00153956640507 0.636803396927
0.0917840217096 0.0248939710055 0.00153956640507 0.636803396927
0.0917840217096 0.0248939710055 0.00153956640507 0.636803396927
0.0917840217096 0.0248939710055 0.00153956640507 0.636803396927
0.0917840217096 0.0248939710055 0.00153956640507 0.636803396927
0.0917840217096 0.0248939710055 0.00153956640507 0.636803396927
0.0898255616863 0.0243625419564 0.00150572394934 0.623166005028
0.0917840217096 0.0248939710055 0.00153956640507 0.636803396927
0.0917840217096 0.0248939710055 0.00153956640507 0.636803396927
0.0917840217096 0.0248939710055 0.00153956640507 0.636803396927
0.0917840217096 0.0248939710055 0.00153956640507 0.636803396927
0.0917840217096 0.0248939710055 0.00153956640507 0.636803396927
0.0917840217096 0.0248939710055 0.00153956640507 0.636803396927
0.0917840217096 0.0248939710055 0.00153956640507 0.636803396927
0.0917840217096 0.0248939710055 0.00153956640507 0.636803396927
0.0917840217096 0.0248939710055 0.00153956640507 0.636803396927
0.0917840217096 0.0248939710055 0.00153956640507 0.636803396927
0.0917840217096 0.0248939710055 0.00153956640507 0.636803396927
0.0917840217096 0.0248939710055 0.00153956640507 0.636803396927
0.0917840217096 0.0248939710055 0.00153956640507 0.636803396927
0.0917840217096 0.0248939710055 0.00153956640507 0.636803396927
0.0917840217096 0.0248939710055 0.00153956640507 0.636803396927
0.0917840217096 0.0248939710055 0.00153956640507 0.636803396927
0.0917840217096 0.0248939710055 0.00153956640507 0.636803396927
0.0917840217096 0.0248939710055 0.00153956640507 0.636803396927
0.0917840217096 0.0248939710055 0.00153956640507 0.636803396927
0.0917840217096 0.0248939710055 0.00153956640507 0.636803396927
0.0917840217096 0.0248939710055 0.00153956640507 0.636803396927
0.0917840217096 0.0248939710055 0.00153956640507 0.636803396927
0.0917840217096 0.0248939710055 0.00153956640507 0.636803396927
0.0917840217096 0.0248939710055 0.00153956640507 0.636803396927
0.0917840217096 0.0248939710055 0.00153956640507 0.636803396927
0.0917840217096 0.0248939710055 0.00153956640507 0.636803396927
0.0917840217096 0.0248939710055 0.00153956640507 0.636803396927
0.0917840217096 0.0248939710055 0.00153956640507 0.636803396927
0.0917840217096 0.0248939710055 0.00153956640507 0.636803396927
0.0917840217096 0.0248939710055 0.00153956640507 0.636803396927
0.0917840217096 0.0248939710055 0.00153956640507 0.636803396927
0.0917840217096 0.0248939710055 0.00153956640507 0.636803396927
0.0917840217096 0.0248939710055 0.00153956640507 0.636803396927
0.0917840217096 0.0248939710055 0.00153956640507 0.636803396927
0.0917840217096 0.0248939710055 0.00153956640507 0.636803396927
0.0917840217096 0.0248939710055 0.00153956640507 0.636803396927
0.0917840217096 0.0248939710055 0.00153956640507 0.636803396927
0.0917840217096 0.0248939710055 0.00153956640507 0.636803396927
0.0917840217096 0.0248939710055 0.00153956640507 0.636803396927
0.0917840217096 0.0248939710055 0.00153956640507 0.636803396927
0.0917840217096 0.0248939710055 0.00153956640507 0.636803396927
0.0917840217096 0.0248939710055 0.00153956640507 0.636803396927
0.0917840217096 0.0248939710055 0.00153956640507 0.636803396927
0.0917840217096 0.0248939710055 0.00153956640507 0.636803396927
0.0917840217096 0.0248939710055 0.00153956640507 0.636803396927
0.0917840217096 0.0248939710055 0.00153956640507 0.636803396927
0.0950227760446 0.0257728085187 0.00159553252073 0.659355893075
0.0917840217096 0.0248939710055 0.00153956640507 0.636803396927
0.0917840217096 0.0248939710055 0.00153956640507 0.636803396927
0.0917840217096 0.0248939710055 0.00153956640507 0.636803396927
0.0917840217096 0.0248939710055 0.00153956640507 0.636803396927
0.0917840217096 0.0248939710055 0.00153956640507 0.636803396927
0.0917840217096 0.0248939710055 0.00153956640507 0.636803396927
0.0917840217096 0.0248939710055 0.00153956640507 0.636803396927
0.0917840217096 0.0248939710055 0.00153956640507 0.636803396927
0.0917840217096 0.0248939710055 0.00153956640507 0.636803396927
0.0917840217096 0.0248939710055 0.00153956640507 0.636803396927
0.0917840217096 0.0248939710055 0.00153956640507 0.636803396927
0.0917840217096 0.0248939710055 0.00153956640507 0.636803396927
0.0917840217096 0.0248939710055 0.00153956640507 0.636803396927
0.0917840217096 0.0248939710055 0.00153956640507 0.636803396927
0.0932054295428 0.0252796706901 0.00156412852586 0.646701120363
0.0917840217096 0.0248939710055 0.00153956640507 0.636803396927
0.0917840217096 0.0248939710055 0.00153956640507 0.636803396927
0.0917840217096 0.0248939710055 0.00153956640507 0.636803396927
0.0917840217096 0.0248939710055 0.00153956640507 0.636803396927
0.0917840217096 0.0248939710055 0.00153956640507 0.636803396927
0.0917840217096 0.0248939710055 0.00153956640507 0.636803396927
0.0917840217096 0.0248939710055 0.00153956640507 0.636803396927
0.0917840217096 0.0248939710055 0.00153956640507 0.636803396927
0.0917840217096 0.0248939710055 0.00153956640507 0.636803396927
0.0917840217096 0.0248939710055 0.00153956640507 0.636803396927
0.0917840217096 0.0248939710055 0.00153956640507 0.636803396927
0.0917840217096 0.0248939710055 0.00153956640507 0.636803396927
0.0917840217096 0.0248939710055 0.00153956640507 0.636803396927
0.0917840217096 0.0248939710055 0.00153956640507 0.636803396927
0.0917840217096 0.0248939710055 0.00153956640507 0.636803396927
0.0917840217096 0.0248939710055 0.00153956640507 0.636803396927
0.0917840217096 0.0248939710055 0.00153956640507 0.636803396927
0.0917840217096 0.0248939710055 0.00153956640507 0.636803396927
0.0917840217096 0.0248939710055 0.00153956640507 0.636803396927
0.0917840217096 0.0248939710055 0.00153956640507 0.636803396927
0.0917840217096 0.0248939710055 0.00153956640507 0.636803396927
0.0917840217096 0.0248939710055 0.00153956640507 0.636803396927
0.0917840217096 0.0248939710055 0.00153956640507 0.636803396927
0.0917840217096 0.0248939710055 0.00153956640507 0.636803396927
0.0917840217096 0.0248939710055 0.00153956640507 0.636803396927
0.0917840217096 0.0248939710055 0.00153956640507 0.636803396927
0.0917840217096 0.0248939710055 0.00153956640507 0.636803396927
0.0917840217096 0.0248939710055 0.00153956640507 0.636803396927
0.0917840217096 0.0248939710055 0.00153956640507 0.636803396927
0.0917840217096 0.0248939710055 0.00153956640507 0.636803396927
0.0917840217096 0.0248939710055 0.00153956640507 0.636803396927
0.0917840217096 0.0248939710055 0.00153956640507 0.636803396927
0.0917840217096 0.0248939710055 0.00153956640507 0.636803396927
0.0917840217096 0.0248939710055 0.00153956640507 0.636803396927
0.0917840217096 0.0248939710055 0.00153956640507 0.636803396927
0.0917840217096 0.0248939710055 0.00153956640507 0.636803396927
0.0912369929413 0.0247455344918 0.00153011367351 0.632994258316
0.0917840217096 0.0248939710055 0.00153956640507 0.636803396927
0.0917840217096 0.0248939710055 0.00153956640507 0.636803396927
0.0917840217096 0.0248939710055 0.00153956640507 0.636803396927
0.0917840217096 0.0248939710055 0.00153956640507 0.636803396927
0.0917840217096 0.0248939710055 0.00153956640507 0.636803396927
0.0917840217096 0.0248939710055 0.00153956640507 0.636803396927
0.0917840217096 0.0248939710055 0.00153956640507 0.636803396927
0.0917840217096 0.0248939710055 0.00153956640507 0.636803396927
0.0917840217096 0.0248939710055 0.00153956640507 0.636803396927
0.0917840217096 0.0248939710055 0.00153956640507 0.636803396927
0.0917840217096 0.0248939710055 0.00153956640507 0.636803396927
0.0917840217096 0.0248939710055 0.00153956640507 0.636803396927
0.0917840217096 0.0248939710055 0.00153956640507 0.636803396927
0.0917840217096 0.0248939710055 0.00153956640507 0.636803396927
0.0870973815431 0.0236222489904 0.00145858062519 0.604168802459
0.0917840217096 0.0248939710055 0.00153956640507 0.636803396927
0.0917840217096 0.0248939710055 0.00153956640507 0.636803396927
0.0917840217096 0.0248939710055 0.00153956640507 0.636803396927
0.0918296352807 0.0249063482695 0.00154035461378 0.637121019006
0.0947699823502 0.0257042128307 0.00159116421129 0.657595608648
0.0917840217096 0.0248939710055 0.00153956640507 0.636803396927
0.0917840217096 0.0248939710055 0.00153956640507 0.636803396927
0.0917840217096 0.0248939710055 0.00153956640507 0.636803396927
0.0917840217096 0.0248939710055 0.00153956640507 0.636803396927
0.0957991681406 0.0259834828794 0.00160894868181 0.664762162876
0.0917840217096 0.0248939710055 0.00153956640507 0.636803396927
0.0917840217096 0.0248939710055 0.00153956640507 0.636803396927
0.0917840217096 0.0248939710055 0.00153956640507 0.636803396927
0.0917840217096 0.0248939710055 0.00153956640507 0.636803396927
0.0917840217096 0.0248939710055 0.00153956640507 0.636803396927
0.0917840217096 0.0248939710055 0.00153956640507 0.636803396927
0.0917840217096 0.0248939710055 0.00153956640507 0.636803396927
0.0917840217096 0.0248939710055 0.00153956640507 0.636803396927
0.0917840217096 0.0248939710055 0.00153956640507 0.636803396927
0.0917840217096 0.0248939710055 0.00153956640507 0.636803396927
0.0917840217096 0.0248939710055 0.00153956640507 0.636803396927
0.0917840217096 0.0248939710055 0.00153956640507 0.636803396927
0.0917840217096 0.0248939710055 0.00153956640507 0.636803396927
0.0917840217096 0.0248939710055 0.00153956640507 0.636803396927
0.0917840217096 0.0248939710055 0.00153956640507 0.636803396927
0.0917840217096 0.0248939710055 0.00153956640507 0.636803396927
0.0917840217096 0.0248939710055 0.00153956640507 0.636803396927
0.0917840217096 0.0248939710055 0.00153956640507 0.636803396927
0.0917840217096 0.0248939710055 0.00153956640507 0.636803396927
0.0917840217096 0.0248939710055 0.00153956640507 0.636803396927
0.0917840217096 0.0248939710055 0.00153956640507 0.636803396927
0.0917840217096 0.0248939710055 0.00153956640507 0.636803396927
0.0917840217096 0.0248939710055 0.00153956640507 0.636803396927
0.0917840217096 0.0248939710055 0.00153956640507 0.636803396927
0.0917840217096 0.0248939710055 0.00153956640507 0.636803396927
0.0917840217096 0.0248939710055 0.00153956640507 0.636803396927
0.0917840217096 0.0248939710055 0.00153956640507 0.636803396927
0.0917840217096 0.0248939710055 0.00153956640507 0.636803396927
0.0917840217096 0.0248939710055 0.00153956640507 0.636803396927
0.0917840217096 0.0248939710055 0.00153956640507 0.636803396927
0.0917840217096 0.0248939710055 0.00153956640507 0.636803396927
0.0917840217096 0.0248939710055 0.00153956640507 0.636803396927
0.0917840217096 0.0248939710055 0.00153956640507 0.636803396927
0.0917840217096 0.0248939710055 0.00153956640507 0.636803396927
0.0917840217096 0.0248939710055 0.00153956640507 0.636803396927
0.0917840217096 0.0248939710055 0.00153956640507 0.636803396927
0.0917840217096 0.0248939710055 0.00153956640507 0.636803396927
0.0917840217096 0.0248939710055 0.00153956640507 0.636803396927
0.0917840217096 0.0248939710055 0.00153956640507 0.636803396927
0.0961199508492 0.0260705274183 0.00161449185067 0.666995876845
0.0917840217096 0.0248939710055 0.00153956640507 0.636803396927
0.0917840217096 0.0248939710055 0.00153956640507 0.636803396927
0.0917840217096 0.0248939710055 0.00153956640507 0.636803396927
0.0917840217096 0.0248939710055 0.00153956640507 0.636803396927
0.0917840217096 0.0248939710055 0.00153956640507 0.636803396927
0.0917840217096 0.0248939710055 0.00153956640507 0.636803396927
0.0917840217096 0.0248939710055 0.00153956640507 0.636803396927
0.0917840217096 0.0248939710055 0.00153956640507 0.636803396927
0.0917840217096 0.0248939710055 0.00153956640507 0.636803396927
0.0917840217096 0.0248939710055 0.00153956640507 0.636803396927
0.0917840217096 0.0248939710055 0.00153956640507 0.636803396927
0.0917840217096 0.0248939710055 0.00153956640507 0.636803396927
0.0945140883728 0.0256347758795 0.00158674232854 0.655813735946
0.0917840217096 0.0248939710055 0.00153956640507 0.636803396927
0.0917840217096 0.0248939710055 0.00153956640507 0.636803396927
0.0917840217096 0.0248939710055 0.00153956640507 0.636803396927
0.0917840217096 0.0248939710055 0.00153956640507 0.636803396927
0.0917840217096 0.0248939710055 0.00153956640507 0.636803396927
0.0917840217096 0.0248939710055 0.00153956640507 0.636803396927
0.0917840217096 0.0248939710055 0.00153956640507 0.636803396927
0.0917840217096 0.0248939710055 0.00153956640507 0.636803396927
0.0917840217096 0.0248939710055 0.00153956640507 0.636803396927
0.0917840217096 0.0248939710055 0.00153956640507 0.636803396927
0.0917840217096 0.0248939710055 0.00153956640507 0.636803396927
0.0917840217096 0.0248939710055 0.00153956640507 0.636803396927
0.0917840217096 0.0248939710055 0.00153956640507 0.636803396927
0.0917840217096 0.0248939710055 0.00153956640507 0.636803396927
0.0917840217096 0.0248939710055 0.00153956640507 0.636803396927
0.0917840217096 0.0248939710055 0.00153956640507 0.636803396927
0.0917840217096 0.0248939710055 0.00153956640507 0.636803396927
0.0917840217096 0.0248939710055 0.00153956640507 0.636803396927
0.0917840217096 0.0248939710055 0.00153956640507 0.636803396927
0.0917840217096 0.0248939710055 0.00153956640507 0.636803396927
0.0917840217096 0.0248939710055 0.00153956640507 0.636803396927
0.0917840217096 0.0248939710055 0.00153956640507 0.636803396927
0.0917840217096 0.0248939710055 0.00153956640507 0.636803396927
0.0917840217096 0.0248939710055 0.00153956640507 0.636803396927
0.0917840217096 0.0248939710055 0.00153956640507 0.636803396927
0.0917840217096 0.0248939710055 0.00153956640507 0.636803396927
0.0917840217096 0.0248939710055 0.00153956640507 0.636803396927
0.0917840217096 0.0248939710055 0.00153956640507 0.636803396927
0.0917840217096 0.0248939710055 0.00153956640507 0.636803396927
0.0917840217096 0.0248939710055 0.00153956640507 0.636803396927
0.0917840217096 0.0248939710055 0.00153956640507 0.636803396927
0.0917840217096 0.0248939710055 0.00153956640507 0.636803396927
0.0917840217096 0.0248939710055 0.00153956640507 0.636803396927
0.0917840217096 0.0248939710055 0.00153956640507 0.636803396927
0.0917840217096 0.0248939710055 0.00153956640507 0.636803396927
0.0917840217096 0.0248939710055 0.00153956640507 0.636803396927
0.0917840217096 0.0248939710055 0.00153956640507 0.636803396927
0.0931245352909 0.0252577199967 0.00156273066218 0.646137827468
0.0917840217096 0.0248939710055 0.00153956640507 0.636803396927
0.0917840217096 0.0248939710055 0.00153956640507 0.636803396927
0.0917840217096 0.0248939710055 0.00153956640507 0.636803396927
0.0917840217096 0.0248939710055 0.00153956640507 0.636803396927
0.0935513558432 0.0253735379545 0.00157010617941 0.64910991731
0.0917840217096 0.0248939710055 0.00153956640507 0.636803396927
0.0917840217096 0.0248939710055 0.00153956640507 0.636803396927
0.0917840217096 0.0248939710055 0.00153956640507 0.636803396927
0.0917840217096 0.0248939710055 0.00153956640507 0.636803396927
0.0917840217096 0.0248939710055 0.00153956640507 0.636803396927
0.0917840217096 0.0248939710055 0.00153956640507 0.636803396927
0.0917840217096 0.0248939710055 0.00153956640507 0.636803396927
0.0917840217096 0.0248939710055 0.00153956640507 0.636803396927
0.0917840217096 0.0248939710055 0.00153956640507 0.636803396927
0.0917840217096 0.0248939710055 0.00153956640507 0.636803396927
0.0917840217096 0.0248939710055 0.00153956640507 0.636803396927
0.0917840217096 0.0248939710055 0.00153956640507 0.636803396927
0.0917840217096 0.0248939710055 0.00153956640507 0.636803396927
0.0917840217096 0.0248939710055 0.00153956640507 0.636803396927
0.0917840217096 0.0248939710055 0.00153956640507 0.636803396927
0.0917840217096 0.0248939710055 0.00153956640507 0.636803396927
0.0917840217096 0.0248939710055 0.00153956640507 0.636803396927
0.0917840217096 0.0248939710055 0.00153956640507 0.636803396927
0.0917840217096 0.0248939710055 0.00153956640507 0.636803396927
0.0917840217096 0.0248939710055 0.00153956640507 0.636803396927
0.0917840217096 0.0248939710055 0.00153956640507 0.636803396927
0.0917840217096 0.0248939710055 0.00153956640507 0.636803396927
0.0917840217096 0.0248939710055 0.00153956640507 0.636803396927
0.0917840217096 0.0248939710055 0.00153956640507 0.636803396927
0.0917840217096 0.0248939710055 0.00153956640507 0.636803396927
0.0917840217096 0.0248939710055 0.00153956640507 0.636803396927
0.0917840217096 0.0248939710055 0.00153956640507 0.636803396927
0.0917840217096 0.0248939710055 0.00153956640507 0.636803396927
0.0917840217096 0.0248939710055 0.00153956640507 0.636803396927
0.0917840217096 0.0248939710055 0.00153956640507 0.636803396927
0.0917840217096 0.0248939710055 0.00153956640507 0.636803396927
0.0917840217096 0.0248939710055 0.00153956640507 0.636803396927
0.0917840217096 0.0248939710055 0.00153956640507 0.636803396927
0.0917840217096 0.0248939710055 0.00153956640507 0.636803396927
0.0917840217096 0.0248939710055 0.00153956640507 0.636803396927
0.0917840217096 0.0248939710055 0.00153956640507 0.636803396927
0.0917840217096 0.0248939710055 0.00153956640507 0.636803396927
0.0917840217096 0.0248939710055 0.00153956640507 0.636803396927
0.0917840217096 0.0248939710055 0.00153956640507 0.636803396927
0.0917840217096 0.0248939710055 0.00153956640507 0.636803396927
0.0917840217096 0.0248939710055 0.00153956640507 0.636803396927
0.0917840217096 0.0248939710055 0.00153956640507 0.636803396927
0.0917840217096 0.0248939710055 0.00153956640507 0.636803396927
0.0917840217096 0.0248939710055 0.00153956640507 0.636803396927
0.0917840217096 0.0248939710055 0.00153956640507 0.636803396927
0.0917840217096 0.0248939710055 0.00153956640507 0.636803396927
0.0917840217096 0.0248939710055 0.00153956640507 0.636803396927
0.0917840217096 0.0248939710055 0.00153956640507 0.636803396927
0.0917840217096 0.0248939710055 0.00153956640507 0.636803396927
0.0917840217096 0.0248939710055 0.00153956640507 0.636803396927
0.0917840217096 0.0248939710055 0.00153956640507 0.636803396927
0.0917840217096 0.0248939710055 0.00153956640507 0.636803396927
0.0917840217096 0.0248939710055 0.00153956640507 0.636803396927
0.0917840217096 0.0248939710055 0.00153956640507 0.636803396927
0.0917840217096 0.0248939710055 0.00153956640507 0.636803396927
0.0917840217096 0.0248939710055 0.00153956640507 0.636803396927
0.0917840217096 0.0248939710055 0.00153956640507 0.636803396927
0.0917840217096 0.0248939710055 0.00153956640507 0.636803396927
0.0917840217096 0.0248939710055 0.00153956640507 0.636803396927
0.0917840217096 0.0248939710055 0.00153956640507 0.636803396927
0.0917840217096 0.0248939710055 0.00153956640507 0.636803396927
0.0917840217096 0.0248939710055 0.00153956640507 0.636803396927
0.0917840217096 0.0248939710055 0.00153956640507 0.636803396927
0.0917840217096 0.0248939710055 0.00153956640507 0.636803396927
0.0917840217096 0.0248939710055 0.00153956640507 0.636803396927
0.0917840217096 0.0248939710055 0.00153956640507 0.636803396927
0.0917840217096 0.0248939710055 0.00153956640507 0.636803396927
0.0917840217096 0.0248939710055 0.00153956640507 0.636803396927
0.0911154823515 0.024712562536 0.00152801395398 0.632148140696
0.0917840217096 0.0248939710055 0.00153956640507 0.636803396927
0.0917840217096 0.0248939710055 0.00153956640507 0.636803396927
0.0917840217096 0.0248939710055 0.00153956640507 0.636803396927
0.0917840217096 0.0248939710055 0.00153956640507 0.636803396927
0.0917840217096 0.0248939710055 0.00153956640507 0.636803396927
0.0917840217096 0.0248939710055 0.00153956640507 0.636803396927
0.0917840217096 0.0248939710055 0.00153956640507 0.636803396927
0.0917840217096 0.0248939710055 0.00153956640507 0.636803396927
0.0917840217096 0.0248939710055 0.00153956640507 0.636803396927
0.0917840217096 0.0248939710055 0.00153956640507 0.636803396927
0.0917840217096 0.0248939710055 0.00153956640507 0.636803396927
0.0917840217096 0.0248939710055 0.00153956640507 0.636803396927
0.0917840217096 0.0248939710055 0.00153956640507 0.636803396927
0.0917840217096 0.0248939710055 0.00153956640507 0.636803396927
0.0917840217096 0.0248939710055 0.00153956640507 0.636803396927
0.0917840217096 0.0248939710055 0.00153956640507 0.636803396927
0.0920359670744 0.0249623364988 0.00154392005526 0.63855777416
0.0917840217096 0.0248939710055 0.00153956640507 0.636803396927
0.0917840217096 0.0248939710055 0.00153956640507 0.636803396927
0.0917840217096 0.0248939710055 0.00153956640507 0.636803396927
0.0917840217096 0.0248939710055 0.00153956640507 0.636803396927
0.0917840217096 0.0248939710055 0.00153956640507 0.636803396927
0.0917840217096 0.0248939710055 0.00153956640507 0.636803396927
0.0917840217096 0.0248939710055 0.00153956640507 0.636803396927
0.0917840217096 0.0248939710055 0.00153956640507 0.636803396927
0.0917840217096 0.0248939710055 0.00153956640507 0.636803396927
0.0917840217096 0.0248939710055 0.00153956640507 0.636803396927
0.0924011859707 0.0250614388182 0.00155023108749 0.641100911706
0.0917840217096 0.0248939710055 0.00153956640507 0.636803396927
0.0917840217096 0.0248939710055 0.00153956640507 0.636803396927
