0.469433593407 0.0103902158861 0.521099889218 0.764236502289
0.0479534948889 0.0949008910419 0.326517886559 0.800951149433
0.0647935730753 0.461801507668 0.0505160489924 0.650603054705
0.170461570206 0.162863529581 0.240884078067 0.788532175798
0.0212917671914 0.146779685852 0.049367929294 0.582988285892
0.416624912055 0.417769131253 0.0255910734815 0.769896122856
0.20157910387 0.0329007812456 0.726365443061 0.381241582686
0.344702918628 0.737997301685 0.0752607003048 0.49946150485
0.0411642743216 0.0413209173326 0.0116708002288 0.786831548077
0.30569642209 0.192001598699 0.800250171597 0.0702399658803
0.142732814062 0.115496598882 0.31739990351 0.743494354356
0.0829776772014 0.026963502478 0.210982626298 0.630357851577
0.232680945304 0.537240925328 0.0891801887159 0.537977941861
0.056053631582 0.458736575703 0.0422375351275 0.635767108928
0.322755694601 0.544569958692 0.147045911524 0.205432150463
0.374103280936 0.188958287221 0.441813891548 0.467422263549
0.0197521598481 0.0428462233188 0.00398842753506 0.918796576443
0.02667929417 0.0189280536211 0.179869166594 0.77218820937
0.480591254831 0.343002731038 0.0503597653189 0.38965546333
0.268252110492 0.0829847437905 0.30519602881 0.571445044641
0.452185617157 0.56240071336 0.109313476327 0.397042348839
0.647504575383 0.231033268744 0.13441146299 0.0864568666636
0.608012870122 0.548934111537 0.104827440682 0.0318875749839
0.704414565259 0.45664444427 0.0393724984304 0.0103691206466
0.0397939332993 0.302520260477 0.444917961371 0.582676096475
0.140669992502 0.134802668773 0.948740668526 0.0478428285865
0.000134599500349 0.00658245380933 0.45807217237 0.739997815161
0.155334226896 0.200249084035 0.697689258936 0.487128601167
0.457337968358 0.446385828275 0.173562108965 0.231850103884
0.466842858771 0.478222795214 0.650119953686 0.0466472796456
0.0847210245479 0.285180254546 0.633665387096 0.273855423981
0.0228370869675 0.246111782249 0.0107618807611 0.80216690721
0.128622082627 0.103523915306 0.233467106024 0.591227309632
0.311651247848 0.504158465948 0.666547576575 0.0255504458655
0.641251474884 0.0872467401495 0.580160342527 0.0182569031506
0.0432732134159 0.036164365016 0.405846562474 0.629730563294
0.37722312695 0.228345249077 0.151615976548 0.534054721587
0.113642184202 0.197811455406 0.768247163713 0.112848337001
0.381747145992 0.537527335021 0.0127542770005 0.588725910883
0.303172336609 0.462570693314 0.0714016679036 0.479379631884
0.318777865062 0.638154514177 0.143967234723 0.646658756116
0.0130140107872 5.10621678552e-05 0.586429513239 0.54798619177
0.0633193954168 0.0411203665024 0.791718024547 0.412512484837
0.0221001154069 0.0266507729961 0.792598694236 0.146719284227
0.528662178877 0.0555027959675 0.495203245937 0.462944156867
0.00515465766988 0.0662287667448 0.138603180415 0.777259222081
0.246937945056 0.105571987224 0.143830349194 0.682562883453
0.28309724723 0.242598788797 0.51458837876 0.584623677582
0.716269428369 0.0497428440484 0.169646744289 0.472254394906
0.0943282413883 0.628783743682 0.21300472695 0.667469394215
0.469433593407 0.0103902158861 0.521099889218 0.764236502289
0.469433593407 0.0103902158861 0.521099889218 0.764236502289
0.469433593407 0.0103902158861 0.521099889218 0.764236502289
0.469433593407 0.0103902158861 0.521099889218 0.764236502289
0.469433593407 0.0103902158861 0.521099889218 0.764236502289
0.469433593407 0.0103902158861 0.521099889218 0.764236502289
0.453280822821 0.0100305823145 0.503167007616 0.737939962123
0.469433593407 0.0103902158861 0.521099889218 0.764236502289
0.469433593407 0.0103902158861 0.521099889218 0.764236502289
0.469433593407 0.0103902158861 0.521099889218 0.764236502289
0.469433593407 0.0103902158861 0.521099889218 0.764236502289
0.469433593407 0.0103902158861 0.521099889218 0.764236502289
0.469433593407 0.0103902158861 0.521099889218 0.764236502289
0.469433593407 0.0103902158861 0.521099889218 0.764236502289
0.469433593407 0.0103902158861 0.521099889218 0.764236502289
0.469433593407 0.0103902158861 0.521099889218 0.764236502289
0.469433593407 0.0103902158861 0.521099889218 0.764236502289
0.466196762897 0.0103181494308 0.517506344816 0.758966976353
0.469433593407 0.0103902158861 0.521099889218 0.764236502289
0.469433593407 0.0103902158861 0.521099889218 0.764236502289
0.469433593407 0.0103902158861 0.521099889218 0.764236502289
0.469433593407 0.0103902158861 0.521099889218 0.764236502289
0.469433593407 0.0103902158861 0.521099889218 0.764236502289
0.469433593407 0.0103902158861 0.521099889218 0.764236502289
0.469433593407 0.0103902158861 0.521099889218 0.764236502289
0.469433593407 0.0103902158861 0.521099889218 0.764236502289
0.469433593407 0.0103902158861 0.521099889218 0.764236502289
0.469433593407 0.0103902158861 0.521099889218 0.764236502289
0.469433593407 0.0103902158861 0.521099889218 0.764236502289
0.469433593407 0.0103902158861 0.521099889218 0.764236502289
0.469433593407 0.0103902158861 0.521099889218 0.764236502289
0.469433593407 0.0103902158861 0.521099889218 0.764236502289
0.469433593407 0.0103902158861 0.521099889218 0.764236502289
0.469433593407 0.0103902158861 0.521099889218 0.764236502289
0.469433593407 0.0103902158861 0.521099889218 0.764236502289
0.469433593407 0.0103902158861 0.521099889218 0.764236502289
0.469433593407 0.0103902158861 0.521099889218 0.764236502289
0.469433593407 0.0103902158861 0.521099889218 0.764236502289
0.469433593407 0.0103902158861 0.521099889218 0.764236502289
0.469433593407 0.0103902158861 0.521099889218 0.764236502289
0.469433593407 0.0103902158861 0.521099889218 0.764236502289
0.469433593407 0.0103902158861 0.521099889218 0.764236502289
0.469433593407 0.0103902158861 0.521099889218 0.764236502289
0.469433593407 0.0103902158861 0.521099889218 0.764236502289
0.469433593407 0.0103902158861 0.521099889218 0.764236502289
0.469433593407 0.0103902158861 0.521099889218 0.764236502289
0.469433593407 0.0103902158861 0.521099889218 0.764236502289
0.469433593407 0.0103902158861 0.521099889218 0.764236502289
0.469433593407 0.0103902158861 0.521099889218 0.764236502289
0.469433593407 0.0103902158861 0.521099889218 0.764236502289
0.460713070532 0.0101960576905 0.511418323854 0.750039583014
0.469433593407 0.0103902158861 0.521099889218 0.764236502289
0.469433593407 0.0103902158861 0.521099889218 0.764236502289
0.469433593407 0.0103902158861 0.521099889218 0.764236502289
0.469433593407 0.0103902158861 0.521099889218 0.764236502289
0.469433593407 0.0103902158861 0.521099889218 0.764236502289
0.469433593407 0.0103902158861 0.521099889218 0.764236502289
0.469433593407 0.0103902158861 0.521099889218 0.764236502289
0.469433593407 0.0103902158861 0.521099889218 0.764236502289
0.469433593407 0.0103902158861 0.521099889218 0.764236502289
0.469433593407 0.0103902158861 0.521099889218 0.764236502289
0.469433593407 0.0103902158861 0.521099889218 0.764236502289
0.469433593407 0.0103902158861 0.521099889218 0.764236502289
0.469433593407 0.0103902158861 0.521099889218 0.764236502289
0.469433593407 0.0103902158861 0.521099889218 0.764236502289
0.469433593407 0.0103902158861 0.521099889218 0.764236502289
0.469433593407 0.0103902158861 0.521099889218 0.764236502289
0.469433593407 0.0103902158861 0.521099889218 0.764236502289
0.469433593407 0.0103902158861 0.521099889218 0.764236502289
0.469433593407 0.0103902158861 0.521099889218 0.764236502289
0.469433593407 0.0103902158861 0.521099889218 0.764236502289
0.469433593407 0.0103902158861 0.521099889218 0.764236502289
0.469433593407 0.0103902158861 0.521099889218 0.764236502289
0.469433593407 0.0103902158861 0.521099889218 0.764236502289
0.469433593407 0.0103902158861 0.521099889218 0.764236502289
0.469433593407 0.0103902158861 0.521099889218 0.764236502289
0.469433593407 0.0103902158861 0.521099889218 0.764236502289
0.469433593407 0.0103902158861 0.521099889218 0.764236502289
0.469433593407 0.0103902158861 0.521099889218 0.764236502289
0.469433593407 0.0103902158861 0.521099889218 0.764236502289
0.469433593407 0.0103902158861 0.521099889218 0.764236502289
0.469433593407 0.0103902158861 0.521099889218 0.764236502289
0.469433593407 0.0103902158861 0.521099889218 0.764236502289
0.469433593407 0.0103902158861 0.521099889218 0.764236502289
0.469433593407 0.0103902158861 0.521099889218 0.764236502289
0.469433593407 0.0103902158861 0.521099889218 0.764236502289
0.469433593407 0.0103902158861 0.521099889218 0.764236502289
0.469433593407 0.0103902158861 0.521099889218 0.764236502289
0.469433593407 0.0103902158861 0.521099889218 0.764236502289
0.469433593407 0.0103902158861 0.521099889218 0.764236502289
0.469433593407 0.0103902158861 0.521099889218 0.764236502289
0.469433593407 0.0103902158861 0.521099889218 0.764236502289
0.469433593407 0.0103902158861 0.521099889218 0.764236502289
0.469433593407 0.0103902158861 0.521099889218 0.764236502289
0.469433593407 0.0103902158861 0.521099889218 0.764236502289
0.469433593407 0.0103902158861 0.521099889218 0.764236502289
0.469433593407 0.0103902158861 0.521099889218 0.764236502289
0.469433593407 0.0103902158861 0.521099889218 0.764236502289
0.469433593407 0.0103902158861 0.521099889218 0.764236502289
0.469433593407 0.0103902158861 0.521099889218 0.764236502289
0.469433593407 0.0103902158861 0.521099889218 0.764236502289
0.469433593407 0.0103902158861 0.521099889218 0.764236502289
0.469433593407 0.0103902158861 0.521099889218 0.764236502289
0.469433593407 0.0103902158861 0.521099889218 0.764236502289
0.469433593407 0.0103902158861 0.521099889218 0.764236502289
0.469433593407 0.0103902158861 0.521099889218 0.764236502289
0.469433593407 0.0103902158861 0.521099889218 0.764236502289
0.469433593407 0.0103902158861 0.521099889218 0.764236502289
0.478575410756 0.0105937539986 0.531249177688 0.779119284533
0.469433593407 0.0103902158861 0.521099889218 0.764236502289
0.469433593407 0.0103902158861 0.521099889218 0.764236502289
0.469433593407 0.0103902158861 0.521099889218 0.764236502289
0.469433593407 0.0103902158861 0.521099889218 0.764236502289
0.469433593407 0.0103902158861 0.521099889218 0.764236502289
0.469433593407 0.0103902158861 0.521099889218 0.764236502289
0.469433593407 0.0103902158861 0.521099889218 0.764236502289
0.469433593407 0.0103902158861 0.521099889218 0.764236502289
0.469433593407 0.0103902158861 0.521099889218 0.764236502289
0.469433593407 0.0103902158861 0.521099889218 0.764236502289
0.469433593407 0.0103902158861 0.521099889218 0.764236502289
0.469433593407 0.0103902158861 0.521099889218 0.764236502289
0.469433593407 0.0103902158861 0.521099889218 0.764236502289
0.469433593407 0.0103902158861 0.521099889218 0.764236502289
0.469433593407 0.0103902158861 0.521099889218 0.764236502289
0.469433593407 0.0103902158861 0.521099889218 0.764236502289
0.469433593407 0.0103902158861 0.521099889218 0.764236502289
0.469433593407 0.0103902158861 0.521099889218 0.764236502289
0.469433593407 0.0103902158861 0.521099889218 0.764236502289
0.469433593407 0.0103902158861 0.521099889218 0.764236502289
0.469433593407 0.0103902158861 0.521099889218 0.764236502289
0.466688109786 0.0103290890301 0.518051840435 0.759766883906
0.469433593407 0.0103902158861 0.521099889218 0.764236502289
0.465683492286 0.0103067217106 0.516936509378 0.758131377211
0.469433593407 0.0103902158861 0.521099889218 0.764236502289
0.469433593407 0.0103902158861 0.521099889218 0.764236502289
0.469433593407 0.0103902158861 0.521099889218 0.764236502289
0.469433593407 0.0103902158861 0.521099889218 0.764236502289
0.469433593407 0.0103902158861 0.521099889218 0.764236502289
0.469433593407 0.0103902158861 0.521099889218 0.764236502289
0.469433593407 0.0103902158861 0.521099889218 0.764236502289
0.469433593407 0.0103902158861 0.521099889218 0.764236502289
0.469433593407 0.0103902158861 0.521099889218 0.764236502289
0.469433593407 0.0103902158861 0.521099889218 0.764236502289
0.469433593407 0.0103902158861 0.521099889218 0.764236502289
0.469433593407 0.0103902158861 0.521099889218 0.764236502289
0.469433593407 0.0103902158861 0.521099889218 0.764236502289
0.469433593407 0.0103902158861 0.521099889218 0.764236502289
0.469433593407 0.0103902158861 0.521099889218 0.764236502289
0.469433593407 0.0103902158861 0.521099889218 0.764236502289
0.469433593407 0.0103902158861 0.521099889218 0.764236502289
0.469433593407 0.0103902158861 0.521099889218 0.764236502289
0.469433593407 0.0103902158861 0.521099889218 0.764236502289
0.469433593407 0.0103902158861 0.521099889218 0.764236502289
0.469433593407 0.0103902158861 0.521099889218 0.764236502289
0.469433593407 0.0103902158861 0.521099889218 0.764236502289
0.469433593407 0.0103902158861 0.521099889218 0.764236502289
0.469433593407 0.0103902158861 0.521099889218 0.764236502289
0.469433593407 0.0103902158861 0.521099889218 0.764236502289
0.469433593407 0.0103902158861 0.521099889218 0.764236502289
0.469433593407 0.0103902158861 0.521099889218 0.764236502289
0.469433593407 0.0103902158861 0.521099889218 0.764236502289
0.475397521651 0.0105229998448 0.527721070308 0.773945714581
0.469433593407 0.0103902158861 0.521099889218 0.764236502289
0.469433593407 0.0103902158861 0.521099889218 0.764236502289
0.469433593407 0.0103902158861 0.521099889218 0.764236502289
0.469433593407 0.0103902158861 0.521099889218 0.764236502289
0.469433593407 0.0103902158861 0.521099889218 0.764236502289
0.469433593407 0.0103902158861 0.521099889218 0.764236502289
0.465037842256 0.010292346627 0.516219705689 0.757080265771
0.469433593407 0.0103902158861 0.521099889218 0.764236502289
0.469433593407 0.0103902158861 0.521099889218 0.764236502289
0.469433593407 0.0103902158861 0.521099889218 0.764236502289
0.469433593407 0.0103902158861 0.521099889218 0.764236502289
0.469433593407 0.0103902158861 0.521099889218 0.764236502289
0.469433593407 0.0103902158861 0.521099889218 0.764236502289
0.469433593407 0.0103902158861 0.521099889218 0.764236502289
0.455390889966 0.0100775619319 0.505509614048 0.741375129181
0.469433593407 0.0103902158861 0.521099889218 0.764236502289
0.469433593407 0.0103902158861 0.521099889218 0.764236502289
0.469433593407 0.0103902158861 0.521099889218 0.764236502289
0.469433593407 0.0103902158861 0.521099889218 0.764236502289
0.469433593407 0.0103902158861 0.521099889218 0.764236502289
0.469433593407 0.0103902158861 0.521099889218 0.764236502289
0.469433593407 0.0103902158861 0.521099889218 0.764236502289
0.469433593407 0.0103902158861 0.521099889218 0.764236502289
0.469433593407 0.0103902158861 0.521099889218 0.764236502289
0.469433593407 0.0103902158861 0.521099889218 0.764236502289
0.469433593407 0.0103902158861 0.521099889218 0.764236502289
0.469433593407 0.0103902158861 0.521099889218 0.764236502289
0.469433593407 0.0103902158861 0.521099889218 0.764236502289
0.469433593407 0.0103902158861 0.521099889218 0.764236502289
0.469433593407 0.0103902158861 0.521099889218 0.764236502289
0.469433593407 0.0103902158861 0.521099889218 0.764236502289
0.469433593407 0.0103902158861 0.521099889218 0.764236502289
0.469433593407 0.0103902158861 0.521099889218 0.764236502289
0.469433593407 0.0103902158861 0.521099889218 0.764236502289
0.469433593407 0.0103902158861 0.521099889218 0.764236502289
0.469433593407 0.0103902158861 0.521099889218 0.764236502289
0.469433593407 0.0103902158861 0.521099889218 0.764236502289
0.469433593407 0.0103902158861 0.521099889218 0.764236502289
0.469433593407 0.0103902158861 0.521099889218 0.764236502289
0.469433593407 0.0103902158861 0.521099889218 0.764236502289
0.469433593407 0.0103902158861 0.521099889218 0.764236502289
0.469433593407 0.0103902158861 0.521099889218 0.764236502289
0.469433593407 0.0103902158861 0.521099889218 0.764236502289
0.469433593407 0.0103902158861 0.521099889218 0.764236502289
0.469433593407 0.0103902158861 0.521099889218 0.764236502289
0.469433593407 0.0103902158861 0.521099889218 0.764236502289
0.469433593407 0.0103902158861 0.521099889218 0.764236502289
0.469433593407 0.0103902158861 0.521099889218 0.764236502289
0.469433593407 0.0103902158861 0.521099889218 0.764236502289
0.469433593407 0.0103902158861 0.521099889218 0.764236502289
0.469433593407 0.0103902158861 0.521099889218 0.764236502289
0.469433593407 0.0103902158861 0.521099889218 0.764236502289
0.469433593407 0.0103902158861 0.521099889218 0.764236502289
0.486330170028 0.0107664099387 0.539858547782 0.791743950859
0.469433593407 0.0103902158861 0.521099889218 0.764236502289
0.469433593407 0.0103902158861 0.521099889218 0.764236502289
0.469433593407 0.0103902158861 0.521099889218 0.764236502289
0.469433593407 0.0103902158861 0.521099889218 0.764236502289
0.469433593407 0.0103902158861 0.521099889218 0.764236502289
0.469433593407 0.0103902158861 0.521099889218 0.764236502289
0.469433593407 0.0103902158861 0.521099889218 0.764236502289
0.469433593407 0.0103902158861 0.521099889218 0.764236502289
0.469433593407 0.0103902158861 0.521099889218 0.764236502289
0.469433593407 0.0103902158861 0.521099889218 0.764236502289
0.469433593407 0.0103902158861 0.521099889218 0.764236502289
0.469433593407 0.0103902158861 0.521099889218 0.764236502289
0.469433593407 0.0103902158861 0.521099889218 0.764236502289
0.469433593407 0.0103902158861 0.521099889218 0.764236502289
0.469433593407 0.0103902158861 0.521099889218 0.764236502289
0.469433593407 0.0103902158861 0.521099889218 0.764236502289
0.469433593407 0.0103902158861 0.521099889218 0.764236502289
0.469433593407 0.0103902158861 0.521099889218 0.764236502289
0.469433593407 0.0103902158861 0.521099889218 0.764236502289
0.469433593407 0.0103902158861 0.521099889218 0.764236502289
0.469433593407 0.0103902158861 0.521099889218 0.764236502289
0.469433593407 0.0103902158861 0.521099889218 0.764236502289
0.469433593407 0.0103902158861 0.521099889218 0.764236502289
0.469433593407 0.0103902158861 0.521099889218 0.764236502289
0.469433593407 0.0103902158861 0.521099889218 0.764236502289
0.469433593407 0.0103902158861 0.521099889218 0.764236502289
0.469433593407 0.0103902158861 0.521099889218 0.764236502289
0.469433593407 0.0103902158861 0.521099889218 0.764236502289
0.469433593407 0.0103902158861 0.521099889218 0.764236502289
0.469433593407 0.0103902158861 0.521099889218 0.764236502289
0.469433593407 0.0103902158861 0.521099889218 0.764236502289
0.472414620824 0.0104565870102 0.524409439829 0.769089583488
0.469433593407 0.0103902158861 0.521099889218 0.764236502289
0.469433593407 0.0103902158861 0.521099889218 0.764236502289
0.469433593407 0.0103902158861 0.521099889218 0.764236502289
0.469433593407 0.0103902158861 0.521099889218 0.764236502289
0.469433593407 0.0103902158861 0.521099889218 0.764236502289
0.469433593407 0.0103902158861 0.521099889218 0.764236502289
0.469433593407 0.0103902158861 0.521099889218 0.764236502289
0.469433593407 0.0103902158861 0.521099889218 0.764236502289
0.469433593407 0.0103902158861 0.521099889218 0.764236502289
0.458990957037 0.0101577156721 0.509506425381 0.747236000406
0.469433593407 0.0103902158861 0.521099889218 0.764236502289
0.469433593407 0.0103902158861 0.521099889218 0.764236502289
0.469433593407 0.0103902158861 0.521099889218 0.764236502289
0.469433593407 0.0103902158861 0.521099889218 0.764236502289
0.469433593407 0.0103902158861 0.521099889218 0.764236502289
0.469433593407 0.0103902158861 0.521099889218 0.764236502289
0.469433593407 0.0103902158861 0.521099889218 0.764236502289
0.469433593407 0.0103902158861 0.521099889218 0.764236502289
0.469433593407 0.0103902158861 0.521099889218 0.764236502289
0.469433593407 0.0103902158861 0.521099889218 0.764236502289
0.469433593407 0.0103902158861 0.521099889218 0.764236502289
0.469433593407 0.0103902158861 0.521099889218 0.764236502289
0.469433593407 0.0103902158861 0.521099889218 0.764236502289
0.469433593407 0.0103902158861 0.521099889218 0.764236502289
0.469433593407 0.0103902158861 0.521099889218 0.764236502289
0.469433593407 0.0103902158861 0.521099889218 0.764236502289
0.469433593407 0.0103902158861 0.521099889218 0.764236502289
0.469433593407 0.0103902158861 0.521099889218 0.764236502289
0.469433593407 0.0103902158861 0.521099889218 0.764236502289
0.469433593407 0.0103902158861 0.521099889218 0.764236502289
0.469433593407 0.0103902158861 0.521099889218 0.764236502289
0.469433593407 0.0103902158861 0.521099889218 0.764236502289
0.469433593407 0.0103902158861 0.521099889218 0.764236502289
0.469433593407 0.0103902158861 0.521099889218 0.764236502289
0.461344828397 0.0102101234717 0.512119704396 0.751068078156
0.469433593407 0.0103902158861 0.521099889218 0.764236502289
0.469433593407 0.0103902158861 0.521099889218 0.764236502289
0.469433593407 0.0103902158861 0.521099889218 0.764236502289
0.469433593407 0.0103902158861 0.521099889218 0.764236502289
0.469433593407 0.0103902158861 0.521099889218 0.764236502289
0.469433593407 0.0103902158861 0.521099889218 0.764236502289
0.469433593407 0.0103902158861 0.521099889218 0.764236502289
0.469433593407 0.0103902158861 0.521099889218 0.764236502289
0.469433593407 0.0103902158861 0.521099889218 0.764236502289
0.469433593407 0.0103902158861 0.521099889218 0.764236502289
0.469433593407 0.0103902158861 0.521099889218 0.764236502289
0.469433593407 0.0103902158861 0.521099889218 0.764236502289
0.469433593407 0.0103902158861 0.521099889218 0.764236502289
0.469433593407 0.0103902158861 0.521099889218 0.764236502289
0.469433593407 0.0103902158861 0.521099889218 0.764236502289
0.469433593407 0.0103902158861 0.521099889218 0.764236502289
0.469433593407 0.0103902158861 0.521099889218 0.764236502289
0.469433593407 0.0103902158861 0.521099889218 0.764236502289
0.469433593407 0.0103902158861 0.521099889218 0.764236502289
0.467993982554 0.0103581636514 0.519501626502 0.761892831002
0.469433593407 0.0103902158861 0.521099889218 0.764236502289
0.464395316875 0.0102780411123 0.515506371 0.756034241227
0.454404484083 0.0100556000853 0.504414501615 0.739769270808
0.469433593407 0.0103902158861 0.521099889218 0.764236502289
0.474174536584 0.0104957706777 0.526363306554 0.771954707787
0.469433593407 0.0103902158861 0.521099889218 0.764236502289
0.469433593407 0.0103902158861 0.521099889218 0.764236502289
0.469433593407 0.0103902158861 0.521099889218 0.764236502289
0.469433593407 0.0103902158861 0.521099889218 0.764236502289
0.469433593407 0.0103902158861 0.521099889218 0.764236502289
0.469433593407 0.0103902158861 0.521099889218 0.764236502289
0.469433593407 0.0103902158861 0.521099889218 0.764236502289
0.469433593407 0.0103902158861 0.521099889218 0.764236502289
0.469433593407 0.0103902158861 0.521099889218 0.764236502289
0.469433593407 0.0103902158861 0.521099889218 0.764236502289
0.469433593407 0.0103902158861 0.521099889218 0.764236502289
0.469433593407 0.0103902158861 0.521099889218 0.764236502289
0.469433593407 0.0103902158861 0.521099889218 0.764236502289
0.469433593407 0.0103902158861 0.521099889218 0.764236502289
0.469433593407 0.0103902158861 0.521099889218 0.764236502289
0.469433593407 0.0103902158861 0.521099889218 0.764236502289
0.469433593407 0.0103902158861 0.521099889218 0.764236502289
0.469433593407 0.0103902158861 0.521099889218 0.764236502289
0.469433593407 0.0103902158861 0.521099889218 0.764236502289
0.469433593407 0.0103902158861 0.521099889218 0.764236502289
0.469433593407 0.0103902158861 0.521099889218 0.764236502289
0.469433593407 0.0103902158861 0.521099889218 0.764236502289
0.469433593407 0.0103902158861 0.521099889218 0.764236502289
0.469433593407 0.0103902158861 0.521099889218 0.764236502289
0.469433593407 0.0103902158861 0.521099889218 0.764236502289
0.469433593407 0.0103902158861 0.521099889218 0.764236502289
0.469433593407 0.0103902158861 0.521099889218 0.764236502289
0.469433593407 0.0103902158861 0.521099889218 0.764236502289
0.469433593407 0.0103902158861 0.521099889218 0.764236502289
0.469433593407 0.0103902158861 0.521099889218 0.764236502289
0.469433593407 0.0103902158861 0.521099889218 0.764236502289
0.469433593407 0.0103902158861 0.521099889218 0.764236502289
0.469433593407 0.0103902158861 0.521099889218 0.764236502289
0.46916170475 0.0103841624175 0.520798037157 0.763793870423
0.469433593407 0.0103902158861 0.521099889218 0.764236502289
0.469433593407 0.0103902158861 0.521099889218 0.764236502289
0.469676742605 0.0103956294846 0.521369834598 0.76463234662
0.469433593407 0.0103902158861 0.521099889218 0.764236502289
0.469433593407 0.0103902158861 0.521099889218 0.764236502289
0.469433593407 0.0103902158861 0.521099889218 0.764236502289
0.469433593407 0.0103902158861 0.521099889218 0.764236502289
0.469433593407 0.0103902158861 0.521099889218 0.764236502289
0.469433593407 0.0103902158861 0.521099889218 0.764236502289
0.469433593407 0.0103902158861 0.521099889218 0.764236502289
0.469433593407 0.0103902158861 0.521099889218 0.764236502289
0.469433593407 0.0103902158861 0.521099889218 0.764236502289
0.469433593407 0.0103902158861 0.521099889218 0.764236502289
0.469433593407 0.0103902158861 0.521099889218 0.764236502289
0.469433593407 0.0103902158861 0.521099889218 0.764236502289
0.469433593407 0.0103902158861 0.521099889218 0.764236502289
0.469433593407 0.0103902158861 0.521099889218 0.764236502289
0.469433593407 0.0103902158861 0.521099889218 0.764236502289
0.469433593407 0.0103902158861 0.521099889218 0.764236502289
0.469433593407 0.0103902158861 0.521099889218 0.764236502289
0.469433593407 0.0103902158861 0.521099889218 0.764236502289
0.469433593407 0.0103902158861 0.521099889218 0.764236502289
0.469433593407 0.0103902158861 0.521099889218 0.764236502289
0.469433593407 0.0103902158861 0.521099889218 0.764236502289
0.469433593407 0.0103902158861 0.521099889218 0.764236502289
0.469433593407 0.0103902158861 0.521099889218 0.764236502289
0.469433593407 0.0103902158861 0.521099889218 0.764236502289
0.469433593407 0.0103902158861 0.521099889218 0.764236502289
0.469433593407 0.0103902158861 0.521099889218 0.764236502289
0.469433593407 0.0103902158861 0.521099889218 0.764236502289
0.469433593407 0.0103902158861 0.521099889218 0.764236502289
0.469433593407 0.0103902158861 0.521099889218 0.764236502289
0.469433593407 0.0103902158861 0.521099889218 0.764236502289
0.469433593407 0.0103902158861 0.521099889218 0.764236502289
0.469433593407 0.0103902158861 0.521099889218 0.764236502289
0.469433593407 0.0103902158861 0.521099889218 0.764236502289
0.469433593407 0.0103902158861 0.521099889218 0.764236502289
0.469433593407 0.0103902158861 0.521099889218 0.764236502289
0.469433593407 0.0103902158861 0.521099889218 0.764236502289
0.469433593407 0.0103902158861 0.521099889218 0.764236502289
0.469433593407 0.0103902158861 0.521099889218 0.764236502289
0.469433593407 0.0103902158861 0.521099889218 0.764236502289
0.469433593407 0.0103902158861 0.521099889218 0.764236502289
0.469433593407 0.0103902158861 0.521099889218 0.764236502289
0.469433593407 0.0103902158861 0.521099889218 0.764236502289
0.469433593407 0.0103902158861 0.521099889218 0.764236502289
0.469433593407 0.0103902158861 0.521099889218 0.764236502289
0.469433593407 0.0103902158861 0.521099889218 0.764236502289
0.469433593407 0.0103902158861 0.521099889218 0.764236502289
0.469433593407 0.0103902158861 0.521099889218 0.764236502289
0.469433593407 0.0103902158861 0.521099889218 0.764236502289
0.469433593407 0.0103902158861 0.521099889218 0.764236502289
0.464716496162 0.0102851920127 0.51586294575 0.756557117719
0.469433593407 0.0103902158861 0.521099889218 0.764236502289
0.469433593407 0.0103902158861 0.521099889218 0.764236502289
0.469433593407 0.0103902158861 0.521099889218 0.764236502289
0.471873783593 0.0104445455325 0.5238089998 0.76820910618
0.469433593407 0.0103902158861 0.521099889218 0.764236502289
0.469433593407 0.0103902158861 0.521099889218 0.764236502289
0.469433593407 0.0103902158861 0.521099889218 0.764236502289
0.469433593407 0.0103902158861 0.521099889218 0.764236502289
0.469433593407 0.0103902158861 0.521099889218 0.764236502289
0.469433593407 0.0103902158861 0.521099889218 0.764236502289
0.529649727701 0.0117409179727 0.587951168883 0.677697050187
0.469433593407 0.0103902158861 0.521099889218 0.764236502289
0.469433593407 0.0103902158861 0.521099889218 0.764236502289
0.469433593407 0.0103902158861 0.521099889218 0.764236502289
0.469433593407 0.0103902158861 0.521099889218 0.764236502289
0.469433593407 0.0103902158861 0.521099889218 0.764236502289
0.469433593407 0.0103902158861 0.521099889218 0.764236502289
0.469433593407 0.0103902158861 0.521099889218 0.764236502289
0.469433593407 0.0103902158861 0.521099889218 0.764236502289
0.469433593407 0.0103902158861 0.521099889218 0.764236502289
0.469433593407 0.0103902158861 0.521099889218 0.764236502289
0.469433593407 0.0103902158861 0.521099889218 0.764236502289
0.471003301997 0.0104251646836 0.522842587052 0.76679197132
0.469433593407 0.0103902158861 0.521099889218 0.764236502289
0.469433593407 0.0103902158861 0.521099889218 0.764236502289
0.469433593407 0.0103902158861 0.521099889218 0.764236502289
0.471801875271 0.0104429445287 0.523729166843 0.768092040189
0.469433593407 0.0103902158861 0.521099889218 0.764236502289
0.469433593407 0.0103902158861 0.521099889218 0.764236502289
0.469433593407 0.0103902158861 0.521099889218 0.764236502289
0.469433593407 0.0103902158861 0.521099889218 0.764236502289
0.469433593407 0.0103902158861 0.521099889218 0.764236502289
0.469433593407 0.0103902158861 0.521099889218 0.764236502289
0.469433593407 0.0103902158861 0.521099889218 0.764236502289
0.469433593407 0.0103902158861 0.521099889218 0.764236502289
0.469433593407 0.0103902158861 0.521099889218 0.764236502289
0.469433593407 0.0103902158861 0.521099889218 0.764236502289
0.469433593407 0.0103902158861 0.521099889218 0.764236502289
0.469433593407 0.0103902158861 0.521099889218 0.764236502289
0.469433593407 0.0103902158861 0.521099889218 0.764236502289
0.469433593407 0.0103902158861 0.521099889218 0.764236502289
0.469433593407 0.0103902158861 0.521099889218 0.764236502289
0.469433593407 0.0103902158861 0.521099889218 0.764236502289
0.469433593407 0.0103902158861 0.521099889218 0.764236502289
0.469433593407 0.0103902158861 0.521099889218 0.764236502289
0.469433593407 0.0103902158861 0.521099889218 0.764236502289
0.469433593407 0.0103902158861 0.521099889218 0.764236502289
0.469433593407 0.0103902158861 0.521099889218 0.764236502289
0.469433593407 0.0103902158861 0.521099889218 0.764236502289
0.469433593407 0.0103902158861 0.521099889218 0.764236502289
0.469433593407 0.0103902158861 0.521099889218 0.764236502289
0.469433593407 0.0103902158861 0.521099889218 0.764236502289
0.469433593407 0.0103902158861 0.521099889218 0.764236502289
0.469433593407 0.0103902158861 0.521099889218 0.764236502289
0.469433593407 0.0103902158861 0.521099889218 0.764236502289
