0.224123385139 0.250439264501 0.359361956525 0.253317801428
0.262683527959 0.00507410404492 0.379750834259 0.386667717551
0.346486664837 0.307166828373 0.0591484435182 0.639344958415
0.216676127629 0.408893541979 0.739975206681 0.264675206204
0.00363987808489 0.0160565829982 0.447104771303 0.210397276245
0.0704418639917 0.278143449018 0.180779979274 0.482837043947
0.280013204151 0.154331559161 0.345831718274 0.732049155003
0.012344077906 0.0087900330847 0.0115618470788 0.77501042034
0.0334832411798 0.0894626256804 0.434327825167 0.447082221834
0.0805651798343 0.0547110729936 0.400317061625 0.417514281887
0.551483630888 0.0724434506722 0.286006034712 0.423427994039
0.188443863982 0.246717202189 0.0057337321049 0.664936223736
0.0698096393494 0.145456009076 0.131355779273 0.846439780723
0.202900488707 0.100490230932 0.183766871697 0.15849433373
0.456530142204 0.677045736715 0.627338248151 0.0639883783976
0.0958082001911 0.00208676545498 0.758180046633 0.0201566819642
0.307947080418 0.733349459371 0.107977362887 0.165984267403
0.0734223418987 0.123251596549 0.819941276373 0.0174502979102
0.0332591652984 0.00924293331237 0.773555731364 0.443145789147
0.615456187792 0.152665747097 0.281919493326 0.471076197746
0.328390094912 0.168986820457 0.343785787937 0.60450899674
0.0343996700123 0.166653323878 0.0279774829384 0.527367319528
0.127447462946 0.292678653607 0.379710036413 0.428125052056
0.638100751368 0.0400947479933 0.0851172067291 0.468998162133
0.237716782497 0.881225789584 0.063316987031 0.0470955128952
0.00339058605816 0.000556537440285 0.0114367666798 0.793312827735
0.482071989012 0.66105106036 0.122159695542 0.2513448112
0.293769632148 0.618726774333 0.115882871503 0.252014797189
0.190166389739 0.358790330487 0.207112603396 0.560308989079
0.832938550798 0.22460031263 0.157502594361 0.522933889509
0.120706735773 0.0658149682969 0.201581771965 0.584829513443
0.393395475374 0.119875184097 0.530686553184 0.354186014431
0.192583313939 0.0655480871619 0.599265532268 0.271302778852
0.00234132603626 0.00691602534699 0.00125890120352 0.900910597024
0.292796189036 0.724537408395 0.0728202064475 0.0923803402438
0.00243536769785 0.0293598331506 0.207338799561 0.68729688413
0.189776824618 0.215495492311 0.51903824532 0.417510129676
0.368343663004 0.137297932596 0.759013150197 0.0306672545182
0.0996746357328 0.200745268996 0.870187165036 0.0442466620359
0.0403288999579 0.064200525771 0.275133259308 0.727995593162
0.222456696882 0.0371787602987 0.677549045289 0.104377851016
0.0237185854481 0.0714155448349 0.684352270555 0.0205081805636
0.00805496804856 0.111152411643 0.794228200412 0.0529214775019
0.0587830658161 0.0153510551715 0.617610361239 0.369690765643
0.33206673786 0.0662911042219 0.210225812549 0.0921466248484
0.749772681839 0.228546928687 0.221493133314 0.0608986057521
0.0104937062534 0.0515925683079 0.114304890845 0.663372599313
0.166366266467 0.160542965548 0.336910140341 0.68848518953
0.0206817753308 0.0558059099539 0.0610296729031 0.744938371567
0.0101802027348 0.0717168162658 0.586738811726 0.0315297184344
0.224123385139 0.250439264501 0.359361956525 0.253317801428
0.224123385139 0.250439264501 0.359361956525 0.253317801428
0.224123385139 0.250439264501 0.359361956525 0.253317801428
0.224123385139 0.250439264501 0.359361956525 0.253317801428
0.224123385139 0.250439264501 0.359361956525 0.253317801428
0.224123385139 0.250439264501 0.359361956525 0.253317801428
0.224123385139 0.250439264501 0.359361956525 0.253317801428
0.224123385139 0.250439264501 0.359361956525 0.253317801428
0.224123385139 0.250439264501 0.359361956525 0.253317801428
0.224123385139 0.250439264501 0.359361956525 0.253317801428
0.224123385139 0.250439264501 0.359361956525 0.253317801428
0.224123385139 0.250439264501 0.359361956525 0.253317801428
0.224123385139 0.250439264501 0.359361956525 0.253317801428
0.224123385139 0.250439264501 0.359361956525 0.253317801428
0.224123385139 0.250439264501 0.359361956525 0.253317801428
0.224123385139 0.250439264501 0.359361956525 0.253317801428
0.224123385139 0.250439264501 0.359361956525 0.253317801428
0.224123385139 0.250439264501 0.359361956525 0.253317801428
0.224123385139 0.250439264501 0.359361956525 0.253317801428
0.224123385139 0.250439264501 0.359361956525 0.253317801428
0.224123385139 0.250439264501 0.359361956525 0.253317801428
0.224123385139 0.250439264501 0.359361956525 0.253317801428
0.224123385139 0.250439264501 0.359361956525 0.253317801428
0.224123385139 0.250439264501 0.359361956525 0.253317801428
0.226471117333 0.253059973772 0.363123643019 0.255997408956
0.224123385139 0.250439264501 0.359361956525 0.253317801428
0.224123385139 0.250439264501 0.359361956525 0.253317801428
0.224123385139 0.250439264501 0.359361956525 0.253317801428
0.224123385139 0.250439264501 0.359361956525 0.253317801428
0.224123385139 0.250439264501 0.359361956525 0.253317801428
0.224123385139 0.250439264501 0.359361956525 0.253317801428
0.224123385139 0.250439264501 0.359361956525 0.253317801428
0.224123385139 0.250439264501 0.359361956525 0.253317801428
0.224123385139 0.250439264501 0.359361956525 0.253317801428
0.224123385139 0.250439264501 0.359361956525 0.253317801428
0.2476085855 0.276655151638 0.396991444746 0.28012286882
0.224123385139 0.250439264501 0.359361956525 0.253317801428
0.224123385139 0.250439264501 0.359361956525 0.253317801428
0.224123385139 0.250439264501 0.359361956525 0.253317801428
0.222107134874 0.248188579444 0.356131391551 0.251016534102
0.224123385139 0.250439264501 0.359361956525 0.253317801428
0.224123385139 0.250439264501 0.359361956525 0.253317801428
0.224123385139 0.250439264501 0.359361956525 0.253317801428
0.224123385139 0.250439264501 0.359361956525 0.253317801428
0.224123385139 0.250439264501 0.359361956525 0.253317801428
0.224123385139 0.250439264501 0.359361956525 0.253317801428
0.224123385139 0.250439264501 0.359361956525 0.253317801428
0.224123385139 0.250439264501 0.359361956525 0.253317801428
0.224123385139 0.250439264501 0.359361956525 0.253317801428
0.224123385139 0.250439264501 0.359361956525 0.253317801428
0.224123385139 0.250439264501 0.359361956525 0.253317801428
0.224123385139 0.250439264501 0.359361956525 0.253317801428
0.224123385139 0.250439264501 0.359361956525 0.253317801428
0.224123385139 0.250439264501 0.359361956525 0.253317801428
0.224123385139 0.250439264501 0.359361956525 0.253317801428
0.224123385139 0.250439264501 0.359361956525 0.253317801428
0.224123385139 0.250439264501 0.359361956525 0.253317801428
0.224123385139 0.250439264501 0.359361956525 0.253317801428
0.224123385139 0.250439264501 0.359361956525 0.253317801428
0.225158892052 0.251595172562 0.36102111185 0.25449968756
0.224123385139 0.250439264501 0.359361956525 0.253317801428
0.224123385139 0.250439264501 0.359361956525 0.253317801428
0.224123385139 0.250439264501 0.359361956525 0.253317801428
0.224123385139 0.250439264501 0.359361956525 0.253317801428
0.224123385139 0.250439264501 0.359361956525 0.253317801428
0.224123385139 0.250439264501 0.359361956525 0.253317801428
0.331299240387 0.0828671928225 0.359361956525 0.253317801428
0.224123385139 0.250439264501 0.359361956525 0.253317801428
0.224123385139 0.250439264501 0.359361956525 0.253317801428
0.224123385139 0.250439264501 0.359361956525 0.253317801428
0.224123385139 0.250439264501 0.359361956525 0.253317801428
0.224123385139 0.250439264501 0.359361956525 0.253317801428
0.224123385139 0.250439264501 0.359361956525 0.253317801428
0.224123385139 0.250439264501 0.359361956525 0.253317801428
0.224123385139 0.250439264501 0.359361956525 0.253317801428
0.224123385139 0.250439264501 0.359361956525 0.253317801428
0.224123385139 0.250439264501 0.359361956525 0.253317801428
0.224123385139 0.250439264501 0.359361956525 0.253317801428
0.224123385139 0.250439264501 0.359361956525 0.253317801428
0.224123385139 0.250439264501 0.359361956525 0.253317801428
0.224123385139 0.250439264501 0.359361956525 0.253317801428
0.224123385139 0.250439264501 0.359361956525 0.253317801428
0.224123385139 0.250439264501 0.359361956525 0.253317801428
0.224123385139 0.250439264501 0.359361956525 0.253317801428
0.224123385139 0.250439264501 0.359361956525 0.253317801428
0.224123385139 0.250439264501 0.359361956525 0.253317801428
0.224123385139 0.250439264501 0.359361956525 0.253317801428
0.224123385139 0.250439264501 0.359361956525 0.253317801428
0.224123385139 0.250439264501 0.359361956525 0.253317801428
0.224123385139 0.250439264501 0.359361956525 0.253317801428
0.224123385139 0.250439264501 0.359361956525 0.253317801428
0.224123385139 0.250439264501 0.359361956525 0.253317801428
0.224123385139 0.250439264501 0.359361956525 0.253317801428
0.224123385139 0.250439264501 0.359361956525 0.253317801428
0.224123385139 0.250439264501 0.359361956525 0.253317801428
0.224123385139 0.250439264501 0.359361956525 0.253317801428
0.224123385139 0.250439264501 0.359361956525 0.253317801428
0.224123385139 0.250439264501 0.359361956525 0.253317801428
0.224123385139 0.250439264501 0.359361956525 0.253317801428
0.224123385139 0.250439264501 0.359361956525 0.253317801428
0.224123385139 0.250439264501 0.359361956525 0.253317801428
0.224123385139 0.250439264501 0.359361956525 0.253317801428
0.224123385139 0.250439264501 0.359361956525 0.253317801428
0.224123385139 0.250439264501 0.359361956525 0.253317801428
0.224123385139 0.250439264501 0.359361956525 0.253317801428
0.224123385139 0.250439264501 0.359361956525 0.253317801428
0.224123385139 0.250439264501 0.359361956525 0.253317801428
0.224123385139 0.250439264501 0.359361956525 0.253317801428
0.224123385139 0.250439264501 0.359361956525 0.253317801428
0.224123385139 0.250439264501 0.359361956525 0.253317801428
0.224123385139 0.250439264501 0.359361956525 0.253317801428
0.224123385139 0.250439264501 0.359361956525 0.253317801428
0.224123385139 0.250439264501 0.359361956525 0.253317801428
0.224123385139 0.250439264501 0.359361956525 0.253317801428
0.224123385139 0.250439264501 0.359361956525 0.253317801428
0.224123385139 0.250439264501 0.359361956525 0.253317801428
0.224123385139 0.250439264501 0.359361956525 0.253317801428
0.224123385139 0.250439264501 0.359361956525 0.253317801428
0.224123385139 0.250439264501 0.359361956525 0.253317801428
0.235781463311 0.263452858473 0.378041274083 0.266623865089
0.224123385139 0.250439264501 0.359361956525 0.253317801428
0.224123385139 0.250439264501 0.359361956525 0.253317801428
0.224123385139 0.250439264501 0.359361956525 0.253317801428
0.224123385139 0.250439264501 0.359361956525 0.253317801428
0.224123385139 0.250439264501 0.359361956525 0.253317801428
0.224123385139 0.250439264501 0.359361956525 0.253317801428
0.224123385139 0.250439264501 0.359361956525 0.253317801428
0.224123385139 0.250439264501 0.359361956525 0.253317801428
0.224123385139 0.250439264501 0.359361956525 0.253317801428
0.224123385139 0.250439264501 0.359361956525 0.253317801428
0.224123385139 0.250439264501 0.359361956525 0.253317801428
0.224123385139 0.250439264501 0.359361956525 0.253317801428
0.224123385139 0.250439264501 0.359361956525 0.253317801428
0.22510739898 0.251537692253 0.36093860636 0.254440915429
0.224123385139 0.250439264501 0.359361956525 0.253317801428
0.224123385139 0.250439264501 0.359361956525 0.253317801428
0.224123385139 0.250439264501 0.359361956525 0.253317801428
0.224123385139 0.250439264501 0.359361956525 0.253317801428
0.224123385139 0.250439264501 0.359361956525 0.253317801428
0.224123385139 0.250439264501 0.359361956525 0.253317801428
0.224123385139 0.250439264501 0.359361956525 0.253317801428
0.224123385139 0.250439264501 0.359361956525 0.253317801428
0.224123385139 0.250439264501 0.359361956525 0.253317801428
0.224123385139 0.250439264501 0.359361956525 0.253317801428
0.224123385139 0.250439264501 0.359361956525 0.253317801428
0.224123385139 0.250439264501 0.359361956525 0.253317801428
0.224123385139 0.250439264501 0.359361956525 0.253317801428
0.224123385139 0.250439264501 0.359361956525 0.253317801428
0.224123385139 0.250439264501 0.359361956525 0.253317801428
0.224123385139 0.250439264501 0.359361956525 0.253317801428
0.224123385139 0.250439264501 0.359361956525 0.253317801428
0.224123385139 0.250439264501 0.359361956525 0.253317801428
0.224123385139 0.250439264501 0.359361956525 0.253317801428
0.224123385139 0.250439264501 0.359361956525 0.253317801428
0.224123385139 0.250439264501 0.359361956525 0.253317801428
0.224123385139 0.250439264501 0.359361956525 0.253317801428
0.224123385139 0.250439264501 0.359361956525 0.253317801428
0.224123385139 0.250439264501 0.359361956525 0.253317801428
0.224123385139 0.250439264501 0.359361956525 0.253317801428
0.224123385139 0.250439264501 0.359361956525 0.253317801428
0.224123385139 0.250439264501 0.359361956525 0.253317801428
0.224123385139 0.250439264501 0.359361956525 0.253317801428
0.234749443084 0.262300842507 0.37638770535 0.265445958521
0.224123385139 0.250439264501 0.359361956525 0.253317801428
0.224123385139 0.250439264501 0.359361956525 0.253317801428
0.224123385139 0.250439264501 0.359361956525 0.253317801428
0.246326063208 0.275223507066 0.394936505605 0.278659049225
0.224123385139 0.250439264501 0.359361956525 0.253317801428
0.224123385139 0.250439264501 0.359361956525 0.253317801428
0.224123385139 0.250439264501 0.359361956525 0.253317801428
0.224123385139 0.250439264501 0.359361956525 0.253317801428
0.224123385139 0.250439264501 0.359361956525 0.253317801428
0.224123385139 0.250439264501 0.359361956525 0.253317801428
0.224123385139 0.250439264501 0.359361956525 0.253317801428
0.224123385139 0.250439264501 0.359361956525 0.253317801428
0.224123385139 0.250439264501 0.359361956525 0.253317801428
0.224123385139 0.250439264501 0.359361956525 0.253317801428
0.224123385139 0.250439264501 0.359361956525 0.253317801428
0.224123385139 0.250439264501 0.359361956525 0.253317801428
0.224123385139 0.250439264501 0.359361956525 0.253317801428
0.224123385139 0.250439264501 0.359361956525 0.253317801428
0.224123385139 0.250439264501 0.359361956525 0.253317801428
0.224123385139 0.250439264501 0.359361956525 0.253317801428
0.224123385139 0.250439264501 0.359361956525 0.253317801428
0.224123385139 0.250439264501 0.359361956525 0.253317801428
0.224123385139 0.250439264501 0.359361956525 0.253317801428
0.224123385139 0.250439264501 0.359361956525 0.253317801428
0.224123385139 0.250439264501 0.359361956525 0.253317801428
0.224123385139 0.250439264501 0.359361956525 0.253317801428
0.224123385139 0.250439264501 0.359361956525 0.253317801428
0.224123385139 0.250439264501 0.359361956525 0.253317801428
0.224123385139 0.250439264501 0.359361956525 0.253317801428
0.224123385139 0.250439264501 0.359361956525 0.253317801428
0.224123385139 0.250439264501 0.359361956525 0.253317801428
0.224123385139 0.250439264501 0.359361956525 0.253317801428
0.244469002263 0.273150520704 0.391961003935 0.276539474216
0.224123385139 0.250439264501 0.359361956525 0.253317801428
0.224123385139 0.250439264501 0.359361956525 0.253317801428
0.224123385139 0.250439264501 0.359361956525 0.253317801428
0.224123385139 0.250439264501 0.359361956525 0.253317801428
0.224123385139 0.250439264501 0.359361956525 0.253317801428
0.224123385139 0.250439264501 0.359361956525 0.253317801428
0.224123385139 0.250439264501 0.359361956525 0.253317801428
0.224123385139 0.250439264501 0.359361956525 0.253317801428
0.224123385139 0.250439264501 0.359361956525 0.253317801428
0.224123385139 0.250439264501 0.359361956525 0.253317801428
0.224123385139 0.250439264501 0.359361956525 0.253317801428
0.224123385139 0.250439264501 0.359361956525 0.253317801428
0.224123385139 0.250439264501 0.359361956525 0.253317801428
0.224123385139 0.250439264501 0.359361956525 0.253317801428
0.224123385139 0.250439264501 0.359361956525 0.253317801428
0.224123385139 0.250439264501 0.359361956525 0.253317801428
0.224123385139 0.250439264501 0.359361956525 0.253317801428
0.224123385139 0.250439264501 0.359361956525 0.253317801428
0.224123385139 0.250439264501 0.359361956525 0.253317801428
0.224123385139 0.250439264501 0.359361956525 0.253317801428
0.224123385139 0.250439264501 0.359361956525 0.253317801428
0.224123385139 0.250439264501 0.359361956525 0.253317801428
0.224123385139 0.250439264501 0.359361956525 0.253317801428
0.224123385139 0.250439264501 0.359361956525 0.253317801428
0.224123385139 0.250439264501 0.359361956525 0.253317801428
0.224123385139 0.250439264501 0.359361956525 0.253317801428
0.224123385139 0.250439264501 0.359361956525 0.253317801428
0.224123385139 0.250439264501 0.359361956525 0.253317801428
0.224123385139 0.250439264501 0.359361956525 0.253317801428
0.224123385139 0.250439264501 0.359361956525 0.253317801428
0.224123385139 0.250439264501 0.359361956525 0.253317801428
0.221118011673 0.247084448253 0.354546555174 0.249887588483
0.224123385139 0.250439264501 0.359361956525 0.253317801428
0.224123385139 0.250439264501 0.359361956525 0.253317801428
0.224123385139 0.250439264501 0.359361956525 0.253317801428
0.224123385139 0.250439264501 0.359361956525 0.253317801428
0.224123385139 0.250439264501 0.359361956525 0.253317801428
0.224123385139 0.250439264501 0.359361956525 0.253317801428
0.224123385139 0.250439264501 0.359361956525 0.253317801428
0.224123385139 0.250439264501 0.359361956525 0.253317801428
0.224123385139 0.250439264501 0.359361956525 0.253317801428
0.224123385139 0.250439264501 0.359361956525 0.253317801428
0.224123385139 0.250439264501 0.359361956525 0.253317801428
0.224123385139 0.250439264501 0.359361956525 0.253317801428
0.224123385139 0.250439264501 0.359361956525 0.253317801428
0.224123385139 0.250439264501 0.359361956525 0.253317801428
0.224123385139 0.250439264501 0.359361956525 0.253317801428
0.224123385139 0.250439264501 0.359361956525 0.253317801428
0.224123385139 0.250439264501 0.359361956525 0.253317801428
0.224123385139 0.250439264501 0.359361956525 0.253317801428
0.224123385139 0.250439264501 0.359361956525 0.253317801428
0.224123385139 0.250439264501 0.359361956525 0.253317801428
0.224123385139 0.250439264501 0.359361956525 0.253317801428
0.224123385139 0.250439264501 0.359361956525 0.253317801428
0.224123385139 0.250439264501 0.359361956525 0.253317801428
0.224123385139 0.250439264501 0.359361956525 0.253317801428
0.224123385139 0.250439264501 0.359361956525 0.253317801428
0.224123385139 0.250439264501 0.359361956525 0.253317801428
0.224123385139 0.250439264501 0.359361956525 0.253317801428
0.224123385139 0.250439264501 0.359361956525 0.253317801428
0.224123385139 0.250439264501 0.359361956525 0.253317801428
0.224123385139 0.250439264501 0.359361956525 0.253317801428
0.224123385139 0.250439264501 0.359361956525 0.253317801428
0.224123385139 0.250439264501 0.359361956525 0.253317801428
0.224123385139 0.250439264501 0.359361956525 0.253317801428
0.224123385139 0.250439264501 0.359361956525 0.253317801428
0.224123385139 0.250439264501 0.359361956525 0.253317801428
0.224123385139 0.250439264501 0.359361956525 0.253317801428
0.224123385139 0.250439264501 0.359361956525 0.253317801428
0.224123385139 0.250439264501 0.359361956525 0.253317801428
0.224123385139 0.250439264501 0.359361956525 0.253317801428
0.224123385139 0.250439264501 0.359361956525 0.253317801428
0.224123385139 0.250439264501 0.359361956525 0.253317801428
0.224123385139 0.250439264501 0.359361956525 0.253317801428
0.224123385139 0.250439264501 0.359361956525 0.253317801428
0.224123385139 0.250439264501 0.359361956525 0.253317801428
0.224123385139 0.250439264501 0.359361956525 0.253317801428
0.224123385139 0.250439264501 0.359361956525 0.253317801428
0.224123385139 0.250439264501 0.359361956525 0.253317801428
0.224123385139 0.250439264501 0.359361956525 0.253317801428
0.224123385139 0.250439264501 0.359361956525 0.253317801428
0.224123385139 0.250439264501 0.359361956525 0.253317801428
0.224123385139 0.250439264501 0.359361956525 0.253317801428
0.224123385139 0.250439264501 0.359361956525 0.253317801428
0.273409121761 0.19927066489 0.359361956525 0.253317801428
0.224123385139 0.250439264501 0.359361956525 0.253317801428
0.224123385139 0.250439264501 0.359361956525 0.253317801428
0.224123385139 0.250439264501 0.359361956525 0.253317801428
0.246335823304 0.275234401995 0.394952143855 0.278670189008
0.224123385139 0.250439264501 0.359361956525 0.253317801428
0.224123385139 0.250439264501 0.359361956525 0.253317801428
0.224123385139 0.250439264501 0.359361956525 0.253317801428
0.224123385139 0.250439264501 0.359361956525 0.253317801428
0.224123385139 0.250439264501 0.359361956525 0.253317801428
0.230572290415 0.257638001173 0.369694804512 0.26067832371
0.224123385139 0.250439264501 0.359361956525 0.253317801428
0.236623641725 0.264392959213 0.379390666134 0.267585093811
0.234450700377 0.26196736419 0.375909040702 0.265104985557
0.224123385139 0.250439264501 0.359361956525 0.253317801428
0.224123385139 0.250439264501 0.359361956525 0.253317801428
0.224123385139 0.250439264501 0.359361956525 0.253317801428
0.224123385139 0.250439264501 0.359361956525 0.253317801428
0.224123385139 0.250439264501 0.359361956525 0.253317801428
0.224123385139 0.250439264501 0.359361956525 0.253317801428
0.224123385139 0.250439264501 0.359361956525 0.253317801428
0.224123385139 0.250439264501 0.359361956525 0.253317801428
0.224123385139 0.250439264501 0.359361956525 0.253317801428
0.224123385139 0.250439264501 0.359361956525 0.253317801428
0.224123385139 0.250439264501 0.359361956525 0.253317801428
0.0115790805652 0.0132071522115 0.439238382058 0.253317801428
0.224123385139 0.250439264501 0.359361956525 0.253317801428
0.224123385139 0.250439264501 0.359361956525 0.253317801428
0.224123385139 0.250439264501 0.359361956525 0.253317801428
0.224123385139 0.250439264501 0.359361956525 0.253317801428
0.224123385139 0.250439264501 0.359361956525 0.253317801428
0.224123385139 0.250439264501 0.359361956525 0.253317801428
0.224123385139 0.250439264501 0.359361956525 0.253317801428
0.224123385139 0.250439264501 0.359361956525 0.253317801428
0.224123385139 0.250439264501 0.359361956525 0.253317801428
0.224123385139 0.250439264501 0.359361956525 0.253317801428
0.224123385139 0.250439264501 0.359361956525 0.253317801428
0.224123385139 0.250439264501 0.359361956525 0.253317801428
0.224123385139 0.250439264501 0.359361956525 0.253317801428
0.224123385139 0.250439264501 0.359361956525 0.253317801428
0.224123385139 0.250439264501 0.359361956525 0.253317801428
0.224123385139 0.250439264501 0.359361956525 0.253317801428
0.224123385139 0.250439264501 0.359361956525 0.253317801428
0.224123385139 0.250439264501 0.359361956525 0.253317801428
0.224123385139 0.250439264501 0.359361956525 0.253317801428
0.224123385139 0.250439264501 0.359361956525 0.253317801428
0.224123385139 0.250439264501 0.359361956525 0.253317801428
0.224123385139 0.250439264501 0.359361956525 0.253317801428
0.224123385139 0.250439264501 0.359361956525 0.253317801428
0.224123385139 0.250439264501 0.359361956525 0.253317801428
0.224123385139 0.250439264501 0.359361956525 0.253317801428
0.224123385139 0.250439264501 0.359361956525 0.253317801428
0.224123385139 0.250439264501 0.359361956525 0.253317801428
0.224123385139 0.250439264501 0.359361956525 0.253317801428
0.224123385139 0.250439264501 0.359361956525 0.253317801428
0.224123385139 0.250439264501 0.359361956525 0.253317801428
0.224123385139 0.250439264501 0.359361956525 0.253317801428
0.224123385139 0.250439264501 0.359361956525 0.253317801428
0.224123385139 0.250439264501 0.359361956525 0.253317801428
0.224123385139 0.250439264501 0.359361956525 0.253317801428
0.224123385139 0.250439264501 0.359361956525 0.253317801428
0.224123385139 0.250439264501 0.359361956525 0.253317801428
0.224123385139 0.250439264501 0.359361956525 0.253317801428
0.224123385139 0.250439264501 0.359361956525 0.253317801428
0.224123385139 0.250439264501 0.359361956525 0.253317801428
0.224123385139 0.250439264501 0.359361956525 0.253317801428
0.224123385139 0.250439264501 0.359361956525 0.253317801428
0.224123385139 0.250439264501 0.359361956525 0.253317801428
0.224123385139 0.250439264501 0.359361956525 0.253317801428
0.224123385139 0.250439264501 0.359361956525 0.253317801428
0.224123385139 0.250439264501 0.359361956525 0.253317801428
0.224123385139 0.250439264501 0.359361956525 0.253317801428
0.224123385139 0.250439264501 0.359361956525 0.253317801428
0.224123385139 0.250439264501 0.359361956525 0.253317801428
0.224123385139 0.250439264501 0.359361956525 0.253317801428
0.224123385139 0.250439264501 0.359361956525 0.253317801428
0.224123385139 0.250439264501 0.359361956525 0.253317801428
0.224123385139 0.250439264501 0.359361956525 0.253317801428
0.224123385139 0.250439264501 0.359361956525 0.253317801428
0.238829226269 0.266854992945 0.38292459458 0.270102459703
0.224123385139 0.250439264501 0.359361956525 0.253317801428
0.224123385139 0.250439264501 0.359361956525 0.253317801428
0.224123385139 0.250439264501 0.359361956525 0.253317801428
0.224123385139 0.250439264501 0.359361956525 0.253317801428
0.224123385139 0.250439264501 0.359361956525 0.253317801428
0.224123385139 0.250439264501 0.359361956525 0.253317801428
0.224123385139 0.250439264501 0.359361956525 0.253317801428
0.224123385139 0.250439264501 0.359361956525 0.253317801428
0.224123385139 0.250439264501 0.359361956525 0.253317801428
0.224123385139 0.250439264501 0.359361956525 0.253317801428
0.224123385139 0.250439264501 0.359361956525 0.253317801428
0.224123385139 0.250439264501 0.359361956525 0.253317801428
0.224123385139 0.250439264501 0.359361956525 0.253317801428
0.224123385139 0.250439264501 0.359361956525 0.253317801428
0.224123385139 0.250439264501 0.359361956525 0.253317801428
0.224123385139 0.250439264501 0.359361956525 0.253317801428
0.224123385139 0.250439264501 0.359361956525 0.253317801428
0.224123385139 0.250439264501 0.359361956525 0.253317801428
0.224123385139 0.250439264501 0.359361956525 0.253317801428
0.224123385139 0.250439264501 0.359361956525 0.253317801428
0.224123385139 0.250439264501 0.359361956525 0.253317801428
0.224123385139 0.250439264501 0.359361956525 0.253317801428
0.224123385139 0.250439264501 0.359361956525 0.253317801428
0.224123385139 0.250439264501 0.359361956525 0.253317801428
0.224123385139 0.250439264501 0.359361956525 0.253317801428
0.224123385139 0.250439264501 0.359361956525 0.253317801428
0.224123385139 0.250439264501 0.359361956525 0.253317801428
0.224123385139 0.250439264501 0.359361956525 0.253317801428
0.224123385139 0.250439264501 0.359361956525 0.253317801428
0.224123385139 0.250439264501 0.359361956525 0.253317801428
0.224123385139 0.250439264501 0.359361956525 0.253317801428
0.224123385139 0.250439264501 0.359361956525 0.253317801428
0.224123385139 0.250439264501 0.359361956525 0.253317801428
0.224123385139 0.250439264501 0.359361956525 0.253317801428
0.224123385139 0.250439264501 0.359361956525 0.253317801428
0.224123385139 0.250439264501 0.359361956525 0.253317801428
0.224123385139 0.250439264501 0.359361956525 0.253317801428
0.224123385139 0.250439264501 0.359361956525 0.253317801428
0.224123385139 0.250439264501 0.359361956525 0.253317801428
0.224123385139 0.250439264501 0.359361956525 0.253317801428
0.224123385139 0.250439264501 0.359361956525 0.253317801428
0.224123385139 0.250439264501 0.359361956525 0.253317801428
0.238754272359 0.266771323944 0.382804498638 0.270016910311
0.224123385139 0.250439264501 0.359361956525 0.253317801428
0.224123385139 0.250439264501 0.359361956525 0.253317801428
0.224123385139 0.250439264501 0.359361956525 0.253317801428
0.224123385139 0.250439264501 0.359361956525 0.253317801428
0.224123385139 0.250439264501 0.359361956525 0.253317801428
0.224123385139 0.250439264501 0.359361956525 0.253317801428
0.224123385139 0.250439264501 0.359361956525 0.253317801428
0.224123385139 0.250439264501 0.359361956525 0.253317801428
0.224123385139 0.250439264501 0.359361956525 0.253317801428
0.224123385139 0.250439264501 0.359361956525 0.253317801428
0.224123385139 0.250439264501 0.359361956525 0.253317801428
0.224123385139 0.250439264501 0.359361956525 0.253317801428
0.224123385139 0.250439264501 0.359361956525 0.253317801428
0.224123385139 0.250439264501 0.359361956525 0.253317801428
0.224123385139 0.250439264501 0.359361956525 0.253317801428
0.224123385139 0.250439264501 0.359361956525 0.253317801428
0.224123385139 0.250439264501 0.359361956525 0.253317801428
0.224123385139 0.250439264501 0.359361956525 0.253317801428
0.224123385139 0.250439264501 0.359361956525 0.253317801428
0.224123385139 0.250439264501 0.359361956525 0.253317801428
0.224123385139 0.250439264501 0.359361956525 0.253317801428
0.224123385139 0.250439264501 0.359361956525 0.253317801428
0.224123385139 0.250439264501 0.359361956525 0.253317801428
0.224123385139 0.250439264501 0.359361956525 0.253317801428
0.224123385139 0.250439264501 0.359361956525 0.253317801428
0.224123385139 0.250439264501 0.359361956525 0.253317801428
0.240961608207 0.269235312607 0.386341233135 0.272536275071
0.224123385139 0.250439264501 0.359361956525 0.253317801428
0.224123385139 0.250439264501 0.359361956525 0.253317801428
0.224123385139 0.250439264501 0.359361956525 0.253317801428
0.224123385139 0.250439264501 0.359361956525 0.253317801428
0.224123385139 0.250439264501 0.359361956525 0.253317801428
0.224123385139 0.250439264501 0.359361956525 0.253317801428
0.224123385139 0.250439264501 0.359361956525 0.253317801428
0.224123385139 0.250439264501 0.359361956525 0.253317801428
0.224123385139 0.250439264501 0.359361956525 0.253317801428
0.224123385139 0.250439264501 0.359361956525 0.253317801428
0.224123385139 0.250439264501 0.359361956525 0.253317801428
0.224123385139 0.250439264501 0.359361956525 0.253317801428
0.224123385139 0.250439264501 0.359361956525 0.253317801428
0.224123385139 0.250439264501 0.359361956525 0.253317801428
0.248005667473 0.277095562329 0.397614927563 0.138373130831
0.224123385139 0.250439264501 0.359361956525 0.253317801428
0.224123385139 0.250439264501 0.359361956525 0.253317801428
0.224123385139 0.250439264501 0.359361956525 0.253317801428
0.224123385139 0.250439264501 0.359361956525 0.253317801428
0.224123385139 0.250439264501 0.359361956525 0.253317801428
