0.0265623401765 0.0690534773903 0.596861212104 0.197994578762
0.0384134410717 0.104487551585 0.628164357081 0.134907681311
0.231744464438 0.1697468734 0.0376116227936 0.292750150677
0.00291270277913 0.00266899407336 0.179918423632 0.763889120024
0.0469012537604 0.0182955563917 0.22546038867 0.631891833388
0.0403380106652 0.0690653029698 0.0143843729263 0.720290078965
0.0128149598337 0.0428260334491 0.0259754719458 0.57169492391
0.119208939057 0.427931145921 0.0663480915741 0.369809518494
0.201324247233 0.17113035027 0.418206193351 0.106058407731
0.106120764928 0.0786436971161 0.208566698838 0.381376226903
0.0394154833785 0.0452309542712 0.103018751516 0.397860508654
0.382614564423 0.116706826925 0.299907065039 0.33107208826
0.0860694298571 0.104906268863 0.651596762843 0.0313018439447
0.00903145279034 0.0479818612701 0.0405164828238 0.657690526168
0.0290285246121 0.0147408912645 0.325353037668 0.591138002676
0.00452461101197 0.0341645875953 0.00628101094562 0.780175230904
0.555518137752 0.0994422382155 0.20578627031 0.0671704155193
0.17571892473 0.335252338333 0.17082783082 0.209729768728
0.0541171455327 0.0486662399581 0.575691001176 0.213512845789
0.000486084561606 0.00130471302393 0.0297894159583 0.56090507529
0.0567394309973 0.00401079393472 0.0964958278497 0.710323843369
0.311405535635 0.279970698327 0.137654621172 0.0240980174764
0.000370222403869 0.189207273878 0.719779785784 0.0173266101639
0.00124705653541 0.000750141565336 0.00848017211737 0.641931086535
0.304805047609 0.0319570220843 0.541795788941 0.0559027004459
0.0204485350781 0.337601160725 0.0558851109356 0.364494233964
0.0894935306864 0.153646583643 0.107815848386 0.38328572794
0.061108742989 0.0433735750979 0.269761900587 0.581887618936
0.000883199880606 0.0810739742235 0.0536428620737 0.672130682542
0.0278349996461 0.0473592717595 0.0197227596929 0.767100878898
0.0264486595431 0.00524537508434 0.0647957843602 0.858117649088
0.24389115945 0.277401903329 0.331246713166 0.0412300112777
0.00300317951363 0.056716363842 0.0413463807609 0.659104777111
0.0108603913099 0.0278398044525 0.0182391314125 0.71440682328
0.169844449476 0.320020879327 0.172699789832 0.173950998495
0.00350043804815 0.00173123322203 0.149307806503 0.396040136546
0.145063214655 0.218024591402 0.485691219359 0.0634154669524
0.00500018735311 0.00448133247324 0.141397395792 0.522960490617
0.0111244655237 0.242969986235 0.19859981477 0.515670193736
7.46621993134e-05 0.221634669022 0.139404262449 0.393890375824
0.176204298921 0.00268562541652 0.180855958974 0.437501754088
0.0122362215292 0.246785820166 0.538245438135 0.082093931552
0.427785318485 0.150819858833 0.105722363696 0.017634310073
0.00836586987692 0.0281558575232 0.791184318316 0.0721031133002
0.625818505321 0.246821087229 0.004256585268 0.147369735868
0.063040439377 0.0045061912106 0.0100188761916 0.593589558011
0.153272170606 0.0435089447592 0.083181912604 0.693450923185
0.162883489227 0.0902474258394 0.0483206908318 0.58406912915
0.186005060915 0.157119058031 0.0768336886649 0.432585018591
0.0379182618488 0.353092250035 0.381353294719 0.0281025627737
0.0265623401765 0.0690534773903 0.596861212104 0.197994578762
0.0265623401765 0.0690534773903 0.596861212104 0.197994578762
0.0265623401765 0.0690534773903 0.596861212104 0.197994578762
0.0265623401765 0.0690534773903 0.596861212104 0.197994578762
0.0265623401765 0.0690534773903 0.596861212104 0.197994578762
0.0265623401765 0.0690534773903 0.596861212104 0.197994578762
0.0265623401765 0.0690534773903 0.596861212104 0.197994578762
0.0265623401765 0.0690534773903 0.596861212104 0.197994578762
0.0265623401765 0.0690534773903 0.596861212104 0.197994578762
0.0265623401765 0.0690534773903 0.596861212104 0.197994578762
0.0265623401765 0.0690534773903 0.596861212104 0.197994578762
0.0265623401765 0.0690534773903 0.596861212104 0.197994578762
0.0265623401765 0.0690534773903 0.596861212104 0.197994578762
0.0265623401765 0.0690534773903 0.596861212104 0.197994578762
0.0265623401765 0.0690534773903 0.596861212104 0.197994578762
0.0265623401765 0.0690534773903 0.596861212104 0.197994578762
0.0265623401765 0.0690534773903 0.596861212104 0.197994578762
0.0265623401765 0.0690534773903 0.596861212104 0.197994578762
0.0265623401765 0.0690534773903 0.596861212104 0.197994578762
0.0257861485365 0.0670398157252 0.579466217163 0.192207801261
0.0265623401765 0.0690534773903 0.596861212104 0.197994578762
0.0265623401765 0.0690534773903 0.596861212104 0.197994578762
0.0265623401765 0.0690534773903 0.596861212104 0.197994578762
0.0265623401765 0.0690534773903 0.596861212104 0.197994578762
0.0273370871198 0.0710633911017 0.614223830386 0.20377058555
0.0265623401765 0.0690534773903 0.596861212104 0.197994578762
0.0265623401765 0.0690534773903 0.596861212104 0.197994578762
0.0265623401765 0.0690534773903 0.596861212104 0.197994578762
0.0265623401765 0.0690534773903 0.596861212104 0.197994578762
0.0265623401765 0.0690534773903 0.596861212104 0.197994578762
0.0265623401765 0.0690534773903 0.596861212104 0.197994578762
0.0265623401765 0.0690534773903 0.596861212104 0.197994578762
0.0265623401765 0.0690534773903 0.596861212104 0.197994578762
0.0265623401765 0.0690534773903 0.596861212104 0.197994578762
0.0265623401765 0.0690534773903 0.596861212104 0.197994578762
0.0265623401765 0.0690534773903 0.596861212104 0.197994578762
0.0265623401765 0.0690534773903 0.596861212104 0.197994578762
0.0265623401765 0.0690534773903 0.596861212104 0.197994578762
0.0265623401765 0.0690534773903 0.596861212104 0.197994578762
0.0265623401765 0.0690534773903 0.596861212104 0.197994578762
0.0265623401765 0.0690534773903 0.596861212104 0.197994578762
0.0265623401765 0.0690534773903 0.596861212104 0.197994578762
0.0265623401765 0.0690534773903 0.596861212104 0.197994578762
0.0265623401765 0.0690534773903 0.596861212104 0.197994578762
0.0265623401765 0.0690534773903 0.596861212104 0.197994578762
0.0265623401765 0.0690534773903 0.596861212104 0.197994578762
0.0265623401765 0.0690534773903 0.596861212104 0.197994578762
0.0265623401765 0.0690534773903 0.596861212104 0.197994578762
0.0265623401765 0.0690534773903 0.596861212104 0.197994578762
0.0265623401765 0.0690534773903 0.596861212104 0.197994578762
0.0265623401765 0.0690534773903 0.596861212104 0.197994578762
0.0265623401765 0.0690534773903 0.596861212104 0.197994578762
0.0286635693851 0.0745046630112 0.643951221285 0.21365997025
0.0265623401765 0.0690534773903 0.596861212104 0.197994578762
0.0265623401765 0.0690534773903 0.596861212104 0.197994578762
0.0265623401765 0.0690534773903 0.596861212104 0.197994578762
0.0265623401765 0.0690534773903 0.596861212104 0.197994578762
0.0265623401765 0.0690534773903 0.596861212104 0.197994578762
0.0265623401765 0.0690534773903 0.596861212104 0.197994578762
0.0265623401765 0.0690534773903 0.596861212104 0.197994578762
0.0265623401765 0.0690534773903 0.596861212104 0.197994578762
0.0265623401765 0.0690534773903 0.596861212104 0.197994578762
0.0265623401765 0.0690534773903 0.596861212104 0.197994578762
0.0265623401765 0.0690534773903 0.596861212104 0.197994578762
0.0265623401765 0.0690534773903 0.596861212104 0.197994578762
0.0265623401765 0.0690534773903 0.596861212104 0.197994578762
0.0265623401765 0.0690534773903 0.596861212104 0.197994578762
0.0265623401765 0.0690534773903 0.596861212104 0.197994578762
0.0265623401765 0.0690534773903 0.596861212104 0.197994578762
0.0265623401765 0.0690534773903 0.596861212104 0.197994578762
0.0265623401765 0.0690534773903 0.596861212104 0.197994578762
0.0265623401765 0.0690534773903 0.596861212104 0.197994578762
0.0241061639684 0.0626814583965 0.541816593595 0.179682934462
0.0265623401765 0.0690534773903 0.596861212104 0.197994578762
0.0265623401765 0.0690534773903 0.596861212104 0.197994578762
0.0265623401765 0.0690534773903 0.596861212104 0.197994578762
0.0265623401765 0.0690534773903 0.596861212104 0.197994578762
0.0265623401765 0.0690534773903 0.596861212104 0.197994578762
0.0265623401765 0.0690534773903 0.596861212104 0.197994578762
0.0254455737529 0.066156267964 0.571833699197 0.189668698295
0.0265623401765 0.0690534773903 0.596861212104 0.197994578762
0.0265623401765 0.0690534773903 0.596861212104 0.197994578762
0.0265623401765 0.0690534773903 0.596861212104 0.197994578762
0.0265623401765 0.0690534773903 0.596861212104 0.197994578762
0.0265623401765 0.0690534773903 0.596861212104 0.197994578762
0.0265623401765 0.0690534773903 0.596861212104 0.197994578762
0.0265623401765 0.0690534773903 0.596861212104 0.197994578762
0.0265623401765 0.0690534773903 0.596861212104 0.197994578762
0.0265623401765 0.0690534773903 0.596861212104 0.197994578762
0.0265623401765 0.0690534773903 0.596861212104 0.197994578762
0.0265623401765 0.0690534773903 0.596861212104 0.197994578762
0.0265623401765 0.0690534773903 0.596861212104 0.197994578762
0.0265623401765 0.0690534773903 0.596861212104 0.197994578762
0.0453558299283 0.0502632317017 0.596861212104 0.197994578762
0.0265623401765 0.0690534773903 0.596861212104 0.197994578762
0.0266726242347 0.0693395855741 0.599332754615 0.198816784612
0.0278541273851 0.0724047404643 0.625811062631 0.207625299799
0.0265623401765 0.0690534773903 0.596861212104 0.197994578762
0.0265623401765 0.0690534773903 0.596861212104 0.197994578762
0.0265623401765 0.0690534773903 0.596861212104 0.197994578762
0.0265623401765 0.0690534773903 0.596861212104 0.197994578762
0.0265623401765 0.0690534773903 0.596861212104 0.197994578762
0.0265623401765 0.0690534773903 0.596861212104 0.197994578762
0.0265623401765 0.0690534773903 0.596861212104 0.197994578762
0.0265623401765 0.0690534773903 0.596861212104 0.197994578762
0.0265623401765 0.0690534773903 0.596861212104 0.197994578762
0.0265623401765 0.0690534773903 0.596861212104 0.197994578762
0.0265623401765 0.0690534773903 0.596861212104 0.197994578762
0.0265623401765 0.0690534773903 0.596861212104 0.197994578762
0.0265623401765 0.0690534773903 0.596861212104 0.197994578762
0.0265623401765 0.0690534773903 0.596861212104 0.197994578762
0.0265623401765 0.0690534773903 0.596861212104 0.197994578762
0.0265623401765 0.0690534773903 0.596861212104 0.197994578762
0.0265623401765 0.0690534773903 0.596861212104 0.197994578762
0.0265623401765 0.0690534773903 0.596861212104 0.197994578762
0.0265623401765 0.0690534773903 0.596861212104 0.197994578762
0.0265623401765 0.0690534773903 0.596861212104 0.197994578762
0.0265623401765 0.0690534773903 0.596861212104 0.197994578762
0.0265623401765 0.0690534773903 0.596861212104 0.197994578762
0.0265623401765 0.0690534773903 0.596861212104 0.197994578762
0.0265623401765 0.0690534773903 0.596861212104 0.197994578762
0.0254455046537 0.0661560887011 0.571832150636 0.189668183137
0.0265623401765 0.0690534773903 0.596861212104 0.197994578762
0.0265623401765 0.0690534773903 0.596861212104 0.197994578762
0.0265623401765 0.0690534773903 0.596861212104 0.197994578762
0.0265623401765 0.0690534773903 0.596861212104 0.197994578762
0.0265623401765 0.0690534773903 0.596861212104 0.197994578762
0.0265623401765 0.0690534773903 0.596861212104 0.197994578762
0.0265623401765 0.0690534773903 0.596861212104 0.197994578762
0.0265623401765 0.0690534773903 0.596861212104 0.197994578762
0.0265623401765 0.0690534773903 0.596861212104 0.197994578762
0.0265623401765 0.0690534773903 0.596861212104 0.197994578762
0.0265623401765 0.0690534773903 0.596861212104 0.197994578762
0.0265623401765 0.0690534773903 0.596861212104 0.197994578762
0.0265623401765 0.0690534773903 0.596861212104 0.197994578762
0.0265623401765 0.0690534773903 0.596861212104 0.197994578762
0.0265623401765 0.0690534773903 0.596861212104 0.197994578762
0.0265623401765 0.0690534773903 0.596861212104 0.197994578762
0.0265623401765 0.0690534773903 0.596861212104 0.197994578762
0.0265623401765 0.0690534773903 0.596861212104 0.197994578762
0.0265623401765 0.0690534773903 0.596861212104 0.197994578762
0.0265623401765 0.0690534773903 0.596861212104 0.197994578762
0.0265623401765 0.0690534773903 0.596861212104 0.197994578762
0.0265623401765 0.0690534773903 0.596861212104 0.197994578762
0.0265623401765 0.0690534773903 0.596861212104 0.197994578762
0.0265623401765 0.0690534773903 0.596861212104 0.197994578762
0.0265623401765 0.0690534773903 0.596861212104 0.197994578762
0.0265623401765 0.0690534773903 0.596861212104 0.197994578762
0.0265623401765 0.0690534773903 0.596861212104 0.197994578762
0.0265623401765 0.0690534773903 0.596861212104 0.197994578762
0.0261098395234 0.0678795621204 0.586720357493 0.194621029675
0.0265623401765 0.0690534773903 0.596861212104 0.197994578762
0.0265623401765 0.0690534773903 0.596861212104 0.197994578762
0.0265623401765 0.0690534773903 0.596861212104 0.197994578762
0.0265623401765 0.0690534773903 0.596861212104 0.197994578762
0.0265623401765 0.0690534773903 0.596861212104 0.197994578762
0.0265623401765 0.0690534773903 0.596861212104 0.197994578762
0.0265623401765 0.0690534773903 0.596861212104 0.197994578762
0.0265623401765 0.0690534773903 0.596861212104 0.197994578762
0.0265623401765 0.0690534773903 0.596861212104 0.197994578762
0.0265623401765 0.0690534773903 0.596861212104 0.197994578762
0.0265623401765 0.0690534773903 0.596861212104 0.197994578762
0.0265623401765 0.0690534773903 0.596861212104 0.197994578762
0.0265623401765 0.0690534773903 0.596861212104 0.197994578762
0.0104078254951 0.0271440760828 0.234827293318 0.572129073839
0.0265623401765 0.0690534773903 0.596861212104 0.197994578762
0.0265623401765 0.0690534773903 0.596861212104 0.197994578762
0.0265623401765 0.0690534773903 0.596861212104 0.197994578762
0.0265623401765 0.0690534773903 0.596861212104 0.197994578762
0.0265623401765 0.0690534773903 0.596861212104 0.197994578762
0.0265623401765 0.0690534773903 0.596861212104 0.197994578762
0.0265623401765 0.0690534773903 0.596861212104 0.197994578762
0.0265623401765 0.0690534773903 0.596861212104 0.197994578762
0.0265623401765 0.0690534773903 0.596861212104 0.197994578762
0.0265623401765 0.0690534773903 0.596861212104 0.197994578762
0.0265623401765 0.0690534773903 0.596861212104 0.197994578762
0.0265623401765 0.0690534773903 0.596861212104 0.197994578762
0.0265623401765 0.0690534773903 0.596861212104 0.197994578762
0.0265623401765 0.0690534773903 0.596861212104 0.197994578762
0.0265623401765 0.0690534773903 0.596861212104 0.197994578762
0.0265623401765 0.0690534773903 0.596861212104 0.197994578762
0.0265623401765 0.0690534773903 0.596861212104 0.197994578762
0.0265623401765 0.0690534773903 0.596861212104 0.197994578762
0.0265623401765 0.0690534773903 0.596861212104 0.197994578762
0.0265623401765 0.0690534773903 0.596861212104 0.197994578762
0.0265623401765 0.0690534773903 0.596861212104 0.197994578762
0.0265623401765 0.0690534773903 0.596861212104 0.197994578762
0.0265623401765 0.0690534773903 0.596861212104 0.197994578762
0.0265623401765 0.0690534773903 0.596861212104 0.197994578762
0.0265623401765 0.0690534773903 0.596861212104 0.197994578762
0.025789038387 0.0670473128187 0.579530980725 0.192229346098
0.0265623401765 0.0690534773903 0.596861212104 0.197994578762
0.0265623401765 0.0690534773903 0.596861212104 0.197994578762
0.0265623401765 0.0690534773903 0.596861212104 0.197994578762
0.0265623401765 0.0690534773903 0.596861212104 0.197994578762
0.0265623401765 0.0690534773903 0.596861212104 0.197994578762
0.0265623401765 0.0690534773903 0.596861212104 0.197994578762
0.0265623401765 0.0690534773903 0.596861212104 0.197994578762
0.0265623401765 0.0690534773903 0.596861212104 0.197994578762
0.0265623401765 0.0690534773903 0.596861212104 0.197994578762
0.0265623401765 0.0690534773903 0.596861212104 0.197994578762
0.0265623401765 0.0690534773903 0.596861212104 0.197994578762
0.0265623401765 0.0690534773903 0.596861212104 0.197994578762
0.0265623401765 0.0690534773903 0.596861212104 0.197994578762
0.0265623401765 0.0690534773903 0.596861212104 0.197994578762
0.0265623401765 0.0690534773903 0.596861212104 0.197994578762
0.0265623401765 0.0690534773903 0.596861212104 0.197994578762
0.0265623401765 0.0690534773903 0.596861212104 0.197994578762
0.0283411436272 0.0736681989796 0.636725435618 0.211256174557
0.0265623401765 0.0690534773903 0.596861212104 0.197994578762
0.0265623401765 0.0690534773903 0.596861212104 0.197994578762
0.0265623401765 0.0690534773903 0.596861212104 0.197994578762
0.0265623401765 0.0690534773903 0.596861212104 0.197994578762
0.0265623401765 0.0690534773903 0.596861212104 0.197994578762
0.0265623401765 0.0690534773903 0.596861212104 0.197994578762
0.0265623401765 0.0690534773903 0.596861212104 0.197994578762
0.0265623401765 0.0690534773903 0.596861212104 0.197994578762
0.0265623401765 0.0690534773903 0.596861212104 0.197994578762
0.0265623401765 0.0690534773903 0.596861212104 0.197994578762
0.0265623401765 0.0690534773903 0.596861212104 0.197994578762
0.0265623401765 0.0690534773903 0.596861212104 0.197994578762
0.0265623401765 0.0690534773903 0.596861212104 0.197994578762
0.0265623401765 0.0690534773903 0.596861212104 0.197994578762
0.0265623401765 0.0690534773903 0.596861212104 0.197994578762
0.0265623401765 0.0690534773903 0.596861212104 0.197994578762
0.0265623401765 0.0690534773903 0.596861212104 0.197994578762
0.0265623401765 0.0690534773903 0.596861212104 0.197994578762
0.0265623401765 0.0690534773903 0.596861212104 0.197994578762
0.0265623401765 0.0690534773903 0.596861212104 0.197994578762
0.0265623401765 0.0690534773903 0.596861212104 0.197994578762
0.0265623401765 0.0690534773903 0.596861212104 0.197994578762
0.0265623401765 0.0690534773903 0.596861212104 0.197994578762
0.0265623401765 0.0690534773903 0.596861212104 0.197994578762
0.0265623401765 0.0690534773903 0.596861212104 0.197994578762
0.0280503250953 0.0729137330731 0.630207989885 0.209088021679
0.0265623401765 0.0690534773903 0.596861212104 0.197994578762
0.0265623401765 0.0690534773903 0.596861212104 0.197994578762
0.0265623401765 0.0690534773903 0.596861212104 0.197994578762
0.0265623401765 0.0690534773903 0.596861212104 0.197994578762
0.0265623401765 0.0690534773903 0.596861212104 0.197994578762
0.0265623401765 0.0690534773903 0.596861212104 0.197994578762
0.0265623401765 0.0690534773903 0.596861212104 0.197994578762
0.0265623401765 0.0690534773903 0.596861212104 0.197994578762
0.0265623401765 0.0690534773903 0.596861212104 0.197994578762
0.0265623401765 0.0690534773903 0.596861212104 0.197994578762
0.0244390635413 0.0635450944802 0.549277104746 0.182164816074
0.0265623401765 0.0690534773903 0.596861212104 0.197994578762
0.0265623401765 0.0690534773903 0.596861212104 0.197994578762
0.0265623401765 0.0690534773903 0.596861212104 0.197994578762
0.0265623401765 0.0690534773903 0.596861212104 0.197994578762
0.0265623401765 0.0690534773903 0.596861212104 0.197994578762
0.0265623401765 0.0690534773903 0.596861212104 0.197994578762
0.0265623401765 0.0690534773903 0.596861212104 0.197994578762
0.0265623401765 0.0690534773903 0.596861212104 0.197994578762
0.0265623401765 0.0690534773903 0.596861212104 0.197994578762
0.0265623401765 0.0690534773903 0.596861212104 0.197994578762
0.0265623401765 0.0690534773903 0.596861212104 0.197994578762
0.0265623401765 0.0690534773903 0.596861212104 0.197994578762
0.0265623401765 0.0690534773903 0.596861212104 0.197994578762
0.0265623401765 0.0690534773903 0.596861212104 0.197994578762
0.0265623401765 0.0690534773903 0.596861212104 0.197994578762
0.0265623401765 0.0690534773903 0.596861212104 0.197994578762
0.0265623401765 0.0690534773903 0.596861212104 0.197994578762
0.0265623401765 0.0690534773903 0.596861212104 0.197994578762
0.0265623401765 0.0690534773903 0.596861212104 0.197994578762
0.0265623401765 0.0690534773903 0.596861212104 0.197994578762
0.0265623401765 0.0690534773903 0.596861212104 0.197994578762
0.0265623401765 0.0690534773903 0.596861212104 0.197994578762
0.0265623401765 0.0690534773903 0.596861212104 0.197994578762
0.0265623401765 0.0690534773903 0.596861212104 0.197994578762
0.0265623401765 0.0690534773903 0.596861212104 0.197994578762
0.0265623401765 0.0690534773903 0.596861212104 0.197994578762
0.0265623401765 0.0690534773903 0.596861212104 0.197994578762
0.0265623401765 0.0690534773903 0.596861212104 0.197994578762
0.0265623401765 0.0690534773903 0.596861212104 0.197994578762
0.0265623401765 0.0690534773903 0.596861212104 0.197994578762
0.0265623401765 0.0690534773903 0.596861212104 0.197994578762
0.0265623401765 0.0690534773903 0.596861212104 0.197994578762
0.0265623401765 0.0690534773903 0.596861212104 0.197994578762
0.0243752946256 0.0633796597932 0.547847998957 0.181689396721
0.0265623401765 0.0690534773903 0.596861212104 0.197994578762
0.0265623401765 0.0690534773903 0.596861212104 0.197994578762
0.0265623401765 0.0690534773903 0.596861212104 0.197994578762
0.0265623401765 0.0690534773903 0.596861212104 0.197994578762
0.0265623401765 0.0690534773903 0.596861212104 0.197994578762
0.0265623401765 0.0690534773903 0.596861212104 0.197994578762
0.0265623401765 0.0690534773903 0.596861212104 0.197994578762
0.0265623401765 0.0690534773903 0.596861212104 0.197994578762
0.0265623401765 0.0690534773903 0.596861212104 0.197994578762
0.0265623401765 0.0690534773903 0.596861212104 0.197994578762
0.0265623401765 0.0690534773903 0.596861212104 0.197994578762
0.0265623401765 0.0690534773903 0.596861212104 0.197994578762
0.0265623401765 0.0690534773903 0.596861212104 0.197994578762
0.0265623401765 0.0690534773903 0.596861212104 0.197994578762
0.0265623401765 0.0690534773903 0.596861212104 0.197994578762
0.0265623401765 0.0690534773903 0.596861212104 0.197994578762
0.0265623401765 0.0690534773903 0.596861212104 0.197994578762
0.0265623401765 0.0690534773903 0.596861212104 0.197994578762
0.0265623401765 0.0690534773903 0.596861212104 0.197994578762
0.0265623401765 0.0690534773903 0.596861212104 0.197994578762
0.0265623401765 0.0690534773903 0.596861212104 0.197994578762
0.0265623401765 0.0690534773903 0.596861212104 0.197994578762
0.0265623401765 0.0690534773903 0.596861212104 0.197994578762
0.0265623401765 0.0690534773903 0.596861212104 0.197994578762
0.0265623401765 0.0690534773903 0.596861212104 0.197994578762
0.0265623401765 0.0690534773903 0.596861212104 0.197994578762
0.0265623401765 0.0690534773903 0.596861212104 0.197994578762
0.0265623401765 0.0690534773903 0.596861212104 0.197994578762
0.0265623401765 0.0690534773903 0.596861212104 0.197994578762
0.0265623401765 0.0690534773903 0.596861212104 0.197994578762
0.0265623401765 0.0690534773903 0.596861212104 0.197994578762
0.0265623401765 0.0690534773903 0.596861212104 0.197994578762
0.0265623401765 0.0690534773903 0.596861212104 0.197994578762
0.0265623401765 0.0690534773903 0.596861212104 0.197994578762
0.0265623401765 0.0690534773903 0.596861212104 0.197994578762
0.0265623401765 0.0690534773903 0.596861212104 0.197994578762
0.0265623401765 0.0690534773903 0.596861212104 0.197994578762
0.0265623401765 0.0690534773903 0.596861212104 0.197994578762
0.0265623401765 0.0690534773903 0.596861212104 0.197994578762
0.0265623401765 0.0690534773903 0.596861212104 0.197994578762
0.0265623401765 0.0690534773903 0.596861212104 0.197994578762
0.0265623401765 0.0690534773903 0.596861212104 0.197994578762
0.0265623401765 0.0690534773903 0.596861212104 0.197994578762
0.0265623401765 0.0690534773903 0.596861212104 0.197994578762
0.0265623401765 0.0690534773903 0.596861212104 0.197994578762
0.0265623401765 0.0690534773903 0.596861212104 0.197994578762
0.0265623401765 0.0690534773903 0.596861212104 0.197994578762
0.0265623401765 0.0690534773903 0.596861212104 0.197994578762
0.0265623401765 0.0690534773903 0.596861212104 0.197994578762
0.0265623401765 0.0690534773903 0.596861212104 0.197994578762
0.0265623401765 0.0690534773903 0.596861212104 0.197994578762
0.0265623401765 0.0690534773903 0.596861212104 0.197994578762
0.0265623401765 0.0690534773903 0.596861212104 0.197994578762
0.0265623401765 0.0690534773903 0.596861212104 0.197994578762
0.0265623401765 0.0690534773903 0.596861212104 0.197994578762
0.0265623401765 0.0690534773903 0.596861212104 0.197994578762
0.0265623401765 0.0690534773903 0.596861212104 0.197994578762
0.0265623401765 0.0690534773903 0.596861212104 0.197994578762
0.0265623401765 0.0690534773903 0.596861212104 0.197994578762
0.0265623401765 0.0690534773903 0.596861212104 0.197994578762
0.0265623401765 0.0690534773903 0.596861212104 0.197994578762
0.0265623401765 0.0690534773903 0.596861212104 0.197994578762
0.0265623401765 0.0690534773903 0.596861212104 0.197994578762
0.0265623401765 0.0690534773903 0.596861212104 0.197994578762
0.0265623401765 0.0690534773903 0.596861212104 0.197994578762
0.0265623401765 0.0690534773903 0.596861212104 0.197994578762
0.0265623401765 0.0690534773903 0.596861212104 0.197994578762
0.0265623401765 0.0690534773903 0.596861212104 0.197994578762
0.0265623401765 0.0690534773903 0.596861212104 0.197994578762
0.0265623401765 0.0690534773903 0.596861212104 0.197994578762
0.0265623401765 0.0690534773903 0.596861212104 0.197994578762
0.0265623401765 0.0690534773903 0.596861212104 0.197994578762
0.0265623401765 0.0690534773903 0.596861212104 0.197994578762
0.0265623401765 0.0690534773903 0.596861212104 0.197994578762
0.0265623401765 0.0690534773903 0.596861212104 0.197994578762
0.0265623401765 0.0690534773903 0.596861212104 0.197994578762
0.0265623401765 0.0690534773903 0.596861212104 0.197994578762
0.0265623401765 0.0690534773903 0.596861212104 0.197994578762
0.0265623401765 0.0690534773903 0.596861212104 0.197994578762
0.0265623401765 0.0690534773903 0.596861212104 0.197994578762
0.0265623401765 0.0690534773903 0.596861212104 0.197994578762
0.0265623401765 0.0690534773903 0.596861212104 0.197994578762
0.0265623401765 0.0690534773903 0.596861212104 0.197994578762
0.0265623401765 0.0690534773903 0.596861212104 0.197994578762
0.0265623401765 0.0690534773903 0.596861212104 0.197994578762
0.0265623401765 0.0690534773903 0.596861212104 0.197994578762
0.0265623401765 0.0690534773903 0.596861212104 0.197994578762
0.0265623401765 0.0690534773903 0.596861212104 0.197994578762
0.0265623401765 0.0690534773903 0.596861212104 0.197994578762
0.0265623401765 0.0690534773903 0.596861212104 0.197994578762
0.0265623401765 0.0690534773903 0.596861212104 0.197994578762
0.0265623401765 0.0690534773903 0.596861212104 0.197994578762
0.0265623401765 0.0690534773903 0.596861212104 0.197994578762
0.0265623401765 0.0690534773903 0.596861212104 0.197994578762
0.0265623401765 0.0690534773903 0.596861212104 0.197994578762
0.0265623401765 0.0690534773903 0.596861212104 0.197994578762
0.0265623401765 0.0690534773903 0.596861212104 0.197994578762
0.0265623401765 0.0690534773903 0.596861212104 0.197994578762
0.0265623401765 0.0690534773903 0.596861212104 0.197994578762
0.0265623401765 0.0690534773903 0.596861212104 0.197994578762
0.0265623401765 0.0690534773903 0.596861212104 0.197994578762
0.0265623401765 0.0690534773903 0.596861212104 0.197994578762
0.0265623401765 0.0690534773903 0.596861212104 0.197994578762
0.0265623401765 0.0690534773903 0.596861212104 0.197994578762
0.0265623401765 0.0690534773903 0.596861212104 0.197994578762
0.0265623401765 0.0690534773903 0.596861212104 0.197994578762
0.0247442189877 0.0643367544167 0.556115850712 0.184439855614
0.0265623401765 0.0690534773903 0.596861212104 0.197994578762
0.0265623401765 0.0690534773903 0.596861212104 0.197994578762
0.0265623401765 0.0690534773903 0.596861212104 0.197994578762
0.0265623401765 0.0690534773903 0.596861212104 0.197994578762
0.0265623401765 0.0690534773903 0.596861212104 0.197994578762
0.0265623401765 0.0690534773903 0.596861212104 0.197994578762
0.0265623401765 0.0690534773903 0.596861212104 0.197994578762
0.0249288695572 0.0648157904613 0.560253998504 0.185816489561
0.0252274932646 0.0655905052108 0.566946363652 0.188042832725
0.0265623401765 0.0690534773903 0.596861212104 0.197994578762
0.182951656118 0.47477180018 0.188315222928 0.197994578762
0.0265623401765 0.0690534773903 0.596861212104 0.197994578762
0.0243699895663 0.0633658969621 0.547729108886 0.181649845667
0.0265623401765 0.0690534773903 0.596861212104 0.197994578762
0.0265623401765 0.0690534773903 0.596861212104 0.197994578762
0.0265623401765 0.0690534773903 0.596861212104 0.197994578762
0.0265623401765 0.0690534773903 0.596861212104 0.197994578762
0.0265623401765 0.0690534773903 0.596861212104 0.197994578762
0.0265623401765 0.0690534773903 0.596861212104 0.197994578762
0.0265623401765 0.0690534773903 0.596861212104 0.197994578762
0.0265623401765 0.0690534773903 0.596861212104 0.197994578762
0.0265623401765 0.0690534773903 0.596861212104 0.197994578762
0.0265623401765 0.0690534773903 0.596861212104 0.197994578762
0.0265623401765 0.0690534773903 0.596861212104 0.197994578762
0.0265623401765 0.0690534773903 0.596861212104 0.197994578762
0.0265623401765 0.0690534773903 0.596861212104 0.197994578762
0.0265623401765 0.0690534773903 0.596861212104 0.197994578762
0.0265623401765 0.0690534773903 0.596861212104 0.197994578762
0.0265623401765 0.0690534773903 0.596861212104 0.197994578762
0.0265623401765 0.0690534773903 0.596861212104 0.197994578762
0.0265623401765 0.0690534773903 0.596861212104 0.197994578762
0.0265623401765 0.0690534773903 0.596861212104 0.197994578762
0.0265623401765 0.0690534773903 0.596861212104 0.197994578762
0.0265623401765 0.0690534773903 0.596861212104 0.197994578762
0.0265623401765 0.0690534773903 0.596861212104 0.197994578762
0.0269459405513 0.0700486457607 0.605457963518 0.200854452412
0.0265623401765 0.0690534773903 0.596861212104 0.197994578762
0.0265623401765 0.0690534773903 0.596861212104 0.197994578762
0.0265623401765 0.0690534773903 0.596861212104 0.197994578762
0.0265623401765 0.0690534773903 0.596861212104 0.197994578762
0.0265623401765 0.0690534773903 0.596861212104 0.197994578762
0.0265623401765 0.0690534773903 0.596861212104 0.197994578762
0.0265623401765 0.0690534773903 0.596861212104 0.197994578762
0.0265623401765 0.0690534773903 0.596861212104 0.197994578762
0.0279059149721 0.07253909218 0.626971658503 0.208011394196
0.0265623401765 0.0690534773903 0.596861212104 0.197994578762
0.0265623401765 0.0690534773903 0.596861212104 0.197994578762
0.0265623401765 0.0690534773903 0.596861212104 0.197994578762
0.0265623401765 0.0690534773903 0.596861212104 0.197994578762
0.0265623401765 0.0690534773903 0.596861212104 0.197994578762
0.0265623401765 0.0690534773903 0.596861212104 0.197994578762
0.0265623401765 0.0690534773903 0.596861212104 0.197994578762
0.0265623401765 0.0690534773903 0.596861212104 0.197994578762
0.0265623401765 0.0690534773903 0.596861212104 0.197994578762
0.0265623401765 0.0690534773903 0.596861212104 0.197994578762
0.0265623401765 0.0690534773903 0.596861212104 0.197994578762
0.0265623401765 0.0690534773903 0.596861212104 0.197994578762
0.0265623401765 0.0690534773903 0.596861212104 0.197994578762
0.0265623401765 0.0690534773903 0.596861212104 0.197994578762
0.0265623401765 0.0690534773903 0.596861212104 0.197994578762
0.0265623401765 0.0690534773903 0.596861212104 0.197994578762
0.0265623401765 0.0690534773903 0.596861212104 0.197994578762
0.0265623401765 0.0690534773903 0.596861212104 0.197994578762
