0.138394274203 0.0612385289797 0.0287131820047 0.41962476368
0.101369452731 0.0114175937078 0.277502665867 0.552556031994
0.123804734513 0.0148899267053 0.178379958801 0.589151180649
0.00171199800843 0.000707895267776 0.0271313172152 0.572708241526
0.0130684692696 0.059060443416 0.0853531387381 0.482006665791
0.720920360029 0.0684306887695 0.327864950925 0.407392055472
0.10113457397 0.075163033416 0.554330809297 0.319886344596
0.346640125115 0.153211776413 0.848955337995 0.218581500244
0.223480361009 0.161516031595 0.606077741671 0.0223816305142
0.0207391234906 0.19635443817 0.317667391781 0.564326187973
0.404990160006 0.145862753778 0.0697259961802 0.455567459409
0.234706017941 0.0032010866717 0.836763772904 0.357198110753
0.27415457529 0.0671997216299 0.0260648238048 0.330389132411
0.0829145511066 0.0702636572669 0.708921204007 0.352490631568
0.0109033041919 0.00424772778655 0.119988094767 0.43130286639
0.180434344271 0.116911626921 0.221434778484 0.58501823217
0.000434453312516 0.0144176629821 0.00237375663407 0.541108846418
0.25585955093 0.793302886958 0.0987447353206 0.430474445365
0.327187295218 0.118090789175 0.235566471362 0.324713399185
1.11444162385 0.184349727188 0.325839951195 0.164902597567
0.668450766262 0.579978209553 0.0345670024864 0.404533365962
0.141997144726 0.0996153984197 0.535248320337 0.463661234796
0.250004694279 0.324008862515 0.492735705445 0.238068009843
0.0160212352785 0.0157139380666 0.54450963443 0.216302016731
0.414317168299 0.00349815224747 0.407183152642 0.643752844975
0.21982775207 0.136629035343 0.235084973002 0.283710689726
0.195529446409 0.112172642144 0.22501698379 0.690482146875
0.298559512974 0.0695132546617 0.672590196339 0.179079427394
0.416939679264 0.164023286327 0.419330412206 0.193625470026
0.0250621080966 0.0889873026598 0.255199495014 0.543921734889
0.750681531844 0.187326737154 0.178107683926 0.204868567591
0.105609765784 0.0510408078467 0.0573854177208 0.391560633213
0.320620373179 0.0266841724105 0.158090598775 0.40090903374
0.716058659583 0.00996382855483 0.384913445725 0.243261126389
0.531949607766 0.216913900245 0.28648881019 0.511271254025
0.0152532291983 0.0219849498926 0.00104074072204 0.531755075246
0.106475616262 0.0535396661396 0.244168773748 0.586524130803
0.266160842307 0.356137945724 0.596918555309 0.136950444977
0.110997777145 0.0774316011462 0.0957974075151 0.629118705091
0.00417072162217 0.00775112117499 0.436204170059 0.697673679702
0.114388908606 0.0469122829282 0.118815622359 0.680296598469
0.388617518446 0.117960250709 0.16112614691 0.344350736793
0.216538186626 0.578901874933 0.332360825702 0.258675280392
0.0500531281401 0.228049904402 0.00682508996628 0.361239218133
0.300208803618 0.198554979134 0.426972920342 0.410457781432
0.08586130014 0.0816793154277 0.136299644617 0.683136537942
0.642036229373 0.322740326837 0.332218806787 0.394405897953
0.434294223604 0.0989559337269 0.781185705959 0.157894217475
0.779379058138 0.100353486013 0.571289344295 0.235117453239
0.0886860263931 0.0202712746461 0.572954166128 0.651203759481
0.138394274203 0.0612385289797 0.0287131820047 0.41962476368
0.138394274203 0.0612385289797 0.0287131820047 0.41962476368
0.138394274203 0.0612385289797 0.0287131820047 0.41962476368
0.138971126571 0.0604577072923 0.0287131820047 0.41962476368
0.138394274203 0.0612385289797 0.0287131820047 0.41962476368
0.138394274203 0.0612385289797 0.0287131820047 0.41962476368
0.138394274203 0.0612385289797 0.0287131820047 0.41962476368
0.138394274203 0.0612385289797 0.0287131820047 0.41962476368
0.138394274203 0.0612385289797 0.0287131820047 0.41962476368
0.138394274203 0.0612385289797 0.0287131820047 0.41962476368
0.141973455118 0.0628221630812 0.0294633909419 0.430490590096
0.138394274203 0.0612385289797 0.0287131820047 0.41962476368
0.138394274203 0.0612385289797 0.0287131820047 0.41962476368
0.138394274203 0.0612385289797 0.0287131820047 0.41962476368
0.138394274203 0.0612385289797 0.0287131820047 0.41962476368
0.138394274203 0.0612385289797 0.0287131820047 0.41962476368
0.138394274203 0.0612385289797 0.0287131820047 0.41962476368
0.138394274203 0.0612385289797 0.0287131820047 0.41962476368
0.138394274203 0.0612385289797 0.0287131820047 0.41962476368
0.138394274203 0.0612385289797 0.0287131820047 0.41962476368
0.138394274203 0.0612385289797 0.0287131820047 0.41962476368
0.138394274203 0.0612385289797 0.0287131820047 0.41962476368
0.138394274203 0.0612385289797 0.0287131820047 0.41962476368
0.138394274203 0.0612385289797 0.0287131820047 0.41962476368
0.138394274203 0.0612385289797 0.0287131820047 0.41962476368
0.138394274203 0.0612385289797 0.0287131820047 0.41962476368
0.138394274203 0.0612385289797 0.0287131820047 0.41962476368
0.138394274203 0.0612385289797 0.0287131820047 0.41962476368
0.138394274203 0.0612385289797 0.0287131820047 0.41962476368
0.138394274203 0.0612385289797 0.0287131820047 0.41962476368
0.138394274203 0.0612385289797 0.0287131820047 0.41962476368
0.138394274203 0.0612385289797 0.0287131820047 0.41962476368
0.138394274203 0.0612385289797 0.0287131820047 0.41962476368
0.138394274203 0.0612385289797 0.0287131820047 0.41962476368
0.138394274203 0.0612385289797 0.0287131820047 0.41962476368
0.138394274203 0.0612385289797 0.0287131820047 0.41962476368
0.138394274203 0.0612385289797 0.0287131820047 0.41962476368
0.138394274203 0.0612385289797 0.0287131820047 0.41962476368
0.138394274203 0.0612385289797 0.0287131820047 0.41962476368
0.138394274203 0.0612385289797 0.0287131820047 0.41962476368
0.138394274203 0.0612385289797 0.0287131820047 0.41962476368
0.138394274203 0.0612385289797 0.0287131820047 0.41962476368
0.138394274203 0.0612385289797 0.0287131820047 0.41962476368
0.138394274203 0.0612385289797 0.0287131820047 0.41962476368
0.138394274203 0.0612385289797 0.0287131820047 0.41962476368
0.138394274203 0.0612385289797 0.0287131820047 0.41962476368
0.138394274203 0.0612385289797 0.0287131820047 0.41962476368
0.427850218817 0.189310374367 0.089384168387 0.259162165278
0.138394274203 0.0612385289797 0.0287131820047 0.41962476368
0.138394274203 0.0612385289797 0.0287131820047 0.41962476368
0.138394274203 0.0612385289797 0.0287131820047 0.41962476368
0.138394274203 0.0612385289797 0.0287131820047 0.41962476368
0.138394274203 0.0612385289797 0.0287131820047 0.41962476368
0.138394274203 0.0612385289797 0.0287131820047 0.41962476368
0.138394274203 0.0612385289797 0.0287131820047 0.41962476368
0.138394274203 0.0612385289797 0.0287131820047 0.41962476368
0.138394274203 0.0612385289797 0.0287131820047 0.41962476368
0.138394274203 0.0612385289797 0.0287131820047 0.41962476368
0.138394274203 0.0612385289797 0.0287131820047 0.41962476368
0.138394274203 0.0612385289797 0.0287131820047 0.41962476368
0.138394274203 0.0612385289797 0.0287131820047 0.41962476368
0.138394274203 0.0612385289797 0.0287131820047 0.41962476368
0.138394274203 0.0612385289797 0.0287131820047 0.41962476368
0.138394274203 0.0612385289797 0.0287131820047 0.41962476368
0.138394274203 0.0612385289797 0.0287131820047 0.41962476368
0.138394274203 0.0612385289797 0.0287131820047 0.41962476368
0.138394274203 0.0612385289797 0.0287131820047 0.41962476368
0.138394274203 0.0612385289797 0.0287131820047 0.41962476368
0.138394274203 0.0612385289797 0.0287131820047 0.41962476368
0.138394274203 0.0612385289797 0.0287131820047 0.41962476368
0.138394274203 0.0612385289797 0.0287131820047 0.41962476368
0.138394274203 0.0612385289797 0.0287131820047 0.41962476368
0.138394274203 0.0612385289797 0.0287131820047 0.41962476368
0.138394274203 0.0612385289797 0.0287131820047 0.41962476368
0.138394274203 0.0612385289797 0.0287131820047 0.41962476368
0.138394274203 0.0612385289797 0.0287131820047 0.41962476368
0.138394274203 0.0612385289797 0.0287131820047 0.41962476368
0.138394274203 0.0612385289797 0.0287131820047 0.41962476368
0.138394274203 0.0612385289797 0.0287131820047 0.41962476368
0.138394274203 0.0612385289797 0.0287131820047 0.41962476368
0.138394274203 0.0612385289797 0.0287131820047 0.41962476368
0.138394274203 0.0612385289797 0.0287131820047 0.41962476368
0.138394274203 0.0612385289797 0.0287131820047 0.41962476368
0.138394274203 0.0612385289797 0.0287131820047 0.41962476368
0.138394274203 0.0612385289797 0.0287131820047 0.41962476368
0.138394274203 0.0612385289797 0.0287131820047 0.41962476368
0.172824998553 0.0764726483252 0.0359299832038 0.524150989936
0.138394274203 0.0612385289797 0.0287131820047 0.41962476368
0.138394274203 0.0612385289797 0.0287131820047 0.41962476368
0.138394274203 0.0612385289797 0.0287131820047 0.41962476368
0.138394274203 0.0612385289797 0.0287131820047 0.41962476368
0.0212859684599 0.0094231245775 0.12397567644 0.41962476368
0.138394274203 0.0612385289797 0.0287131820047 0.41962476368
0.138394274203 0.0612385289797 0.0287131820047 0.41962476368
0.138394274203 0.0612385289797 0.0287131820047 0.41962476368
0.138394274203 0.0612385289797 0.0287131820047 0.41962476368
0.138394274203 0.0612385289797 0.0287131820047 0.41962476368
0.138394274203 0.0612385289797 0.0287131820047 0.41962476368
0.138394274203 0.0612385289797 0.0287131820047 0.41962476368
0.138394274203 0.0612385289797 0.0287131820047 0.41962476368
0.138394274203 0.0612385289797 0.0287131820047 0.41962476368
0.138394274203 0.0612385289797 0.0287131820047 0.41962476368
0.138394274203 0.0612385289797 0.0287131820047 0.41962476368
0.138394274203 0.0612385289797 0.0287131820047 0.41962476368
0.138394274203 0.0612385289797 0.0287131820047 0.41962476368
0.138394274203 0.0612385289797 0.0287131820047 0.41962476368
0.138394274203 0.0612385289797 0.0287131820047 0.41962476368
0.138394274203 0.0612385289797 0.0287131820047 0.41962476368
0.138394274203 0.0612385289797 0.0287131820047 0.41962476368
0.138394274203 0.0612385289797 0.0287131820047 0.41962476368
0.138394274203 0.0612385289797 0.0287131820047 0.41962476368
0.138394274203 0.0612385289797 0.0287131820047 0.41962476368
0.138394274203 0.0612385289797 0.0287131820047 0.41962476368
0.138394274203 0.0612385289797 0.0287131820047 0.41962476368
0.138394274203 0.0612385289797 0.0287131820047 0.41962476368
0.138394274203 0.0612385289797 0.0287131820047 0.41962476368
0.138394274203 0.0612385289797 0.0287131820047 0.41962476368
0.138394274203 0.0612385289797 0.0287131820047 0.41962476368
0.138394274203 0.0612385289797 0.0287131820047 0.41962476368
0.138394274203 0.0612385289797 0.0287131820047 0.41962476368
0.138394274203 0.0612385289797 0.0287131820047 0.41962476368
0.138394274203 0.0612385289797 0.0287131820047 0.41962476368
0.138394274203 0.0612385289797 0.0287131820047 0.41962476368
0.138394274203 0.0612385289797 0.0287131820047 0.41962476368
0.138394274203 0.0612385289797 0.0287131820047 0.41962476368
0.138394274203 0.0612385289797 0.0287131820047 0.41962476368
0.138394274203 0.0612385289797 0.0287131820047 0.41962476368
0.138394274203 0.0612385289797 0.0287131820047 0.41962476368
0.138394274203 0.0612385289797 0.0287131820047 0.41962476368
0.138394274203 0.0612385289797 0.0287131820047 0.41962476368
0.138394274203 0.0612385289797 0.0287131820047 0.41962476368
0.138394274203 0.0612385289797 0.0287131820047 0.41962476368
0.138394274203 0.0612385289797 0.0287131820047 0.41962476368
0.138394274203 0.0612385289797 0.0287131820047 0.41962476368
0.138394274203 0.0612385289797 0.0287131820047 0.41962476368
0.178453188945 0.0789628812712 0.0371096717505 0.541237284618
0.138394274203 0.0612385289797 0.0287131820047 0.41962476368
0.138394274203 0.0612385289797 0.0287131820047 0.41962476368
0.138394274203 0.0612385289797 0.0287131820047 0.41962476368
0.108641675767 0.0480742797812 0.0224769324884 0.329300586811
0.138394274203 0.0612385289797 0.0287131820047 0.41962476368
0.138394274203 0.0612385289797 0.0287131820047 0.41962476368
0.138394274203 0.0612385289797 0.0287131820047 0.41962476368
0.138394274203 0.0612385289797 0.0287131820047 0.41962476368
0.138394274203 0.0612385289797 0.0287131820047 0.41962476368
0.138394274203 0.0612385289797 0.0287131820047 0.41962476368
0.138394274203 0.0612385289797 0.0287131820047 0.41962476368
0.138394274203 0.0612385289797 0.0287131820047 0.41962476368
0.138394274203 0.0612385289797 0.0287131820047 0.41962476368
0.138394274203 0.0612385289797 0.0287131820047 0.41962476368
0.138394274203 0.0612385289797 0.0287131820047 0.41962476368
0.0359213465467 0.119834525171 0.0287131820047 0.41962476368
0.138394274203 0.0612385289797 0.0287131820047 0.41962476368
0.138394274203 0.0612385289797 0.0287131820047 0.41962476368
0.138394274203 0.0612385289797 0.0287131820047 0.41962476368
0.138394274203 0.0612385289797 0.0287131820047 0.41962476368
0.138394274203 0.0612385289797 0.0287131820047 0.41962476368
0.138394274203 0.0612385289797 0.0287131820047 0.41962476368
0.138394274203 0.0612385289797 0.0287131820047 0.41962476368
0.138394274203 0.0612385289797 0.0287131820047 0.41962476368
0.138394274203 0.0612385289797 0.0287131820047 0.41962476368
0.138394274203 0.0612385289797 0.0287131820047 0.41962476368
0.138394274203 0.0612385289797 0.0287131820047 0.41962476368
0.205286083924 0.0908352868684 0.0427339411294 0.401001257796
0.0487804425907 0.117103085997 0.0287131820047 0.41962476368
0.138394274203 0.0612385289797 0.0287131820047 0.41962476368
0.138394274203 0.0612385289797 0.0287131820047 0.41962476368
0.138394274203 0.0612385289797 0.0287131820047 0.41962476368
0.138394274203 0.0612385289797 0.0287131820047 0.41962476368
0.138394274203 0.0612385289797 0.0287131820047 0.41962476368
0.138394274203 0.0612385289797 0.0287131820047 0.41962476368
0.138394274203 0.0612385289797 0.0287131820047 0.41962476368
0.138394274203 0.0612385289797 0.0287131820047 0.41962476368
0.138394274203 0.0612385289797 0.0287131820047 0.41962476368
0.138394274203 0.0612385289797 0.0287131820047 0.41962476368
0.138394274203 0.0612385289797 0.0287131820047 0.41962476368
0.138394274203 0.0612385289797 0.0287131820047 0.41962476368
0.138394274203 0.0612385289797 0.0287131820047 0.41962476368
0.138394274203 0.0612385289797 0.0287131820047 0.41962476368
0.138394274203 0.0612385289797 0.0287131820047 0.41962476368
0.138394274203 0.0612385289797 0.0287131820047 0.41962476368
0.0640812336537 0.028358194626 0.111908565566 0.41962476368
0.138394274203 0.0612385289797 0.0287131820047 0.41962476368
0.138394274203 0.0612385289797 0.0287131820047 0.41962476368
0.138394274203 0.0612385289797 0.0287131820047 0.41962476368
0.138394274203 0.0612385289797 0.0287131820047 0.41962476368
0.138394274203 0.0612385289797 0.0287131820047 0.41962476368
0.138394274203 0.0612385289797 0.0287131820047 0.41962476368
0.138394274203 0.0612385289797 0.0287131820047 0.41962476368
0.138394274203 0.0612385289797 0.0287131820047 0.41962476368
0.138394274203 0.0612385289797 0.0287131820047 0.41962476368
0.138394274203 0.0612385289797 0.0287131820047 0.41962476368
0.138394274203 0.0612385289797 0.0287131820047 0.41962476368
0.138394274203 0.0612385289797 0.0287131820047 0.41962476368
0.138394274203 0.0612385289797 0.0287131820047 0.41962476368
0.138394274203 0.0612385289797 0.0287131820047 0.41962476368
0.138394274203 0.0612385289797 0.0287131820047 0.41962476368
0.138394274203 0.0612385289797 0.0287131820047 0.41962476368
0.138394274203 0.0612385289797 0.0287131820047 0.41962476368
0.138394274203 0.0612385289797 0.0287131820047 0.41962476368
0.138394274203 0.0612385289797 0.0287131820047 0.41962476368
0.138394274203 0.0612385289797 0.0287131820047 0.41962476368
0.157825307953 0.0698359283299 0.032785995177 0.478614304809
0.138394274203 0.0612385289797 0.0287131820047 0.41962476368
0.138394274203 0.0612385289797 0.0287131820047 0.41962476368
0.138394274203 0.0612385289797 0.0287131820047 0.41962476368
0.138394274203 0.0612385289797 0.0287131820047 0.41962476368
0.138394274203 0.0612385289797 0.0287131820047 0.41962476368
0.138394274203 0.0612385289797 0.0287131820047 0.41962476368
0.138394274203 0.0612385289797 0.0287131820047 0.41962476368
0.138394274203 0.0612385289797 0.0287131820047 0.41962476368
0.138394274203 0.0612385289797 0.0287131820047 0.41962476368
0.138394274203 0.0612385289797 0.0287131820047 0.41962476368
0.138394274203 0.0612385289797 0.0287131820047 0.41962476368
0.138394274203 0.0612385289797 0.0287131820047 0.41962476368
0.138394274203 0.0612385289797 0.0287131820047 0.41962476368
0.138394274203 0.0612385289797 0.0287131820047 0.41962476368
0.138394274203 0.0612385289797 0.0287131820047 0.41962476368
0.138394274203 0.0612385289797 0.0287131820047 0.41962476368
0.138394274203 0.0612385289797 0.0287131820047 0.41962476368
0.138394274203 0.0612385289797 0.0287131820047 0.41962476368
0.138394274203 0.0612385289797 0.0287131820047 0.41962476368
0.138394274203 0.0612385289797 0.0287131820047 0.41962476368
0.138394274203 0.0612385289797 0.0287131820047 0.41962476368
0.138394274203 0.0612385289797 0.0287131820047 0.41962476368
0.138394274203 0.0612385289797 0.0287131820047 0.41962476368
0.138394274203 0.0612385289797 0.0287131820047 0.41962476368
0.122169603279 0.0540598077104 0.0253124337837 0.370369232291
0.138394274203 0.0612385289797 0.0287131820047 0.41962476368
0.138394274203 0.0612385289797 0.0287131820047 0.41962476368
0.138394274203 0.0612385289797 0.0287131820047 0.41962476368
0.138394274203 0.0612385289797 0.0287131820047 0.41962476368
0.150756153081 0.066708130381 0.0313042753956 0.457153470174
0.138394274203 0.0612385289797 0.0287131820047 0.41962476368
0.138394274203 0.0612385289797 0.0287131820047 0.41962476368
0.138394274203 0.0612385289797 0.0287131820047 0.41962476368
0.138394274203 0.0612385289797 0.0287131820047 0.41962476368
0.138394274203 0.0612385289797 0.0287131820047 0.41962476368
0.138394274203 0.0612385289797 0.0287131820047 0.41962476368
0.138394274203 0.0612385289797 0.0287131820047 0.41962476368
0.138394274203 0.0612385289797 0.0287131820047 0.41962476368
0.138394274203 0.0612385289797 0.0287131820047 0.41962476368
0.138394274203 0.0612385289797 0.0287131820047 0.41962476368
0.138394274203 0.0612385289797 0.0287131820047 0.41962476368
0.138394274203 0.0612385289797 0.0287131820047 0.41962476368
0.138394274203 0.0612385289797 0.0287131820047 0.41962476368
0.138394274203 0.0612385289797 0.0287131820047 0.41962476368
0.138394274203 0.0612385289797 0.0287131820047 0.41962476368
0.138394274203 0.0612385289797 0.0287131820047 0.41962476368
0.138394274203 0.0612385289797 0.0287131820047 0.41962476368
0.138394274203 0.0612385289797 0.0287131820047 0.41962476368
0.138394274203 0.0612385289797 0.0287131820047 0.41962476368
0.138394274203 0.0612385289797 0.0287131820047 0.41962476368
0.138394274203 0.0612385289797 0.0287131820047 0.41962476368
0.138394274203 0.0612385289797 0.0287131820047 0.41962476368
0.138394274203 0.0612385289797 0.0287131820047 0.41962476368
0.138394274203 0.0612385289797 0.0287131820047 0.41962476368
0.138394274203 0.0612385289797 0.0287131820047 0.41962476368
0.138394274203 0.0612385289797 0.0287131820047 0.41962476368
0.138394274203 0.0612385289797 0.0287131820047 0.41962476368
0.138394274203 0.0612385289797 0.0287131820047 0.41962476368
0.138435926886 0.0612569585058 0.0287219125538 0.419751214627
0.138394274203 0.0612385289797 0.0287131820047 0.41962476368
0.138394274203 0.0612385289797 0.0287131820047 0.41962476368
0.138394274203 0.0612385289797 0.0287131820047 0.41962476368
0.138394274203 0.0612385289797 0.0287131820047 0.41962476368
0.138394274203 0.0612385289797 0.0287131820047 0.41962476368
0.138394274203 0.0612385289797 0.0287131820047 0.41962476368
0.138394274203 0.0612385289797 0.0287131820047 0.41962476368
0.138394274203 0.0612385289797 0.0287131820047 0.41962476368
0.138394274203 0.0612385289797 0.0287131820047 0.41962476368
0.138394274203 0.0612385289797 0.0287131820047 0.41962476368
0.138394274203 0.0612385289797 0.0287131820047 0.41962476368
0.138394274203 0.0612385289797 0.0287131820047 0.41962476368
0.138394274203 0.0612385289797 0.0287131820047 0.41962476368
0.138394274203 0.0612385289797 0.0287131820047 0.41962476368
0.138394274203 0.0612385289797 0.0287131820047 0.41962476368
0.138394274203 0.0612385289797 0.0287131820047 0.41962476368
0.138394274203 0.0612385289797 0.0287131820047 0.41962476368
0.138394274203 0.0612385289797 0.0287131820047 0.41962476368
0.138394274203 0.0612385289797 0.0287131820047 0.41962476368
0.138394274203 0.0612385289797 0.0287131820047 0.41962476368
0.138394274203 0.0612385289797 0.0287131820047 0.41962476368
0.138394274203 0.0612385289797 0.0287131820047 0.41962476368
0.138394274203 0.0612385289797 0.0287131820047 0.41962476368
0.138394274203 0.0612385289797 0.0287131820047 0.41962476368
0.138394274203 0.0612385289797 0.0287131820047 0.41962476368
0.138394274203 0.0612385289797 0.0287131820047 0.41962476368
0.138394274203 0.0612385289797 0.0287131820047 0.41962476368
0.138394274203 0.0612385289797 0.0287131820047 0.41962476368
0.138394274203 0.0612385289797 0.0287131820047 0.41962476368
0.138394274203 0.0612385289797 0.0287131820047 0.41962476368
0.138394274203 0.0612385289797 0.0287131820047 0.41962476368
0.138394274203 0.0612385289797 0.0287131820047 0.41962476368
0.138394274203 0.0612385289797 0.0287131820047 0.41962476368
0.138394274203 0.0612385289797 0.0287131820047 0.41962476368
0.138394274203 0.0612385289797 0.0287131820047 0.41962476368
0.138394274203 0.0612385289797 0.0287131820047 0.41962476368
0.138394274203 0.0612385289797 0.0287131820047 0.41962476368
0.138394274203 0.0612385289797 0.0287131820047 0.41962476368
0.138394274203 0.0612385289797 0.0287131820047 0.41962476368
0.138394274203 0.0612385289797 0.0287131820047 0.41962476368
0.138394274203 0.0612385289797 0.0287131820047 0.41962476368
0.138394274203 0.0612385289797 0.0287131820047 0.41962476368
0.138394274203 0.0612385289797 0.0287131820047 0.41962476368
0.138394274203 0.0612385289797 0.0287131820047 0.41962476368
0.138394274203 0.0612385289797 0.0287131820047 0.41962476368
0.138394274203 0.0612385289797 0.0287131820047 0.41962476368
0.138394274203 0.0612385289797 0.0287131820047 0.41962476368
0.138394274203 0.0612385289797 0.0287131820047 0.41962476368
0.138394274203 0.0612385289797 0.0287131820047 0.41962476368
0.138394274203 0.0612385289797 0.0287131820047 0.41962476368
0.138394274203 0.0612385289797 0.0287131820047 0.41962476368
0.138394274203 0.0612385289797 0.0287131820047 0.41962476368
0.138394274203 0.0612385289797 0.0287131820047 0.41962476368
0.170278147586 0.0753457759655 0.0353961542628 0.51641915375
0.138394274203 0.0612385289797 0.0287131820047 0.41962476368
0.108685197365 0.0480935362224 0.0224860547688 0.32943271149
0.138394274203 0.0612385289797 0.0287131820047 0.41962476368
0.135635955889 0.0600180913853 0.0281350287623 0.411250946118
0.138394274203 0.0612385289797 0.0287131820047 0.41962476368
0.138394274203 0.0612385289797 0.0287131820047 0.41962476368
0.138394274203 0.0612385289797 0.0287131820047 0.41962476368
0.138394274203 0.0612385289797 0.0287131820047 0.41962476368
0.138394274203 0.0612385289797 0.0287131820047 0.41962476368
0.138394274203 0.0612385289797 0.0287131820047 0.41962476368
0.138394274203 0.0612385289797 0.0287131820047 0.41962476368
0.138394274203 0.0612385289797 0.0287131820047 0.41962476368
0.138394274203 0.0612385289797 0.0287131820047 0.41962476368
0.138394274203 0.0612385289797 0.0287131820047 0.41962476368
0.138394274203 0.0612385289797 0.0287131820047 0.41962476368
0.138394274203 0.0612385289797 0.0287131820047 0.41962476368
0.138394274203 0.0612385289797 0.0287131820047 0.41962476368
0.138394274203 0.0612385289797 0.0287131820047 0.41962476368
0.138394274203 0.0612385289797 0.0287131820047 0.41962476368
0.138394274203 0.0612385289797 0.0287131820047 0.41962476368
0.138394274203 0.0612385289797 0.0287131820047 0.41962476368
0.138394274203 0.0612385289797 0.0287131820047 0.41962476368
0.138394274203 0.0612385289797 0.0287131820047 0.41962476368
0.138394274203 0.0612385289797 0.0287131820047 0.41962476368
0.138394274203 0.0612385289797 0.0287131820047 0.41962476368
0.138394274203 0.0612385289797 0.0287131820047 0.41962476368
0.138394274203 0.0612385289797 0.0287131820047 0.41962476368
0.123787650809 0.0547757243707 0.0616022551095 0.41962476368
0.138394274203 0.0612385289797 0.0287131820047 0.41962476368
0.138394274203 0.0612385289797 0.0287131820047 0.41962476368
0.15134242295 0.0669675296624 0.0314271596269 0.458933292648
0.138394274203 0.0612385289797 0.0287131820047 0.41962476368
0.138394274203 0.0612385289797 0.0287131820047 0.41962476368
0.138394274203 0.0612385289797 0.0287131820047 0.41962476368
0.138394274203 0.0612385289797 0.0287131820047 0.41962476368
0.138394274203 0.0612385289797 0.0287131820047 0.41962476368
0.138394274203 0.0612385289797 0.0287131820047 0.41962476368
0.138394274203 0.0612385289797 0.0287131820047 0.41962476368
0.138394274203 0.0612385289797 0.0287131820047 0.41962476368
0.138394274203 0.0612385289797 0.0287131820047 0.41962476368
0.138394274203 0.0612385289797 0.0287131820047 0.41962476368
0.138394274203 0.0612385289797 0.0287131820047 0.41962476368
0.138394274203 0.0612385289797 0.0287131820047 0.41962476368
0.138394274203 0.0612385289797 0.0287131820047 0.41962476368
0.138394274203 0.0612385289797 0.0287131820047 0.41962476368
0.138394274203 0.0612385289797 0.0287131820047 0.41962476368
0.138394274203 0.0612385289797 0.0287131820047 0.41962476368
0.138394274203 0.0612385289797 0.0287131820047 0.41962476368
0.138394274203 0.0612385289797 0.0287131820047 0.41962476368
0.138394274203 0.0612385289797 0.0287131820047 0.41962476368
0.138394274203 0.0612385289797 0.0287131820047 0.41962476368
0.138394274203 0.0612385289797 0.0287131820047 0.41962476368
0.138394274203 0.0612385289797 0.0287131820047 0.41962476368
0.138394274203 0.0612385289797 0.0287131820047 0.41962476368
0.138394274203 0.0612385289797 0.0287131820047 0.41962476368
0.138394274203 0.0612385289797 0.0287131820047 0.41962476368
0.0392049831772 0.0173515203319 0.00792275694315 0.43335669358
0.138394274203 0.0612385289797 0.0287131820047 0.41962476368
0.138394274203 0.0612385289797 0.0287131820047 0.41962476368
0.138394274203 0.0612385289797 0.0287131820047 0.41962476368
0.138394274203 0.0612385289797 0.0287131820047 0.41962476368
0.138394274203 0.0612385289797 0.0287131820047 0.41962476368
0.138394274203 0.0612385289797 0.0287131820047 0.41962476368
0.138394274203 0.0612385289797 0.0287131820047 0.41962476368
0.138394274203 0.0612385289797 0.0287131820047 0.41962476368
0.138394274203 0.0612385289797 0.0287131820047 0.41962476368
0.138394274203 0.0612385289797 0.0287131820047 0.41962476368
0.138394274203 0.0612385289797 0.0287131820047 0.41962476368
0.138394274203 0.0612385289797 0.0287131820047 0.41962476368
0.138394274203 0.0612385289797 0.0287131820047 0.41962476368
0.138394274203 0.0612385289797 0.0287131820047 0.41962476368
0.138394274203 0.0612385289797 0.0287131820047 0.41962476368
0.138394274203 0.0612385289797 0.0287131820047 0.41962476368
0.138394274203 0.0612385289797 0.0287131820047 0.41962476368
0.138394274203 0.0612385289797 0.0287131820047 0.41962476368
0.142271195509 0.0629539004386 0.0295257983773 0.431394482767
0.138394274203 0.0612385289797 0.0287131820047 0.41962476368
0.138394274203 0.0612385289797 0.0287131820047 0.41962476368
0.138394274203 0.0612385289797 0.0287131820047 0.41962476368
0.138394274203 0.0612385289797 0.0287131820047 0.41962476368
0.138394274203 0.0612385289797 0.0287131820047 0.41962476368
0.138394274203 0.0612385289797 0.0287131820047 0.41962476368
0.138394274203 0.0612385289797 0.0287131820047 0.41962476368
0.138394274203 0.0612385289797 0.0287131820047 0.41962476368
0.138394274203 0.0612385289797 0.0287131820047 0.41962476368
0.138394274203 0.0612385289797 0.0287131820047 0.41962476368
0.138394274203 0.0612385289797 0.0287131820047 0.41962476368
0.138394274203 0.0612385289797 0.0287131820047 0.41962476368
0.138394274203 0.0612385289797 0.0287131820047 0.41962476368
0.138394274203 0.0612385289797 0.0287131820047 0.41962476368
0.138394274203 0.0612385289797 0.0287131820047 0.41962476368
0.138394274203 0.0612385289797 0.0287131820047 0.41962476368
0.138394274203 0.0612385289797 0.0287131820047 0.41962476368
0.138394274203 0.0612385289797 0.0287131820047 0.41962476368
0.138394274203 0.0612385289797 0.0287131820047 0.41962476368
0.138394274203 0.0612385289797 0.0287131820047 0.41962476368
0.138394274203 0.0612385289797 0.0287131820047 0.41962476368
0.138394274203 0.0612385289797 0.0287131820047 0.41962476368
0.138394274203 0.0612385289797 0.0287131820047 0.41962476368
0.138394274203 0.0612385289797 0.0287131820047 0.41962476368
0.138394274203 0.0612385289797 0.0287131820047 0.41962476368
0.138394274203 0.0612385289797 0.0287131820047 0.41962476368
0.138394274203 0.0612385289797 0.0287131820047 0.41962476368
0.138394274203 0.0612385289797 0.0287131820047 0.41962476368
0.138394274203 0.0612385289797 0.0287131820047 0.41962476368
0.138394274203 0.0612385289797 0.0287131820047 0.41962476368
0.138394274203 0.0612385289797 0.0287131820047 0.41962476368
0.138394274203 0.0612385289797 0.0287131820047 0.41962476368
0.138394274203 0.0612385289797 0.0287131820047 0.41962476368
0.138394274203 0.0612385289797 0.0287131820047 0.41962476368
0.0711568932578 0.110085273714 0.0287131820047 0.41962476368
0.138394274203 0.0612385289797 0.0287131820047 0.41962476368
0.138394274203 0.0612385289797 0.0287131820047 0.41962476368
0.138394274203 0.0612385289797 0.0287131820047 0.41962476368
0.138394274203 0.0612385289797 0.0287131820047 0.41962476368
0.138394274203 0.0612385289797 0.0287131820047 0.41962476368
0.129111636661 0.05713135985 0.0267675084526 0.391444146214
0.138394274203 0.0612385289797 0.0287131820047 0.41962476368
0.138394274203 0.0612385289797 0.0287131820047 0.41962476368
0.138394274203 0.0612385289797 0.0287131820047 0.41962476368
0.138394274203 0.0612385289797 0.0287131820047 0.41962476368
0.138394274203 0.0612385289797 0.0287131820047 0.41962476368
0.138394274203 0.0612385289797 0.0287131820047 0.41962476368
0.138394274203 0.0612385289797 0.0287131820047 0.41962476368
0.138394274203 0.0612385289797 0.0287131820047 0.41962476368
0.138394274203 0.0612385289797 0.0287131820047 0.41962476368
0.138394274203 0.0612385289797 0.0287131820047 0.41962476368
0.144460673651 0.0639226506452 0.0299847207143 0.438041391655
0.138394274203 0.0612385289797 0.0287131820047 0.41962476368
0.138394274203 0.0612385289797 0.0287131820047 0.41962476368
0.138394274203 0.0612385289797 0.0287131820047 0.41962476368
0.138394274203 0.0612385289797 0.0287131820047 0.41962476368
0.138394274203 0.0612385289797 0.0287131820047 0.41962476368
0.138394274203 0.0612385289797 0.0287131820047 0.41962476368
