0.0491034746334 0.0445114698264 0.283189104644 0.0395571835111
0.00336040088035 0.0356368625747 0.430121810522 0.026179436634
0.0699273401484 0.0427951681327 0.187254277089 0.327006529228
0.0301833575789 0.139457437336 0.191743147334 0.348121030386
0.0176940955243 0.0247869718625 0.0136683620151 0.600446727888
0.0655012886981 0.230352909195 0.255103428522 0.401686088218
0.215093009271 0.115464104608 0.513570189667 0.153742310097
0.0187270556427 0.43260454024 0.312426549724 0.162816739276
0.00105234888439 0.0120271468049 0.395305979061 0.677406824926
0.333055119844 0.0626591133499 0.16596147387 0.291415744425
0.00752287498896 0.00238766742532 0.0080678573326 0.329346474059
0.222229025536 0.281173863821 0.0527994000775 0.368077188364
0.416440097801 0.0354377224662 0.519717710497 0.050177617375
0.0385101587924 0.287531349325 0.229780381262 0.0157760320238
0.0608974408308 0.019617051551 0.127539355903 0.598334766539
0.0845586490505 0.0813540428912 0.265535802329 0.0484959118497
0.0357297628927 0.0251338651441 0.0543729468252 0.640447748978
0.121496006361 0.0448660104583 0.435388159151 0.223926457039
0.00151739811682 0.0421462279869 0.0686861888814 0.570973627437
0.0042234211957 0.00216918754665 0.0207341680154 0.57008235497
0.0646074691634 0.407248521498 0.148464510334 0.540395943573
0.0803720566837 0.159575111187 0.0763772493999 0.342173896241
0.156285116297 0.0715139009944 0.0228939166329 0.388663654041
0.0447572125719 0.15941430659 0.559581122733 0.0761011251791
0.221491706016 0.175579834126 0.121877301867 0.548067136192
0.0122520994271 0.0558857709669 0.152477972356 0.53151362082
0.0106966800954 0.103365559039 0.492915831342 0.072056258351
0.198456640948 0.192886075585 0.0323189876977 0.217244553918
0.105632333636 0.0786541950823 0.350932163974 0.271575064037
0.177062940052 0.0299130116683 0.015954712226 0.531992461469
0.0014484967317 0.0483324554886 0.251359281997 0.543403328493
0.0891729788553 0.704469053654 0.101552208814 0.185533974931
0.140553688837 0.0240302361843 0.0616722325378 0.833872888497
0.00652102166625 0.0316620058028 0.188875095141 0.29845495784
0.00116707622352 0.128900364623 0.109967357593 0.407652258283
0.183932738824 0.0408400981897 0.0435236180547 0.0713096375363
0.0018634996901 0.0779100135403 0.3095380392 0.325085189096
0.000601777714008 0.0155136261044 0.00317000912069 0.979978357624
0.0215440732317 0.161948431528 0.0674103939775 0.395537332109
0.0378084558991 0.00919995847433 0.798883152416 0.0041173506798
0.004041577679 0.00805047502961 0.0962693796608 0.720379746274
0.132940064285 0.12220022093 0.32759733298 0.286191010747
0.00184994333083 0.15496469062 0.490467087811 0.128414073369
0.0415922594158 0.0720407909825 0.0901927906702 0.203506882084
0.00243841981773 0.0137325524867 0.0088826154857 0.809171060085
0.214461005566 0.5441732356 0.219079057739 0.0379136593565
0.00153424777267 0.00522489684161 0.139931328223 0.725658092835
0.01934735052 0.0520273990803 0.0512689885622 0.320901451528
0.163745314083 0.210602563544 0.0219671861467 0.607370140297
0.113981477718 0.0180186552955 0.0563198246059 0.55984569697
0.0491034746334 0.0445114698264 0.283189104644 0.0395571835111
0.0491034746334 0.0445114698264 0.283189104644 0.0395571835111
0.0491034746334 0.0445114698264 0.283189104644 0.0395571835111
0.0491034746334 0.0445114698264 0.283189104644 0.0395571835111
0.0491034746334 0.0445114698264 0.283189104644 0.0395571835111
0.0491034746334 0.0445114698264 0.283189104644 0.0395571835111
0.0491034746334 0.0445114698264 0.283189104644 0.0395571835111
0.0491034746334 0.0445114698264 0.283189104644 0.0395571835111
0.0491034746334 0.0445114698264 0.283189104644 0.0395571835111
0.0491034746334 0.0445114698264 0.283189104644 0.0395571835111
0.0491034746334 0.0445114698264 0.283189104644 0.0395571835111
0.0491034746334 0.0445114698264 0.283189104644 0.0395571835111
0.0491034746334 0.0445114698264 0.283189104644 0.0395571835111
0.0491034746334 0.0445114698264 0.283189104644 0.0395571835111
0.0491034746334 0.0445114698264 0.283189104644 0.0395571835111
0.0611122761429 0.0554079286418 0.352441720412 0.0492712023426
0.0491034746334 0.0445114698264 0.283189104644 0.0395571835111
0.0491034746334 0.0445114698264 0.283189104644 0.0395571835111
0.0491034746334 0.0445114698264 0.283189104644 0.0395571835111
0.0491034746334 0.0445114698264 0.283189104644 0.0395571835111
0.0491034746334 0.0445114698264 0.283189104644 0.0395571835111
0.0491034746334 0.0445114698264 0.283189104644 0.0395571835111
0.0491034746334 0.0445114698264 0.283189104644 0.0395571835111
0.0491034746334 0.0445114698264 0.283189104644 0.0395571835111
0.0491034746334 0.0445114698264 0.283189104644 0.0395571835111
0.0491034746334 0.0445114698264 0.283189104644 0.0395571835111
0.0491034746334 0.0445114698264 0.283189104644 0.0395571835111
0.0491034746334 0.0445114698264 0.283189104644 0.0395571835111
0.0491034746334 0.0445114698264 0.283189104644 0.0395571835111
0.0491034746334 0.0445114698264 0.283189104644 0.0395571835111
0.0491034746334 0.0445114698264 0.283189104644 0.0395571835111
0.0491034746334 0.0445114698264 0.283189104644 0.0395571835111
0.0491034746334 0.0445114698264 0.283189104644 0.0395571835111
0.0491034746334 0.0445114698264 0.283189104644 0.0395571835111
0.0491034746334 0.0445114698264 0.283189104644 0.0395571835111
0.0491034746334 0.0445114698264 0.283189104644 0.0395571835111
0.0491034746334 0.0445114698264 0.283189104644 0.0395571835111
0.0483623471107 0.0438389909348 0.278915154448 0.0448994619424
0.0491034746334 0.0445114698264 0.283189104644 0.0395571835111
0.0410461109057 0.0372004378345 0.236723725572 0.0976371753309
0.0491034746334 0.0445114698264 0.283189104644 0.0395571835111
0.128089567398 0.116181295172 0.138207584283 0.0395571835111
0.0491034746334 0.0445114698264 0.283189104644 0.0395571835111
0.0491034746334 0.0445114698264 0.283189104644 0.0395571835111
0.0491034746334 0.0445114698264 0.283189104644 0.0395571835111
0.0491034746334 0.0445114698264 0.283189104644 0.0395571835111
0.0491034746334 0.0445114698264 0.283189104644 0.0395571835111
0.0491034746334 0.0445114698264 0.283189104644 0.0395571835111
0.0491034746334 0.0445114698264 0.283189104644 0.0395571835111
0.0384683800736 0.0348614752138 0.221858411766 0.0309543675892
0.0491034746334 0.0445114698264 0.283189104644 0.0395571835111
0.0491034746334 0.0445114698264 0.283189104644 0.0395571835111
0.0491034746334 0.0445114698264 0.283189104644 0.0395571835111
0.0491034746334 0.0445114698264 0.283189104644 0.0395571835111
0.0703195645719 0.0637623709305 0.244246287399 0.0395571835111
0.0491034746334 0.0445114698264 0.283189104644 0.0395571835111
0.0491034746334 0.0445114698264 0.283189104644 0.0395571835111
0.0491034746334 0.0445114698264 0.283189104644 0.0395571835111
0.0491034746334 0.0445114698264 0.283189104644 0.0395571835111
0.0491034746334 0.0445114698264 0.283189104644 0.0395571835111
0.0491034746334 0.0445114698264 0.283189104644 0.0395571835111
0.0491034746334 0.0445114698264 0.283189104644 0.0395571835111
0.0491034746334 0.0445114698264 0.283189104644 0.0395571835111
0.0491034746334 0.0445114698264 0.283189104644 0.0395571835111
0.0491034746334 0.0445114698264 0.283189104644 0.0395571835111
0.0491034746334 0.0445114698264 0.283189104644 0.0395571835111
0.0491034746334 0.0445114698264 0.283189104644 0.0395571835111
0.0491034746334 0.0445114698264 0.283189104644 0.0395571835111
0.0491034746334 0.0445114698264 0.283189104644 0.0395571835111
0.0491034746334 0.0445114698264 0.283189104644 0.0395571835111
0.0491034746334 0.0445114698264 0.283189104644 0.0395571835111
0.0491034746334 0.0445114698264 0.283189104644 0.0395571835111
0.0491034746334 0.0445114698264 0.283189104644 0.0395571835111
0.0491034746334 0.0445114698264 0.283189104644 0.0395571835111
0.0491034746334 0.0445114698264 0.283189104644 0.0395571835111
0.0491034746334 0.0445114698264 0.283189104644 0.0395571835111
0.0491034746334 0.0445114698264 0.283189104644 0.0395571835111
0.0491034746334 0.0445114698264 0.283189104644 0.0395571835111
0.0491034746334 0.0445114698264 0.283189104644 0.0395571835111
0.0491034746334 0.0445114698264 0.283189104644 0.0395571835111
0.0491034746334 0.0445114698264 0.283189104644 0.0395571835111
0.0491034746334 0.0445114698264 0.283189104644 0.0395571835111
0.0491034746334 0.0445114698264 0.283189104644 0.0395571835111
0.0491034746334 0.0445114698264 0.283189104644 0.0395571835111
0.0491034746334 0.0445114698264 0.283189104644 0.0395571835111
0.0491034746334 0.0445114698264 0.283189104644 0.0395571835111
0.058161338458 0.0527303283063 0.335424189272 0.0468841644505
0.072610417983 0.0658410288072 0.418749452976 0.0585721443454
0.0545231475116 0.0494291331138 0.314443391187 0.0439412017129
0.0491034746334 0.0445114698264 0.283189104644 0.0395571835111
0.0491034746334 0.0445114698264 0.283189104644 0.0395571835111
0.0491034746334 0.0445114698264 0.283189104644 0.0395571835111
0.0491034746334 0.0445114698264 0.283189104644 0.0395571835111
0.0491034746334 0.0445114698264 0.283189104644 0.0395571835111
0.0491034746334 0.0445114698264 0.283189104644 0.0395571835111
0.0491034746334 0.0445114698264 0.283189104644 0.0395571835111
0.0491034746334 0.0445114698264 0.283189104644 0.0395571835111
0.0491034746334 0.0445114698264 0.283189104644 0.0395571835111
0.0491034746334 0.0445114698264 0.283189104644 0.0395571835111
0.0491034746334 0.0445114698264 0.283189104644 0.0395571835111
0.0491034746334 0.0445114698264 0.283189104644 0.0395571835111
0.0491034746334 0.0445114698264 0.283189104644 0.0395571835111
0.0491034746334 0.0445114698264 0.283189104644 0.0395571835111
0.0491034746334 0.0445114698264 0.283189104644 0.0395571835111
0.0491034746334 0.0445114698264 0.283189104644 0.0395571835111
0.0491034746334 0.0445114698264 0.283189104644 0.0395571835111
0.0491034746334 0.0445114698264 0.283189104644 0.0395571835111
0.0491034746334 0.0445114698264 0.283189104644 0.0395571835111
0.0491034746334 0.0445114698264 0.283189104644 0.0395571835111
0.0491034746334 0.0445114698264 0.283189104644 0.0395571835111
0.0491034746334 0.0445114698264 0.283189104644 0.0395571835111
0.0491034746334 0.0445114698264 0.283189104644 0.0395571835111
0.0079825382889 0.00719945422042 0.0460520012926 0.335969723297
0.0491034746334 0.0445114698264 0.283189104644 0.0395571835111
0.0491034746334 0.0445114698264 0.283189104644 0.0395571835111
0.0491034746334 0.0445114698264 0.283189104644 0.0395571835111
0.0491034746334 0.0445114698264 0.283189104644 0.0395571835111
0.0491034746334 0.0445114698264 0.283189104644 0.0395571835111
0.0491034746334 0.0445114698264 0.283189104644 0.0395571835111
0.0491034746334 0.0445114698264 0.283189104644 0.0395571835111
0.0491034746334 0.0445114698264 0.283189104644 0.0395571835111
0.0491034746334 0.0445114698264 0.283189104644 0.0395571835111
0.0491034746334 0.0445114698264 0.283189104644 0.0395571835111
0.0491034746334 0.0445114698264 0.283189104644 0.0395571835111
0.0491034746334 0.0445114698264 0.283189104644 0.0395571835111
0.0491034746334 0.0445114698264 0.283189104644 0.0395571835111
0.0491034746334 0.0445114698264 0.283189104644 0.0395571835111
0.0491034746334 0.0445114698264 0.283189104644 0.0395571835111
0.0491034746334 0.0445114698264 0.283189104644 0.0395571835111
0.0491034746334 0.0445114698264 0.283189104644 0.0395571835111
0.0491034746334 0.0445114698264 0.283189104644 0.0395571835111
0.0491034746334 0.0445114698264 0.283189104644 0.0395571835111
0.0491034746334 0.0445114698264 0.283189104644 0.0395571835111
0.0491034746334 0.0445114698264 0.283189104644 0.0395571835111
0.0491034746334 0.0445114698264 0.283189104644 0.0395571835111
0.0491034746334 0.0445114698264 0.283189104644 0.0395571835111
0.0491034746334 0.0445114698264 0.283189104644 0.0395571835111
0.0491034746334 0.0445114698264 0.283189104644 0.0395571835111
0.0491034746334 0.0445114698264 0.283189104644 0.0395571835111
0.0491034746334 0.0445114698264 0.283189104644 0.0395571835111
0.0491034746334 0.0445114698264 0.283189104644 0.0395571835111
0.0491034746334 0.0445114698264 0.283189104644 0.0395571835111
0.0491034746334 0.0445114698264 0.283189104644 0.0395571835111
0.0491034746334 0.0445114698264 0.283189104644 0.0395571835111
0.0491034746334 0.0445114698264 0.283189104644 0.0395571835111
0.0491034746334 0.0445114698264 0.283189104644 0.0395571835111
0.0491034746334 0.0445114698264 0.283189104644 0.0395571835111
0.0491034746334 0.0445114698264 0.283189104644 0.0395571835111
0.0491034746334 0.0445114698264 0.283189104644 0.0395571835111
0.0491034746334 0.0445114698264 0.283189104644 0.0395571835111
0.0491034746334 0.0445114698264 0.283189104644 0.0395571835111
0.0491034746334 0.0445114698264 0.283189104644 0.0395571835111
0.0491034746334 0.0445114698264 0.283189104644 0.0395571835111
0.0454235842242 0.0505200076988 0.283189104644 0.0395571835111
0.0649762444129 0.0589139880171 0.37472453604 0.0523967982241
0.0491034746334 0.0445114698264 0.283189104644 0.0395571835111
0.0491034746334 0.0445114698264 0.283189104644 0.0395571835111
0.0491034746334 0.0445114698264 0.283189104644 0.0395571835111
0.0491034746334 0.0445114698264 0.283189104644 0.0395571835111
0.0491034746334 0.0445114698264 0.283189104644 0.0395571835111
0.0491034746334 0.0445114698264 0.283189104644 0.0395571835111
0.0491034746334 0.0445114698264 0.283189104644 0.0395571835111
0.0491034746334 0.0445114698264 0.283189104644 0.0395571835111
0.0491034746334 0.0445114698264 0.283189104644 0.0395571835111
0.0697997309988 0.0107185503751 0.283189104644 0.0395571835111
0.0491034746334 0.0445114698264 0.283189104644 0.0395571835111
0.0491034746334 0.0445114698264 0.283189104644 0.0395571835111
0.0491034746334 0.0445114698264 0.283189104644 0.0395571835111
0.0491034746334 0.0445114698264 0.283189104644 0.0395571835111
0.0491034746334 0.0445114698264 0.283189104644 0.0395571835111
0.0491034746334 0.0445114698264 0.283189104644 0.0395571835111
0.0491034746334 0.0445114698264 0.283189104644 0.0395571835111
0.0491034746334 0.0445114698264 0.283189104644 0.0395571835111
0.0491034746334 0.0445114698264 0.283189104644 0.0395571835111
0.0491034746334 0.0445114698264 0.283189104644 0.0395571835111
0.0491034746334 0.0445114698264 0.283189104644 0.0395571835111
0.0491034746334 0.0445114698264 0.283189104644 0.0395571835111
0.0491034746334 0.0445114698264 0.283189104644 0.0395571835111
0.0491034746334 0.0445114698264 0.283189104644 0.0395571835111
0.0491034746334 0.0445114698264 0.283189104644 0.0395571835111
0.0491034746334 0.0445114698264 0.283189104644 0.0395571835111
0.0491034746334 0.0445114698264 0.283189104644 0.0395571835111
0.0491034746334 0.0445114698264 0.283189104644 0.0395571835111
0.0491034746334 0.0445114698264 0.283189104644 0.0395571835111
0.0491034746334 0.0445114698264 0.283189104644 0.0395571835111
0.0491034746334 0.0445114698264 0.283189104644 0.0395571835111
0.0491034746334 0.0445114698264 0.283189104644 0.0395571835111
0.0491034746334 0.0445114698264 0.283189104644 0.0395571835111
0.0491034746334 0.0445114698264 0.283189104644 0.0395571835111
0.0491034746334 0.0445114698264 0.283189104644 0.0395571835111
0.0491034746334 0.0445114698264 0.283189104644 0.0395571835111
0.0491034746334 0.0445114698264 0.283189104644 0.0395571835111
0.0491034746334 0.0445114698264 0.283189104644 0.0395571835111
0.0491034746334 0.0445114698264 0.283189104644 0.0395571835111
0.0491034746334 0.0445114698264 0.283189104644 0.0395571835111
0.0513470505625 0.0465472294058 0.296127406742 0.0233847881703
0.0491034746334 0.0445114698264 0.283189104644 0.0395571835111
0.0491034746334 0.0445114698264 0.283189104644 0.0395571835111
0.0491034746334 0.0445114698264 0.283189104644 0.0395571835111
0.0491034746334 0.0445114698264 0.283189104644 0.0395571835111
0.0491034746334 0.0445114698264 0.283189104644 0.0395571835111
0.0491034746334 0.0445114698264 0.283189104644 0.0395571835111
0.0491034746334 0.0445114698264 0.283189104644 0.0395571835111
0.0491034746334 0.0445114698264 0.283189104644 0.0395571835111
0.0491034746334 0.0445114698264 0.283189104644 0.0395571835111
0.0491034746334 0.0445114698264 0.283189104644 0.0395571835111
0.0491034746334 0.0445114698264 0.283189104644 0.0395571835111
0.0491034746334 0.0445114698264 0.283189104644 0.0395571835111
0.0491034746334 0.0445114698264 0.283189104644 0.0395571835111
0.0491034746334 0.0445114698264 0.283189104644 0.0395571835111
0.0491034746334 0.0445114698264 0.283189104644 0.0395571835111
0.0491034746334 0.0445114698264 0.283189104644 0.0395571835111
0.0491034746334 0.0445114698264 0.283189104644 0.0395571835111
0.0491034746334 0.0445114698264 0.283189104644 0.0395571835111
0.0491034746334 0.0445114698264 0.283189104644 0.0395571835111
0.0491034746334 0.0445114698264 0.283189104644 0.0395571835111
0.0491034746334 0.0445114698264 0.283189104644 0.0395571835111
0.0491034746334 0.0445114698264 0.283189104644 0.0395571835111
0.0491034746334 0.0445114698264 0.283189104644 0.0395571835111
0.0491034746334 0.0445114698264 0.283189104644 0.0395571835111
0.0491034746334 0.0445114698264 0.283189104644 0.0395571835111
0.0491034746334 0.0445114698264 0.283189104644 0.0395571835111
0.0491034746334 0.0445114698264 0.283189104644 0.0395571835111
0.0491034746334 0.0445114698264 0.283189104644 0.0395571835111
0.0491034746334 0.0445114698264 0.283189104644 0.0395571835111
0.0491034746334 0.0445114698264 0.283189104644 0.0395571835111
0.0491034746334 0.0445114698264 0.283189104644 0.0395571835111
0.0491034746334 0.0445114698264 0.283189104644 0.0395571835111
0.0491034746334 0.0445114698264 0.283189104644 0.0395571835111
0.0491034746334 0.0445114698264 0.283189104644 0.0395571835111
0.0491034746334 0.0445114698264 0.283189104644 0.0395571835111
0.0491034746334 0.0445114698264 0.283189104644 0.0395571835111
0.0491034746334 0.0445114698264 0.283189104644 0.0395571835111
0.0491034746334 0.0445114698264 0.283189104644 0.0395571835111
0.0491034746334 0.0445114698264 0.283189104644 0.0395571835111
0.0491034746334 0.0445114698264 0.283189104644 0.0395571835111
0.0491034746334 0.0445114698264 0.283189104644 0.0395571835111
0.0491034746334 0.0445114698264 0.283189104644 0.0395571835111
0.0401987429308 0.0364315592554 0.231837105643 0.0323540724112
0.0491034746334 0.0445114698264 0.283189104644 0.0395571835111
0.0491034746334 0.0445114698264 0.283189104644 0.0395571835111
0.0491034746334 0.0445114698264 0.283189104644 0.0395571835111
0.134160603064 0.121689987281 0.127064002542 0.0395571835111
0.0491034746334 0.0445114698264 0.283189104644 0.0395571835111
0.0491034746334 0.0445114698264 0.283189104644 0.0395571835111
0.0491034746334 0.0445114698264 0.283189104644 0.0395571835111
0.0491034746334 0.0445114698264 0.283189104644 0.0395571835111
0.0491034746334 0.0445114698264 0.283189104644 0.0395571835111
0.0491034746334 0.0445114698264 0.283189104644 0.0395571835111
0.0491034746334 0.0445114698264 0.283189104644 0.0395571835111
0.0491034746334 0.0445114698264 0.283189104644 0.0395571835111
0.0491034746334 0.0445114698264 0.283189104644 0.0395571835111
0.0491034746334 0.0445114698264 0.283189104644 0.0395571835111
0.0491034746334 0.0445114698264 0.283189104644 0.0395571835111
0.0491034746334 0.0445114698264 0.283189104644 0.0395571835111
0.0491034746334 0.0445114698264 0.283189104644 0.0395571835111
0.0491034746334 0.0445114698264 0.283189104644 0.0395571835111
0.0491034746334 0.0445114698264 0.283189104644 0.0395571835111
0.0491034746334 0.0445114698264 0.283189104644 0.0395571835111
0.0491034746334 0.0445114698264 0.283189104644 0.0395571835111
0.0491034746334 0.0445114698264 0.283189104644 0.0395571835111
0.0491034746334 0.0445114698264 0.283189104644 0.0395571835111
0.0491034746334 0.0445114698264 0.283189104644 0.0395571835111
0.00440553562665 0.00395377960742 0.0254240651265 0.361753874588
0.0491034746334 0.0445114698264 0.283189104644 0.0395571835111
0.0491034746334 0.0445114698264 0.283189104644 0.0395571835111
0.0491034746334 0.0445114698264 0.283189104644 0.0395571835111
0.0491034746334 0.0445114698264 0.283189104644 0.0395571835111
0.0491034746334 0.0445114698264 0.283189104644 0.0395571835111
0.0491034746334 0.0445114698264 0.283189104644 0.0395571835111
0.0491034746334 0.0445114698264 0.283189104644 0.0395571835111
0.0491034746334 0.0445114698264 0.283189104644 0.0395571835111
0.0491034746334 0.0445114698264 0.283189104644 0.0395571835111
0.0491034746334 0.0445114698264 0.283189104644 0.0395571835111
0.0491034746334 0.0445114698264 0.283189104644 0.0395571835111
0.0491034746334 0.0445114698264 0.283189104644 0.0395571835111
0.0491034746334 0.0445114698264 0.283189104644 0.0395571835111
0.0491034746334 0.0445114698264 0.283189104644 0.0395571835111
0.0491034746334 0.0445114698264 0.283189104644 0.0395571835111
0.0491034746334 0.0445114698264 0.283189104644 0.0395571835111
0.0491034746334 0.0445114698264 0.283189104644 0.0395571835111
0.0491034746334 0.0445114698264 0.283189104644 0.0395571835111
0.0491034746334 0.0445114698264 0.283189104644 0.0395571835111
0.0491034746334 0.0445114698264 0.283189104644 0.0395571835111
0.0491034746334 0.0445114698264 0.283189104644 0.0395571835111
0.0491034746334 0.0445114698264 0.283189104644 0.0395571835111
0.0491034746334 0.0445114698264 0.283189104644 0.0395571835111
0.0491034746334 0.0445114698264 0.283189104644 0.0395571835111
0.0381486058726 0.0345713208293 0.220014331002 0.118523295693
0.0491034746334 0.0445114698264 0.283189104644 0.0395571835111
0.0491034746334 0.0445114698264 0.283189104644 0.0395571835111
0.0491034746334 0.0445114698264 0.283189104644 0.0395571835111
0.0491034746334 0.0445114698264 0.283189104644 0.0395571835111
0.0491034746334 0.0445114698264 0.283189104644 0.0395571835111
0.0491034746334 0.0445114698264 0.283189104644 0.0395571835111
0.0491034746334 0.0445114698264 0.283189104644 0.0395571835111
0.0458392461657 0.041549597983 0.264364881455 0.063086760816
0.0491034746334 0.0445114698264 0.283189104644 0.0395571835111
0.0491034746334 0.0445114698264 0.283189104644 0.0395571835111
0.0491034746334 0.0445114698264 0.283189104644 0.0395571835111
0.0636043373042 0.0576691569408 0.366812992511 0.0512870512207
0.0491034746334 0.0445114698264 0.283189104644 0.0395571835111
0.0491034746334 0.0445114698264 0.283189104644 0.0395571835111
0.0491034746334 0.0445114698264 0.283189104644 0.0395571835111
0.0491034746334 0.0445114698264 0.283189104644 0.0395571835111
0.0491034746334 0.0445114698264 0.283189104644 0.0395571835111
0.0491034746334 0.0445114698264 0.283189104644 0.0395571835111
0.0491034746334 0.0445114698264 0.283189104644 0.0395571835111
0.0491034746334 0.0445114698264 0.283189104644 0.0395571835111
0.0491034746334 0.0445114698264 0.283189104644 0.0395571835111
0.0491034746334 0.0445114698264 0.283189104644 0.0395571835111
0.0491034746334 0.0445114698264 0.283189104644 0.0395571835111
0.0491034746334 0.0445114698264 0.283189104644 0.0395571835111
0.0491034746334 0.0445114698264 0.283189104644 0.0395571835111
0.0491034746334 0.0445114698264 0.283189104644 0.0395571835111
0.0491034746334 0.0445114698264 0.283189104644 0.0395571835111
0.0491034746334 0.0445114698264 0.283189104644 0.0395571835111
0.0491034746334 0.0445114698264 0.283189104644 0.0395571835111
0.0491034746334 0.0445114698264 0.283189104644 0.0395571835111
0.0491034746334 0.0445114698264 0.283189104644 0.0395571835111
0.0491034746334 0.0445114698264 0.283189104644 0.0395571835111
0.0491034746334 0.0445114698264 0.283189104644 0.0395571835111
0.0491034746334 0.0445114698264 0.283189104644 0.0395571835111
0.0491034746334 0.0445114698264 0.283189104644 0.0395571835111
0.0491034746334 0.0445114698264 0.283189104644 0.0395571835111
0.0491034746334 0.0445114698264 0.283189104644 0.0395571835111
0.0491034746334 0.0445114698264 0.283189104644 0.0395571835111
0.0491034746334 0.0445114698264 0.283189104644 0.0395571835111
0.0491034746334 0.0445114698264 0.283189104644 0.0395571835111
0.0491034746334 0.0445114698264 0.283189104644 0.0395571835111
0.0491034746334 0.0445114698264 0.283189104644 0.0395571835111
0.0491034746334 0.0445114698264 0.283189104644 0.0395571835111
0.0491034746334 0.0445114698264 0.283189104644 0.0395571835111
0.0491034746334 0.0445114698264 0.283189104644 0.0395571835111
0.0491034746334 0.0445114698264 0.283189104644 0.0395571835111
0.0491034746334 0.0445114698264 0.283189104644 0.0395571835111
0.0491034746334 0.0445114698264 0.283189104644 0.0395571835111
0.0491034746334 0.0445114698264 0.283189104644 0.0395571835111
0.0491034746334 0.0445114698264 0.283189104644 0.0395571835111
0.0491034746334 0.0445114698264 0.283189104644 0.0395571835111
0.0491034746334 0.0445114698264 0.283189104644 0.0395571835111
0.0472963538764 0.0428717377609 0.272767761654 0.0380953885893
0.0491034746334 0.0445114698264 0.283189104644 0.0395571835111
0.0491034746334 0.0445114698264 0.283189104644 0.0395571835111
0.0491034746334 0.0445114698264 0.283189104644 0.0395571835111
0.0491034746334 0.0445114698264 0.283189104644 0.0395571835111
0.0491034746334 0.0445114698264 0.283189104644 0.0395571835111
0.0491034746334 0.0445114698264 0.283189104644 0.0395571835111
0.0491034746334 0.0445114698264 0.283189104644 0.0395571835111
0.0491034746334 0.0445114698264 0.283189104644 0.0395571835111
0.0491034746334 0.0445114698264 0.283189104644 0.0395571835111
0.0491034746334 0.0445114698264 0.283189104644 0.0395571835111
0.0491034746334 0.0445114698264 0.283189104644 0.0395571835111
0.0491034746334 0.0445114698264 0.283189104644 0.0395571835111
0.0491034746334 0.0445114698264 0.283189104644 0.0395571835111
0.0491034746334 0.0445114698264 0.283189104644 0.0395571835111
0.0491034746334 0.0445114698264 0.283189104644 0.0395571835111
0.0491034746334 0.0445114698264 0.283189104644 0.0395571835111
0.0491034746334 0.0445114698264 0.283189104644 0.0395571835111
0.0491034746334 0.0445114698264 0.283189104644 0.0395571835111
0.0670403538932 0.0607869046378 0.386627887146 0.054066473449
0.0491034746334 0.0445114698264 0.283189104644 0.0395571835111
0.0491034746334 0.0445114698264 0.283189104644 0.0395571835111
0.0491034746334 0.0445114698264 0.283189104644 0.0395571835111
0.0491034746334 0.0445114698264 0.283189104644 0.0395571835111
0.0491034746334 0.0445114698264 0.283189104644 0.0395571835111
0.0491034746334 0.0445114698264 0.283189104644 0.0395571835111
0.0491034746334 0.0445114698264 0.283189104644 0.0395571835111
0.0491034746334 0.0445114698264 0.283189104644 0.0395571835111
0.0491034746334 0.0445114698264 0.283189104644 0.0395571835111
0.108096889243 0.0980404845382 0.174904789747 0.0395571835111
0.0491034746334 0.0445114698264 0.283189104644 0.0395571835111
0.0491034746334 0.0445114698264 0.283189104644 0.0395571835111
0.0491034746334 0.0445114698264 0.283189104644 0.0395571835111
0.0491034746334 0.0445114698264 0.283189104644 0.0395571835111
0.0535671551854 0.0485616917625 0.308930354005 0.043167891616
0.0491034746334 0.0445114698264 0.283189104644 0.0395571835111
0.0491034746334 0.0445114698264 0.283189104644 0.0395571835111
0.0486986567121 0.0441441490905 0.280854591917 0.0392297229475
0.0491034746334 0.0445114698264 0.283189104644 0.0395571835111
0.0491034746334 0.0445114698264 0.283189104644 0.0395571835111
0.0491034746334 0.0445114698264 0.283189104644 0.0395571835111
0.0491034746334 0.0445114698264 0.283189104644 0.0395571835111
0.0491034746334 0.0445114698264 0.283189104644 0.0395571835111
0.0491034746334 0.0445114698264 0.283189104644 0.0395571835111
0.0491034746334 0.0445114698264 0.283189104644 0.0395571835111
0.0491034746334 0.0445114698264 0.283189104644 0.0395571835111
0.0491034746334 0.0445114698264 0.283189104644 0.0395571835111
0.0491034746334 0.0445114698264 0.283189104644 0.0395571835111
0.0491034746334 0.0445114698264 0.283189104644 0.0395571835111
0.0491034746334 0.0445114698264 0.283189104644 0.0395571835111
0.0491034746334 0.0445114698264 0.283189104644 0.0395571835111
0.0491034746334 0.0445114698264 0.283189104644 0.0395571835111
0.0491034746334 0.0445114698264 0.283189104644 0.0395571835111
0.0491034746334 0.0445114698264 0.283189104644 0.0395571835111
0.0491034746334 0.0445114698264 0.283189104644 0.0395571835111
0.0491034746334 0.0445114698264 0.283189104644 0.0395571835111
0.0491034746334 0.0445114698264 0.283189104644 0.0395571835111
0.0491034746334 0.0445114698264 0.283189104644 0.0395571835111
0.0552557769448 0.0500939010709 0.318668334417 0.0445338317189
0.0491034746334 0.0445114698264 0.283189104644 0.0395571835111
0.0491034746334 0.0445114698264 0.283189104644 0.0395571835111
0.0491034746334 0.0445114698264 0.283189104644 0.0395571835111
0.0369183887092 0.0334550553431 0.212919888108 0.029700566759
0.0491034746334 0.0445114698264 0.283189104644 0.0395571835111
0.0491034746334 0.0445114698264 0.283189104644 0.0395571835111
0.0491034746334 0.0445114698264 0.283189104644 0.0395571835111
0.0491034746334 0.0445114698264 0.283189104644 0.0395571835111
0.0491034746334 0.0445114698264 0.283189104644 0.0395571835111
0.0491034746334 0.0445114698264 0.283189104644 0.0395571835111
0.0491034746334 0.0445114698264 0.283189104644 0.0395571835111
0.0491034746334 0.0445114698264 0.283189104644 0.0395571835111
0.0491034746334 0.0445114698264 0.283189104644 0.0395571835111
0.0491034746334 0.0445114698264 0.283189104644 0.0395571835111
0.0491034746334 0.0445114698264 0.283189104644 0.0395571835111
0.0491034746334 0.0445114698264 0.283189104644 0.0395571835111
0.0491034746334 0.0445114698264 0.283189104644 0.0395571835111
0.0491034746334 0.0445114698264 0.283189104644 0.0395571835111
0.0491034746334 0.0445114698264 0.283189104644 0.0395571835111
0.0491034746334 0.0445114698264 0.283189104644 0.0395571835111
0.0491034746334 0.0445114698264 0.283189104644 0.0395571835111
0.0491034746334 0.0445114698264 0.283189104644 0.0395571835111
0.0491034746334 0.0445114698264 0.283189104644 0.0395571835111
0.0491034746334 0.0445114698264 0.283189104644 0.0395571835111
0.0491034746334 0.0445114698264 0.283189104644 0.0395571835111
0.0491034746334 0.0445114698264 0.283189104644 0.0395571835111
0.0609937325595 0.0553003654288 0.351758100716 0.0491753114578
0.0491034746334 0.0445114698264 0.283189104644 0.0395571835111
0.0491034746334 0.0445114698264 0.283189104644 0.0395571835111
0.0491034746334 0.0445114698264 0.283189104644 0.0395571835111
0.0491034746334 0.0445114698264 0.283189104644 0.0395571835111
0.0491034746334 0.0445114698264 0.283189104644 0.0395571835111
0.0491034746334 0.0445114698264 0.283189104644 0.0395571835111
0.0491034746334 0.0445114698264 0.283189104644 0.0395571835111
0.0491034746334 0.0445114698264 0.283189104644 0.0395571835111
0.0491034746334 0.0445114698264 0.283189104644 0.0395571835111
0.0491034746334 0.0445114698264 0.283189104644 0.0395571835111
0.0491034746334 0.0445114698264 0.283189104644 0.0395571835111
0.0491034746334 0.0445114698264 0.283189104644 0.0395571835111
0.0491034746334 0.0445114698264 0.283189104644 0.0395571835111
0.0491034746334 0.0445114698264 0.283189104644 0.0395571835111
0.0491034746334 0.0445114698264 0.283189104644 0.0395571835111
0.0491034746334 0.0445114698264 0.283189104644 0.0395571835111
0.0491034746334 0.0445114698264 0.283189104644 0.0395571835111
0.0491034746334 0.0445114698264 0.283189104644 0.0395571835111
0.0491034746334 0.0445114698264 0.283189104644 0.0395571835111
0.0491034746334 0.0445114698264 0.283189104644 0.0395571835111
0.0491034746334 0.0445114698264 0.283189104644 0.0395571835111
0.0491034746334 0.0445114698264 0.283189104644 0.0395571835111
0.0485798508378 0.0440363478819 0.280169459637 0.0391336198934
