0.0428129691504 0.0546289716125 0.0459879741233 0.540333706858
0.378557443278 0.273698961593 0.0975712118676 0.141467087597
0.282682430401 0.429042560088 0.225971800353 0.284627525827
0.469082560797 0.10945018734 0.359533487104 0.708960617292
0.424829802234 0.151687429837 0.567367858971 0.110009853899
0.309634275378 0.242079485232 0.483631524184 0.108578982246
0.106840088409 0.131142661257 0.379798294195 0.59206276338
1.02567880156e-05 0.00140409780527 0.412660456535 0.557988295846
0.465153834365 0.0734102318213 0.419882974292 0.130309497348
0.501902521327 0.158850151043 0.248995078361 0.171913828578
0.223295681742 0.574230031416 0.422148285921 0.352227343289
0.204216063746 0.0702737007327 0.126240957538 0.482410088517
0.0405871185375 0.002121191436 0.64335560544 0.316753297773
0.0113436610362 0.0124490257053 0.0229031278787 0.397058646597
0.307726945331 0.0616020527381 0.605615739634 0.295581902485
0.0470081694298 0.0580889584015 0.253374683111 0.894060725078
0.271579489778 0.365723860656 0.172217031554 0.13891498642
0.0711934759787 0.0812367905549 0.497316371083 0.292275690733
0.145783747571 0.154224878009 0.88882607082 0.0489317765572
0.304589207337 0.102905726716 0.135218807577 0.267385356638
0.12937491151 0.19939459974 0.145279961026 0.659517435001
0.489501866777 0.099512376335 0.268822986601 0.244821019389
0.79339236338 0.195903259693 0.206577192852 0.0391967577936
0.00609338726075 0.0172453731889 0.00235001588614 0.404052234345
0.190722072313 0.190278351991 0.0252476493093 0.662633401727
0.281297677039 0.398434393309 0.663511810741 0.298152493872
0.211009621673 0.509590940223 0.413789625579 0.457811719319
0.211388049878 0.253946009113 0.781871095402 0.185740936749
0.664127036047 0.253791913851 0.251541034847 0.0369054865099
0.059368099823 0.199164619805 0.347108776237 0.517035234929
0.0254188069044 0.0532804809828 0.677852046084 0.124754149521
0.000906160457198 0.000650757886709 0.0062326136339 0.487331137778
0.119793154364 0.242312435076 0.181727027248 0.521940930507
0.108797278583 0.305165072336 0.688558413922 0.0770344307472
0.233881516495 0.00574896788473 0.07352224096 0.486347988877
0.0278490917688 0.322154829428 0.068128129867 0.0948177232153
0.0288011942366 0.0449646715171 0.358643420385 0.158329539287
0.129008050085 0.254313261411 0.00757487877796 0.688295588769
0.300205874585 0.21787901661 0.696938311584 0.14972525508
7.26705324688e-05 0.0182308212697 0.184843200591 0.779120344576
0.221546211477 0.0806842251737 0.27345491827 0.452066503641
0.344794262281 0.441507617568 0.130444343354 0.330202521405
0.057603407702 0.0654995803618 0.478815849932 0.466471579189
0.0257689428489 0.00804375294512 0.0193171053832 0.528416013036
0.0630469071671 0.220083355456 0.362933712338 0.476555496566
0.587583679425 0.0172645030268 0.216843685223 0.27061299693
0.195808611822 0.301375797683 0.637670827599 0.408528864571
0.206705898165 0.0982709175864 0.00561016117178 0.430856147631
0.0399286637564 0.279692985906 0.364491719652 0.279792823789
0.0187787477497 0.0332587879432 0.0296165411302 0.412735835804
0.0428129691504 0.0546289716125 0.0459879741233 0.540333706858
0.0428129691504 0.0546289716125 0.0459879741233 0.540333706858
0.0428129691504 0.0546289716125 0.0459879741233 0.540333706858
0.0428129691504 0.0546289716125 0.0459879741233 0.540333706858
0.0428129691504 0.0546289716125 0.0459879741233 0.540333706858
0.0428129691504 0.0546289716125 0.0459879741233 0.540333706858
0.0428129691504 0.0546289716125 0.0459879741233 0.540333706858
0.0335749564465 0.0428363443156 0.036064702414 0.4236837694
0.0428129691504 0.0546289716125 0.0459879741233 0.540333706858
0.0428129691504 0.0546289716125 0.0459879741233 0.540333706858
0.0428129691504 0.0546289716125 0.0459879741233 0.540333706858
0.0428129691504 0.0546289716125 0.0459879741233 0.540333706858
0.0428129691504 0.0546289716125 0.0459879741233 0.540333706858
0.0428129691504 0.0546289716125 0.0459879741233 0.540333706858
0.0428129691504 0.0546289716125 0.0459879741233 0.540333706858
0.0428129691504 0.0546289716125 0.0459879741233 0.540333706858
0.0428129691504 0.0546289716125 0.0459879741233 0.540333706858
0.0428129691504 0.0546289716125 0.0459879741233 0.540333706858
0.0428129691504 0.0546289716125 0.0459879741233 0.540333706858
0.0428129691504 0.0546289716125 0.0459879741233 0.540333706858
0.0428129691504 0.0546289716125 0.0459879741233 0.540333706858
0.0428129691504 0.0546289716125 0.0459879741233 0.540333706858
0.0428129691504 0.0546289716125 0.0459879741233 0.540333706858
0.0428129691504 0.0546289716125 0.0459879741233 0.540333706858
0.0428129691504 0.0546289716125 0.0459879741233 0.540333706858
0.0428129691504 0.0546289716125 0.0459879741233 0.540333706858
0.0428129691504 0.0546289716125 0.0459879741233 0.540333706858
0.0428129691504 0.0546289716125 0.0459879741233 0.540333706858
0.0428129691504 0.0546289716125 0.0459879741233 0.540333706858
0.0444723182487 0.0567471853855 0.0477704107429 0.561286586973
0.0428129691504 0.0546289716125 0.0459879741233 0.540333706858
0.0428129691504 0.0546289716125 0.0459879741233 0.540333706858
0.0428129691504 0.0546289716125 0.0459879741233 0.540333706858
0.0428129691504 0.0546289716125 0.0459879741233 0.540333706858
0.0428129691504 0.0546289716125 0.0459879741233 0.540333706858
0.0428129691504 0.0546289716125 0.0459879741233 0.540333706858
0.0428129691504 0.0546289716125 0.0459879741233 0.540333706858
0.0428129691504 0.0546289716125 0.0459879741233 0.540333706858
0.0428129691504 0.0546289716125 0.0459879741233 0.540333706858
0.0428129691504 0.0546289716125 0.0459879741233 0.540333706858
0.0428129691504 0.0546289716125 0.0459879741233 0.540333706858
0.0428129691504 0.0546289716125 0.0459879741233 0.540333706858
0.0428129691504 0.0546289716125 0.0459879741233 0.540333706858
0.0428129691504 0.0546289716125 0.0459879741233 0.540333706858
0.0530906559185 0.0677487773498 0.0570280412039 0.670111787464
0.0428129691504 0.0546289716125 0.0459879741233 0.540333706858
0.0428129691504 0.0546289716125 0.0459879741233 0.540333706858
0.0428129691504 0.0546289716125 0.0459879741233 0.540333706858
0.0428129691504 0.0546289716125 0.0459879741233 0.540333706858
0.0428129691504 0.0546289716125 0.0459879741233 0.540333706858
0.0428129691504 0.0546289716125 0.0459879741233 0.540333706858
0.0428129691504 0.0546289716125 0.0459879741233 0.540333706858
0.0505840104176 0.0645489617738 0.0543354572387 0.638459952574
0.0428129691504 0.0546289716125 0.0459879741233 0.540333706858
0.0428129691504 0.0546289716125 0.0459879741233 0.540333706858
0.0428129691504 0.0546289716125 0.0459879741233 0.540333706858
0.0428129691504 0.0546289716125 0.0459879741233 0.540333706858
0.0428129691504 0.0546289716125 0.0459879741233 0.540333706858
0.0428129691504 0.0546289716125 0.0459879741233 0.540333706858
0.0428129691504 0.0546289716125 0.0459879741233 0.540333706858
0.0428129691504 0.0546289716125 0.0459879741233 0.540333706858
0.0428129691504 0.0546289716125 0.0459879741233 0.540333706858
0.0428129691504 0.0546289716125 0.0459879741233 0.540333706858
0.0428129691504 0.0546289716125 0.0459879741233 0.540333706858
0.0428129691504 0.0546289716125 0.0459879741233 0.540333706858
0.0428129691504 0.0546289716125 0.0459879741233 0.540333706858
0.0428129691504 0.0546289716125 0.0459879741233 0.540333706858
0.0428129691504 0.0546289716125 0.0459879741233 0.540333706858
0.0428129691504 0.0546289716125 0.0459879741233 0.540333706858
0.0428129691504 0.0546289716125 0.0459879741233 0.540333706858
0.0428129691504 0.0546289716125 0.0459879741233 0.540333706858
0.0428129691504 0.0546289716125 0.0459879741233 0.540333706858
0.0428129691504 0.0546289716125 0.0459879741233 0.540333706858
0.0428129691504 0.0546289716125 0.0459879741233 0.540333706858
0.0428129691504 0.0546289716125 0.0459879741233 0.540333706858
0.0428129691504 0.0546289716125 0.0459879741233 0.540333706858
0.0428129691504 0.0546289716125 0.0459879741233 0.540333706858
0.0428129691504 0.0546289716125 0.0459879741233 0.540333706858
0.0428129691504 0.0546289716125 0.0459879741233 0.540333706858
0.0428129691504 0.0546289716125 0.0459879741233 0.540333706858
0.0428129691504 0.0546289716125 0.0459879741233 0.540333706858
0.0428129691504 0.0546289716125 0.0459879741233 0.540333706858
0.346470659202 0.442162863135 0.372309448801 0.00224035477403
0.0428129691504 0.0546289716125 0.0459879741233 0.540333706858
0.0428129691504 0.0546289716125 0.0459879741233 0.540333706858
0.0428129691504 0.0546289716125 0.0459879741233 0.540333706858
0.0428129691504 0.0546289716125 0.0459879741233 0.540333706858
0.0428129691504 0.0546289716125 0.0459879741233 0.540333706858
0.0428129691504 0.0546289716125 0.0459879741233 0.540333706858
0.0428129691504 0.0546289716125 0.0459879741233 0.540333706858
0.0428129691504 0.0546289716125 0.0459879741233 0.540333706858
0.0428129691504 0.0546289716125 0.0459879741233 0.540333706858
0.0428129691504 0.0546289716125 0.0459879741233 0.540333706858
0.0428129691504 0.0546289716125 0.0459879741233 0.540333706858
0.0428129691504 0.0546289716125 0.0459879741233 0.540333706858
0.0428129691504 0.0546289716125 0.0459879741233 0.540333706858
0.0428129691504 0.0546289716125 0.0459879741233 0.540333706858
0.0428129691504 0.0546289716125 0.0459879741233 0.540333706858
0.0428129691504 0.0546289716125 0.0459879741233 0.540333706858
0.0428129691504 0.0546289716125 0.0459879741233 0.540333706858
0.0428129691504 0.0546289716125 0.0459879741233 0.540333706858
0.0428129691504 0.0546289716125 0.0459879741233 0.540333706858
0.0428129691504 0.0546289716125 0.0459879741233 0.540333706858
0.0428129691504 0.0546289716125 0.0459879741233 0.540333706858
0.0428129691504 0.0546289716125 0.0459879741233 0.540333706858
0.0428129691504 0.0546289716125 0.0459879741233 0.540333706858
0.0428129691504 0.0546289716125 0.0459879741233 0.540333706858
0.0428129691504 0.0546289716125 0.0459879741233 0.540333706858
0.0428129691504 0.0546289716125 0.0459879741233 0.540333706858
0.0428129691504 0.0546289716125 0.0459879741233 0.540333706858
0.0428129691504 0.0546289716125 0.0459879741233 0.540333706858
0.0428129691504 0.0546289716125 0.0459879741233 0.540333706858
0.0428129691504 0.0546289716125 0.0459879741233 0.540333706858
0.0428129691504 0.0546289716125 0.0459879741233 0.540333706858
0.0428129691504 0.0546289716125 0.0459879741233 0.540333706858
0.0428129691504 0.0546289716125 0.0459879741233 0.540333706858
0.0428129691504 0.0546289716125 0.0459879741233 0.540333706858
0.0428129691504 0.0546289716125 0.0459879741233 0.540333706858
0.0428129691504 0.0546289716125 0.0459879741233 0.540333706858
0.0428129691504 0.0546289716125 0.0459879741233 0.540333706858
0.0529470495591 0.0675654591 0.0568737823823 0.668298445775
0.0428129691504 0.0546289716125 0.0459879741233 0.540333706858
0.0428129691504 0.0546289716125 0.0459879741233 0.540333706858
0.0428129691504 0.0546289716125 0.0459879741233 0.540333706858
0.306043547748 0.390568991686 0.328865020884 0.255101062793
0.0428129691504 0.0546289716125 0.0459879741233 0.540333706858
0.0428129691504 0.0546289716125 0.0459879741233 0.540333706858
0.0319466502162 0.0407577578554 0.0343156114099 0.403122873853
0.0428129691504 0.0546289716125 0.0459879741233 0.540333706858
0.0428129691504 0.0546289716125 0.0459879741233 0.540333706858
0.0428129691504 0.0546289716125 0.0459879741233 0.540333706858
0.0428129691504 0.0546289716125 0.0459879741233 0.540333706858
0.0428129691504 0.0546289716125 0.0459879741233 0.540333706858
0.0428129691504 0.0546289716125 0.0459879741233 0.540333706858
0.0428129691504 0.0546289716125 0.0459879741233 0.540333706858
0.0428129691504 0.0546289716125 0.0459879741233 0.540333706858
0.0428129691504 0.0546289716125 0.0459879741233 0.540333706858
0.0428129691504 0.0546289716125 0.0459879741233 0.540333706858
0.0428129691504 0.0546289716125 0.0459879741233 0.540333706858
0.0428129691504 0.0546289716125 0.0459879741233 0.540333706858
0.0428129691504 0.0546289716125 0.0459879741233 0.540333706858
0.0428129691504 0.0546289716125 0.0459879741233 0.540333706858
0.0428129691504 0.0546289716125 0.0459879741233 0.540333706858
0.0428129691504 0.0546289716125 0.0459879741233 0.540333706858
0.0428129691504 0.0546289716125 0.0459879741233 0.540333706858
0.0428129691504 0.0546289716125 0.0459879741233 0.540333706858
0.0428129691504 0.0546289716125 0.0459879741233 0.540333706858
0.0428129691504 0.0546289716125 0.0459879741233 0.540333706858
0.0428129691504 0.0546289716125 0.0459879741233 0.540333706858
0.0428129691504 0.0546289716125 0.0459879741233 0.540333706858
0.0428129691504 0.0546289716125 0.0459879741233 0.540333706858
0.0428129691504 0.0546289716125 0.0459879741233 0.540333706858
0.0428129691504 0.0546289716125 0.0459879741233 0.540333706858
0.0428129691504 0.0546289716125 0.0459879741233 0.540333706858
0.0428129691504 0.0546289716125 0.0459879741233 0.540333706858
0.0428129691504 0.0546289716125 0.0459879741233 0.540333706858
0.0428129691504 0.0546289716125 0.0459879741233 0.540333706858
0.0428129691504 0.0546289716125 0.0459879741233 0.540333706858
0.0428129691504 0.0546289716125 0.0459879741233 0.540333706858
0.0428129691504 0.0546289716125 0.0459879741233 0.540333706858
0.0428129691504 0.0546289716125 0.0459879741233 0.540333706858
0.0459661321352 0.0586540880147 0.0493750330509 0.580149226217
0.0428129691504 0.0546289716125 0.0459879741233 0.540333706858
0.0428129691504 0.0546289716125 0.0459879741233 0.540333706858
0.0428129691504 0.0546289716125 0.0459879741233 0.540333706858
0.0428129691504 0.0546289716125 0.0459879741233 0.540333706858
0.0428129691504 0.0546289716125 0.0459879741233 0.540333706858
0.0428129691504 0.0546289716125 0.0459879741233 0.540333706858
0.0428129691504 0.0546289716125 0.0459879741233 0.540333706858
0.0428129691504 0.0546289716125 0.0459879741233 0.540333706858
0.0428129691504 0.0546289716125 0.0459879741233 0.540333706858
0.0428129691504 0.0546289716125 0.0459879741233 0.540333706858
0.0428129691504 0.0546289716125 0.0459879741233 0.540333706858
0.0428129691504 0.0546289716125 0.0459879741233 0.540333706858
0.0428129691504 0.0546289716125 0.0459879741233 0.540333706858
0.0371132071593 0.0473530377767 0.0398654141141 0.468361854616
0.0428129691504 0.0546289716125 0.0459879741233 0.540333706858
0.0428129691504 0.0546289716125 0.0459879741233 0.540333706858
0.0428129691504 0.0546289716125 0.0459879741233 0.540333706858
0.0428129691504 0.0546289716125 0.0459879741233 0.540333706858
0.0428129691504 0.0546289716125 0.0459879741233 0.540333706858
0.0428129691504 0.0546289716125 0.0459879741233 0.540333706858
0.0428129691504 0.0546289716125 0.0459879741233 0.540333706858
0.0428129691504 0.0546289716125 0.0459879741233 0.540333706858
0.0338443140719 0.0431801881855 0.0363540404956 0.427084993282
0.0428129691504 0.0546289716125 0.0459879741233 0.540333706858
0.0428129691504 0.0546289716125 0.0459879741233 0.540333706858
0.216459786878 0.276240441465 0.232595089603 0.425099624863
0.0428129691504 0.0546289716125 0.0459879741233 0.540333706858
0.0428129691504 0.0546289716125 0.0459879741233 0.540333706858
0.0428129691504 0.0546289716125 0.0459879741233 0.540333706858
0.0428129691504 0.0546289716125 0.0459879741233 0.540333706858
0.0428129691504 0.0546289716125 0.0459879741233 0.540333706858
0.0428129691504 0.0546289716125 0.0459879741233 0.540333706858
0.0428129691504 0.0546289716125 0.0459879741233 0.540333706858
0.0428129691504 0.0546289716125 0.0459879741233 0.540333706858
0.0428129691504 0.0546289716125 0.0459879741233 0.540333706858
0.0428129691504 0.0546289716125 0.0459879741233 0.540333706858
0.0428129691504 0.0546289716125 0.0459879741233 0.540333706858
0.0428129691504 0.0546289716125 0.0459879741233 0.540333706858
0.0428129691504 0.0546289716125 0.0459879741233 0.540333706858
0.0428129691504 0.0546289716125 0.0459879741233 0.540333706858
0.261967340749 0.334318073032 0.281499143657 0.356255829206
0.0428129691504 0.0546289716125 0.0459879741233 0.540333706858
0.0428129691504 0.0546289716125 0.0459879741233 0.540333706858
0.0428129691504 0.0546289716125 0.0459879741233 0.540333706858
0.0428129691504 0.0546289716125 0.0459879741233 0.540333706858
0.0428129691504 0.0546289716125 0.0459879741233 0.540333706858
0.0428129691504 0.0546289716125 0.0459879741233 0.540333706858
0.065859631225 0.0083662741206 0.0459879741233 0.540333706858
0.0428129691504 0.0546289716125 0.0459879741233 0.540333706858
0.0428129691504 0.0546289716125 0.0459879741233 0.540333706858
0.0428129691504 0.0546289716125 0.0459879741233 0.540333706858
0.0428129691504 0.0546289716125 0.0459879741233 0.540333706858
0.0428129691504 0.0546289716125 0.0459879741233 0.540333706858
0.0428129691504 0.0546289716125 0.0459879741233 0.540333706858
0.0428129691504 0.0546289716125 0.0459879741233 0.540333706858
0.0428129691504 0.0546289716125 0.0459879741233 0.540333706858
0.0428129691504 0.0546289716125 0.0459879741233 0.540333706858
0.0428129691504 0.0546289716125 0.0459879741233 0.540333706858
0.0428129691504 0.0546289716125 0.0459879741233 0.540333706858
0.0428129691504 0.0546289716125 0.0459879741233 0.540333706858
0.0428129691504 0.0546289716125 0.0459879741233 0.540333706858
0.0428129691504 0.0546289716125 0.0459879741233 0.540333706858
0.0428129691504 0.0546289716125 0.0459879741233 0.540333706858
0.0428129691504 0.0546289716125 0.0459879741233 0.540333706858
0.0428129691504 0.0546289716125 0.0459879741233 0.540333706858
0.0428129691504 0.0546289716125 0.0459879741233 0.540333706858
0.0428129691504 0.0546289716125 0.0459879741233 0.540333706858
0.0428129691504 0.0546289716125 0.0459879741233 0.540333706858
0.0428129691504 0.0546289716125 0.0459879741233 0.540333706858
0.0428129691504 0.0546289716125 0.0459879741233 0.540333706858
0.0428129691504 0.0546289716125 0.0459879741233 0.540333706858
0.0428129691504 0.0546289716125 0.0459879741233 0.540333706858
0.0428129691504 0.0546289716125 0.0459879741233 0.540333706858
0.0428129691504 0.0546289716125 0.0459879741233 0.540333706858
0.0428129691504 0.0546289716125 0.0459879741233 0.540333706858
0.0428129691504 0.0546289716125 0.0459879741233 0.540333706858
0.0428129691504 0.0546289716125 0.0459879741233 0.540333706858
0.0428129691504 0.0546289716125 0.0459879741233 0.540333706858
0.0428129691504 0.0546289716125 0.0459879741233 0.540333706858
0.0428129691504 0.0546289716125 0.0459879741233 0.540333706858
0.0428129691504 0.0546289716125 0.0459879741233 0.540333706858
0.0428129691504 0.0546289716125 0.0459879741233 0.540333706858
0.0428129691504 0.0546289716125 0.0459879741233 0.540333706858
0.0428129691504 0.0546289716125 0.0459879741233 0.540333706858
0.0428129691504 0.0546289716125 0.0459879741233 0.540333706858
0.0428129691504 0.0546289716125 0.0459879741233 0.540333706858
0.0428129691504 0.0546289716125 0.0459879741233 0.540333706858
0.0428129691504 0.0546289716125 0.0459879741233 0.540333706858
0.0428129691504 0.0546289716125 0.0459879741233 0.540333706858
0.0428129691504 0.0546289716125 0.0459879741233 0.540333706858
0.0428129691504 0.0546289716125 0.0459879741233 0.540333706858
0.0428129691504 0.0546289716125 0.0459879741233 0.540333706858
0.0428129691504 0.0546289716125 0.0459879741233 0.540333706858
0.0428129691504 0.0546289716125 0.0459879741233 0.540333706858
0.0320804749582 0.0409285895396 0.0344593630258 0.40481270128
0.0428129691504 0.0546289716125 0.0459879741233 0.540333706858
0.0428129691504 0.0546289716125 0.0459879741233 0.540333706858
0.0428129691504 0.0546289716125 0.0459879741233 0.540333706858
0.0428129691504 0.0546289716125 0.0459879741233 0.540333706858
0.263459579586 0.336222497463 0.283102757179 0.353526817747
0.0428129691504 0.0546289716125 0.0459879741233 0.540333706858
0.0428129691504 0.0546289716125 0.0459879741233 0.540333706858
0.0428129691504 0.0546289716125 0.0459879741233 0.540333706858
0.0428129691504 0.0546289716125 0.0459879741233 0.540333706858
0.0428129691504 0.0546289716125 0.0459879741233 0.540333706858
0.0433316753615 0.0552911171733 0.0465451570246 0.546883497405
0.0428129691504 0.0546289716125 0.0459879741233 0.540333706858
0.0428129691504 0.0546289716125 0.0459879741233 0.540333706858
0.0428129691504 0.0546289716125 0.0459879741233 0.540333706858
0.0428129691504 0.0546289716125 0.0459879741233 0.540333706858
0.0428129691504 0.0546289716125 0.0459879741233 0.540333706858
0.0428129691504 0.0546289716125 0.0459879741233 0.540333706858
0.0428129691504 0.0546289716125 0.0459879741233 0.540333706858
0.0428129691504 0.0546289716125 0.0459879741233 0.540333706858
0.0428129691504 0.0546289716125 0.0459879741233 0.540333706858
0.0428129691504 0.0546289716125 0.0459879741233 0.540333706858
0.0428129691504 0.0546289716125 0.0459879741233 0.540333706858
0.0428129691504 0.0546289716125 0.0459879741233 0.540333706858
0.0428129691504 0.0546289716125 0.0459879741233 0.540333706858
0.0428129691504 0.0546289716125 0.0459879741233 0.540333706858
0.0428129691504 0.0546289716125 0.0459879741233 0.540333706858
0.0428129691504 0.0546289716125 0.0459879741233 0.540333706858
0.0428129691504 0.0546289716125 0.0459879741233 0.540333706858
0.0428129691504 0.0546289716125 0.0459879741233 0.540333706858
0.0428129691504 0.0546289716125 0.0459879741233 0.540333706858
0.0428129691504 0.0546289716125 0.0459879741233 0.540333706858
0.0428129691504 0.0546289716125 0.0459879741233 0.540333706858
0.0428129691504 0.0546289716125 0.0459879741233 0.540333706858
0.0428129691504 0.0546289716125 0.0459879741233 0.540333706858
0.0428129691504 0.0546289716125 0.0459879741233 0.540333706858
0.0428129691504 0.0546289716125 0.0459879741233 0.540333706858
0.0428129691504 0.0546289716125 0.0459879741233 0.540333706858
0.0428129691504 0.0546289716125 0.0459879741233 0.540333706858
0.0428129691504 0.0546289716125 0.0459879741233 0.540333706858
0.0428129691504 0.0546289716125 0.0459879741233 0.540333706858
0.0428129691504 0.0546289716125 0.0459879741233 0.540333706858
0.0428129691504 0.0546289716125 0.0459879741233 0.540333706858
0.0428129691504 0.0546289716125 0.0459879741233 0.540333706858
0.0428129691504 0.0546289716125 0.0459879741233 0.540333706858
0.0428129691504 0.0546289716125 0.0459879741233 0.540333706858
0.0428129691504 0.0546289716125 0.0459879741233 0.540333706858
0.0428129691504 0.0546289716125 0.0459879741233 0.540333706858
0.0428129691504 0.0546289716125 0.0459879741233 0.540333706858
0.0428129691504 0.0546289716125 0.0459879741233 0.540333706858
0.0386957404591 0.0493731936247 0.0415653368599 0.488344768294
0.187417770909 0.239176451865 0.201385494757 0.457921150102
0.0428129691504 0.0546289716125 0.0459879741233 0.540333706858
0.0428129691504 0.0546289716125 0.0459879741233 0.540333706858
0.0428129691504 0.0546289716125 0.0459879741233 0.540333706858
0.0428129691504 0.0546289716125 0.0459879741233 0.540333706858
0.0428129691504 0.0546289716125 0.0459879741233 0.540333706858
0.0428129691504 0.0546289716125 0.0459879741233 0.540333706858
0.0428129691504 0.0546289716125 0.0459879741233 0.540333706858
0.0428129691504 0.0546289716125 0.0459879741233 0.540333706858
0.0428129691504 0.0546289716125 0.0459879741233 0.540333706858
0.0428129691504 0.0546289716125 0.0459879741233 0.540333706858
0.0498160924397 0.063568689174 0.0535105764847 0.62876332297
0.0428129691504 0.0546289716125 0.0459879741233 0.540333706858
0.0434949496981 0.0554995422411 0.0467205427566 0.548945189908
0.0406215726069 0.0518315817645 0.0436340237466 0.512662574351
0.0416281709191 0.0556844413197 0.0459879741233 0.540333706858
0.0428129691504 0.0546289716125 0.0459879741233 0.540333706858
0.0428129691504 0.0546289716125 0.0459879741233 0.540333706858
0.0428129691504 0.0546289716125 0.0459879741233 0.540333706858
0.0428129691504 0.0546289716125 0.0459879741233 0.540333706858
0.0428129691504 0.0546289716125 0.0459879741233 0.540333706858
0.0428129691504 0.0546289716125 0.0459879741233 0.540333706858
0.0428129691504 0.0546289716125 0.0459879741233 0.540333706858
0.0428129691504 0.0546289716125 0.0459879741233 0.540333706858
0.0428129691504 0.0546289716125 0.0459879741233 0.540333706858
0.0428129691504 0.0546289716125 0.0459879741233 0.540333706858
0.0428129691504 0.0546289716125 0.0459879741233 0.540333706858
0.0428129691504 0.0546289716125 0.0459879741233 0.540333706858
0.0428129691504 0.0546289716125 0.0459879741233 0.540333706858
0.0428129691504 0.0546289716125 0.0459879741233 0.540333706858
0.0428129691504 0.0546289716125 0.0459879741233 0.540333706858
0.0428129691504 0.0546289716125 0.0459879741233 0.540333706858
0.0428129691504 0.0546289716125 0.0459879741233 0.540333706858
0.0428129691504 0.0546289716125 0.0459879741233 0.540333706858
0.0428129691504 0.0546289716125 0.0459879741233 0.540333706858
0.0428129691504 0.0546289716125 0.0459879741233 0.540333706858
0.0428129691504 0.0546289716125 0.0459879741233 0.540333706858
0.0428129691504 0.0546289716125 0.0459879741233 0.540333706858
0.0428129691504 0.0546289716125 0.0459879741233 0.540333706858
0.0428129691504 0.0546289716125 0.0459879741233 0.540333706858
0.0428129691504 0.0546289716125 0.0459879741233 0.540333706858
0.0428129691504 0.0546289716125 0.0459879741233 0.540333706858
0.0428129691504 0.0546289716125 0.0459879741233 0.540333706858
0.0428129691504 0.0546289716125 0.0459879741233 0.540333706858
0.0428129691504 0.0546289716125 0.0459879741233 0.540333706858
0.0428129691504 0.0546289716125 0.0459879741233 0.540333706858
0.0436099930926 0.055646398923 0.0468441198625 0.550397862197
0.0428129691504 0.0546289716125 0.0459879741233 0.540333706858
0.0428129691504 0.0546289716125 0.0459879741233 0.540333706858
0.0428129691504 0.0546289716125 0.0459879741233 0.540333706858
0.0428129691504 0.0546289716125 0.0459879741233 0.540333706858
0.0428129691504 0.0546289716125 0.0459879741233 0.540333706858
0.0428129691504 0.0546289716125 0.0459879741233 0.540333706858
0.0428129691504 0.0546289716125 0.0459879741233 0.540333706858
0.0428129691504 0.0546289716125 0.0459879741233 0.540333706858
0.055290770048 0.0705572955375 0.0593913558554 0.697892999215
0.0428129691504 0.0546289716125 0.0459879741233 0.540333706858
0.0428129691504 0.0546289716125 0.0459879741233 0.540333706858
0.0428129691504 0.0546289716125 0.0459879741233 0.540333706858
0.0428129691504 0.0546289716125 0.0459879741233 0.540333706858
0.0428129691504 0.0546289716125 0.0459879741233 0.540333706858
0.0428129691504 0.0546289716125 0.0459879741233 0.540333706858
0.0428129691504 0.0546289716125 0.0459879741233 0.540333706858
0.0428129691504 0.0546289716125 0.0459879741233 0.540333706858
0.0428129691504 0.0546289716125 0.0459879741233 0.540333706858
0.0428129691504 0.0546289716125 0.0459879741233 0.540333706858
0.0428129691504 0.0546289716125 0.0459879741233 0.540333706858
0.0428129691504 0.0546289716125 0.0459879741233 0.540333706858
0.0428129691504 0.0546289716125 0.0459879741233 0.540333706858
0.0428129691504 0.0546289716125 0.0459879741233 0.540333706858
0.0428129691504 0.0546289716125 0.0459879741233 0.540333706858
0.0428129691504 0.0546289716125 0.0459879741233 0.540333706858
0.0428129691504 0.0546289716125 0.0459879741233 0.540333706858
0.0428129691504 0.0546289716125 0.0459879741233 0.540333706858
0.0428129691504 0.0546289716125 0.0459879741233 0.540333706858
0.0428129691504 0.0546289716125 0.0459879741233 0.540333706858
0.0428129691504 0.0546289716125 0.0459879741233 0.540333706858
0.0435652482975 0.0555892807185 0.0467960559793 0.549832862146
0.0428129691504 0.0546289716125 0.0459879741233 0.540333706858
0.0428129691504 0.0546289716125 0.0459879741233 0.540333706858
0.0428129691504 0.0546289716125 0.0459879741233 0.540333706858
0.0428129691504 0.0546289716125 0.0459879741233 0.540333706858
0.0428129691504 0.0546289716125 0.0459879741233 0.540333706858
0.0428129691504 0.0546289716125 0.0459879741233 0.540333706858
0.0428129691504 0.0546289716125 0.0459879741233 0.540333706858
0.0428129691504 0.0546289716125 0.0459879741233 0.540333706858
0.0428129691504 0.0546289716125 0.0459879741233 0.540333706858
0.0428129691504 0.0546289716125 0.0459879741233 0.540333706858
0.0466531118305 0.059531040225 0.0501129716627 0.588823834423
0.0428129691504 0.0546289716125 0.0459879741233 0.540333706858
0.0428129691504 0.0546289716125 0.0459879741233 0.540333706858
0.0428129691504 0.0546289716125 0.0459879741233 0.540333706858
0.0428129691504 0.0546289716125 0.0459879741233 0.540333706858
0.0428129691504 0.0546289716125 0.0459879741233 0.540333706858
0.0428129691504 0.0546289716125 0.0459879741233 0.540333706858
0.0428129691504 0.0546289716125 0.0459879741233 0.540333706858
0.0428129691504 0.0546289716125 0.0459879741233 0.540333706858
0.0428129691504 0.0546289716125 0.0459879741233 0.540333706858
0.0428129691504 0.0546289716125 0.0459879741233 0.540333706858
0.0428129691504 0.0546289716125 0.0459879741233 0.540333706858
0.0428129691504 0.0546289716125 0.0459879741233 0.540333706858
0.0428129691504 0.0546289716125 0.0459879741233 0.540333706858
0.0428129691504 0.0546289716125 0.0459879741233 0.540333706858
0.0428129691504 0.0546289716125 0.0459879741233 0.540333706858
0.0428129691504 0.0546289716125 0.0459879741233 0.540333706858
0.0428129691504 0.0546289716125 0.0459879741233 0.540333706858
0.0428129691504 0.0546289716125 0.0459879741233 0.540333706858
0.0428129691504 0.0546289716125 0.0459879741233 0.540333706858
0.0428129691504 0.0546289716125 0.0459879741233 0.540333706858
0.0428129691504 0.0546289716125 0.0459879741233 0.540333706858
0.0428129691504 0.0546289716125 0.0459879741233 0.540333706858
0.0428129691504 0.0546289716125 0.0459879741233 0.540333706858
0.0428129691504 0.0546289716125 0.0459879741233 0.540333706858
0.0428129691504 0.0546289716125 0.0459879741233 0.540333706858
0.0428129691504 0.0546289716125 0.0459879741233 0.540333706858
0.0428129691504 0.0546289716125 0.0459879741233 0.540333706858
0.0428129691504 0.0546289716125 0.0459879741233 0.540333706858
0.0428129691504 0.0546289716125 0.0459879741233 0.540333706858
0.0428129691504 0.0546289716125 0.0459879741233 0.540333706858
0.0428129691504 0.0546289716125 0.0459879741233 0.540333706858
0.0428129691504 0.0546289716125 0.0459879741233 0.540333706858
0.0428129691504 0.0546289716125 0.0459879741233 0.540333706858
0.0428129691504 0.0546289716125 0.0459879741233 0.540333706858
0.0428129691504 0.0546289716125 0.0459879741233 0.540333706858
0.0428129691504 0.0546289716125 0.0459879741233 0.540333706858
0.0428129691504 0.0546289716125 0.0459879741233 0.540333706858
0.0428129691504 0.0546289716125 0.0459879741233 0.540333706858
0.0428129691504 0.0546289716125 0.0459879741233 0.540333706858
0.0428129691504 0.0546289716125 0.0459879741233 0.540333706858
0.0428129691504 0.0546289716125 0.0459879741233 0.540333706858
0.0428129691504 0.0546289716125 0.0459879741233 0.540333706858
0.0433029011417 0.0552542324155 0.0448520606856 0.540333706858
0.0428129691504 0.0546289716125 0.0459879741233 0.540333706858
0.0428129691504 0.0546289716125 0.0459879741233 0.540333706858
0.0428129691504 0.0546289716125 0.0459879741233 0.540333706858
0.0428129691504 0.0546289716125 0.0459879741233 0.540333706858
0.0428129691504 0.0546289716125 0.0459879741233 0.540333706858
0.0428129691504 0.0546289716125 0.0459879741233 0.540333706858
0.0428129691504 0.0546289716125 0.0459879741233 0.540333706858
0.0428129691504 0.0546289716125 0.0459879741233 0.540333706858
0.0428129691504 0.0546289716125 0.0459879741233 0.540333706858
0.0428129691504 0.0546289716125 0.0459879741233 0.540333706858
0.0428129691504 0.0546289716125 0.0459879741233 0.540333706858
