0.401960368256 3.84027361428
0.201057922787 3.6083536061
0.643509772726 3.49582301893
0.788657820116 2.49156769565
0.104865972294 3.80755907218
0.847131853632 2.31288975245
0.258935618925 3.57401951509
0.108360331137 3.79923289492
0.0488392103295 3.92946564323
0.259949960791 3.57425725574
0.34880612569 3.70187935539
0.880854880517 2.32517142938
0.61483976127 3.67368237726
0.862372130628 2.30735179677
0.637695704735 3.53426835813
0.633628285535 3.56049768005
0.348292783046 3.70065031388
0.325432984534 3.65035797428
0.225375223591 3.58287844956
0.716060404042 2.96250580722
0.990693800155 2.92252493464
0.950966783431 2.62504166631
0.213077107811 3.59390643704
0.906805615481 2.39524620049
0.976476553654 2.80880454099
0.0791822052218 3.86706034019
0.522168050603 3.98864473708
0.0295930505199 3.96225980676
0.224778243926 3.583321753
0.4613083793 3.96966671063
0.888766563026 2.34102720014
0.526057700683 3.98421538811
0.0308782358673 3.96026187253
0.363018706478 3.73722612716
0.197271089186 3.61360732172
0.809832713804 2.40011747625
0.486693077556 3.99617744838
0.339647153154 3.68055208332
0.760238522683 2.65289972974
0.847354686691 2.31267859894
0.915518481151 2.43014479494
0.272385110328 3.57961420031
0.669415908313 3.3132408022
0.461688348813 3.97022860102
0.824672867704 2.35339985229
0.954750542429 2.65031116402
0.934698064915 2.52567166769
0.883083867578 2.3291422134
0.249972555607 3.57322444156
0.463849314154 3.97333651333
0.750870127221 2.71384826315
0.334639898264 3.66948078153
0.459792948967 3.96738061185
0.253843550787 3.57328040525
0.694065501396 3.12869262809
0.322926607012 3.64545115845
0.811972775633 2.39245323131
0.917831223854 2.4403263179
0.68162749526 3.22257949145
0.955997895423 2.6588070449
0.623333987236 3.62421826536
0.0474260884679 3.93207424454
0.954333347328 2.64748767483
0.250910421314 3.57319799049
0.49908547241 3.99998146135
0.157131798476 3.68637043836
0.149236653894 3.70353581416
0.196272765758 3.61504574942
0.910356831588 2.40880295093
0.512278570142 3.99657366896
0.85062999385 2.31001758134
0.0499244586236 3.92744198736
0.441688943174 3.93496123453
0.148179897331 3.70588369796
0.119265661612 3.77317357612
0.648151802288 3.46437659409
0.486111242793 3.99584132968
0.301851222183 3.60989430836
0.425243011616 3.8987459906
0.107191050877 3.80202179829
0.468947900833 3.98006038289
0.36103726769 3.73216332555
0.0622134762642 3.90336238321
0.0361806033646 3.95171972839
0.247451526074 3.57342201383
0.60221509226 3.74151046092
0.226043293791 3.58239374028
0.261472712726 3.57467064873
0.90099591167 2.37508600227
0.024457687042 3.96995440701
0.9100943669 2.40776932714
0.52210618731 3.98870913453
0.646146493898 3.47803945015
0.212788571686 3.59421194323
0.0944787388462 3.832078277
0.846275489595 2.3137368215
0.141727215367 3.72044264541
0.585676425743 3.81921370192
0.44079134746 3.9331322825
0.176541317803 3.64768135612
0.490643476213 3.99809354794
0.858438974407 2.30704072768
0.606566999902 3.71892878162
0.224645606047 3.58342154756
0.209407315132 3.59794659641
0.230189023175 3.57965690966
0.650165159246 3.45054337663
0.740765020893 2.78295055997
0.854271373875 2.3080367123
0.134029454328 3.73823197454
0.936669566236 2.53686521112
0.297425428088 3.60382905339
0.12721826739 3.75425531146
0.636900612405 3.53944002873
0.356354764673 3.72035896963
0.140053662993 3.72427511908
0.217981091429 3.58903715487
0.69022062047 3.15781213125
0.159544639322 3.68127000602
0.483347480013 3.99405926753
0.0112601557598 3.98754710799
0.133670376065 3.73907097133
0.347700136132 3.6992360969
0.20575005242 3.60230120999
0.0409470855693 3.94364006173
0.182702658153 3.6366773607
0.127434863205 3.75374265989
0.78721960799 2.49874572526
0.446632920862 3.94468603825
0.89015956991 2.34432500805
0.25649972442 3.57357144836
0.247593915784 3.57340595082
0.174836555489 3.65084492773
0.688156762706 3.173415376
0.0785228911145 3.86852654634
0.736588445167 2.81238050004
0.351418762913 3.7081913428
0.404359540149 3.84655383043
0.172757224874 3.65477009031
0.187971892483 3.62783296085
0.216770172582 3.59018228379
0.755459738926 2.68358098721
0.194223564489 3.61806663837
0.665767438007 3.33987489376
0.835398248105 2.32936170011
0.566176428591 3.89340264796
0.513789282406 3.99566719362
0.434244594883 3.91924581356
0.938517309694 2.54757617989
0.186565491757 3.6301403525
0.861663865484 2.30720585845
0.343607101504 3.68961171648
0.850322695213 2.31023193368
0.205974010132 3.60202529296
0.335202996177 3.67070336283
0.59014420742 3.79952315095
0.848363940366 2.31177020502
0.852150400852 2.30906496325
0.169873776187 3.66033004251
0.604439409686 3.73007614075
0.0495652912058 3.92811366312
0.703689080343 3.05572621678
0.458913000572 3.96602044045
0.794602230158 2.46315003611
0.360376731507 3.73048410752
0.113719419064 3.78642880531
0.826832762454 2.34788577969
0.486258264017 3.99592755419
0.31351032048 3.6282574775
0.82908810584 2.34248731279
0.48599891545 3.99577486453
0.685639745667 3.19240851776
0.197280005081 3.61359457451
0.443242247094 3.93808114767
0.220324737 3.58692898417
0.807115454558 2.41028410586
0.0978999352882 3.82405174285
0.588990619343 3.80470118368
0.656997446659 3.40279205985
0.524562958585 3.98600635704
0.914506903861 2.42581110678
0.710162474191 3.00680030692
0.0931355468254 3.83521307094
0.845520298243 2.31453061836
0.68241635422 3.21665917621
0.494511850576 3.99933863077
0.724949984099 2.89655610731
0.374496061921 3.76717248874
0.177941785058 3.64512017559
0.897557379608 2.36435163494
0.936653562544 2.53677336653
0.970179113451 2.76072266172
0.018121888672 3.97879801336
0.413535531635 3.87012297927
0.607957488384 3.71153362514
0.196890825783 3.61415262883
0.753798362996 2.69444999238
0.191535455743 3.62216607714
0.033899499908 3.9554530942
0.928337132093 2.49125283281
0.0966242500661 3.8270512954
0.750430949268 2.71678339348
0.0289508293334 3.96324744198
0.515461154269 3.99453709789
0.22527144285 3.58295482613
0.107432943278 3.80144505482
0.649177318039 3.45734477368
0.26616462 3.57637061647
0.950529775981 2.62217282796
0.320513048968 3.64085405721
0.888611096138 2.34066850747
0.311946479746 3.62560052167
0.307791294135 3.61882826218
0.433937141721 3.91857118385
0.747927968948 2.73363517993
0.0485268191725 3.93004489991
0.201941600015 3.60717454576
0.701012730716 3.07600886737
0.462313386036 3.9711429237
0.995561581808 2.9628051206
0.0769252870178 3.87206261282
0.410481158265 3.86236840347
0.55169929206 3.93579417755
0.411732496263 3.86555751204
0.854862807742 2.30781258122
0.991130550127 2.92611473098
0.89037698774 2.34485332205
0.755641537928 2.6823978087
0.266930771171 3.57670927428
0.863401562178 2.30763443763
0.634188141286 3.55692127199
0.441211198973 3.93399012571
0.449303062436 3.94968043658
0.390621502495 3.81018703954
0.360431229659 3.73062248644
0.175310824193 3.64995982001
0.950529775981 2.62217282796
0.980132796389 2.83741375802
0.902642677459 2.38054365443
0.0012282964106 3.99875748463
0.944173544169 2.58165354903
0.374548653889 3.76731162968
0.515788380992 3.99430022759
0.704200708725 3.05185145672
0.670986215627 3.30170495048
0.163307476107 3.67346688509
0.592473238385 3.78887151937
0.278418025332 3.58383043411
0.0172188827329 3.97999901485
0.242077233461 3.57445552038
0.741339816574 2.77893729921
0.0105048428168 3.98845681497
0.486781661616 3.99622742022
0.688734280916 3.1690516174
0.23578573521 3.57671357368
0.204624952866 3.6037053861
0.31091813007 3.62388532157
0.672036314894 3.29396796015
0.660769466582 3.37593706387
0.571451853547 3.87524900426
0.0567814268574 3.91426163037
0.0975578327973 3.82485687008
0.115724834044 3.78163399658
0.647688332576 3.46754471958
0.839299387398 2.32272766978
0.471278727805 3.98283894637
0.871035047538 2.31234204129
0.0922987101873 3.83716097336
0.815643540364 2.38002264164
0.0654965582148 3.89659221035
0.3916015383 3.81280471319
0.467682634148 3.97847340679
0.577609345054 3.85225104952
0.988472761745 2.90434904376
0.636536136704 3.54180363333
0.805587974129 2.41621012753
0.388808195023 3.8053397651
0.0758975112656 3.87432458282
0.633582782079 3.56078787653
0.39406238075 3.81936794049
0.313597379651 3.62840710055
0.18590507118 3.63123741191
0.926756451857 2.48311122132
0.391433498255 3.81235600946
0.761253009093 2.64650212815
0.452128933265 3.9547580602
0.876665538777 2.31876690684
0.424877097957 3.89788214235
0.521323189168 3.98950792325
0.622898150658 3.62682714356
0.279019901802 3.58430844012
0.61495937282 3.67300653083
0.540234373667 3.96162232307
0.194660483807 3.61741490084
0.399742796746 3.83443548881
0.72487024524 2.8971421987
0.108843938131 3.79807874279
0.0647028501873 3.8982410696
0.344826471338 3.69245222628
0.760832996478 2.64914577851
0.273474711429 3.5802980079
0.0342921680083 3.95481668158
0.559065581032 3.91558891511
0.98706890619 2.89293192556
0.0349051902426 3.95381792348
0.326858264469 3.65320723353
0.20723344587 3.60049602746
0.045316745732 3.93591154936
0.992988313712 2.94143920787
0.20977127009 3.5975310297
0.0904288162709 3.84149839401
0.912686640586 2.41819783749
0.622692675461 3.62805450205
0.796342271786 2.45522282386
0.971230637466 2.76864015578
0.592490337765 3.78879234477
0.71548039044 2.96684593525
0.181305158945 3.63911244749
0.871440608153 2.3127210487
0.611069156723 3.6946746497
0.0340836222856 3.95515500484
0.705385719154 3.04288106677
0.0528315733846 3.92193584161
0.613765308547 3.67972622027
0.338200598442 3.67730820081
0.49745569148 3.99985698375
0.0614498584746 3.90491778535
0.298341679024 3.60504245613
0.727036142173 2.8812631905
0.0645965775179 3.89846126244
0.598996586943 3.75765178157
0.239918460489 3.57510371784
0.504239215959 3.99959759609
0.418232867076 3.8818354282
0.965736003143 2.72779057395
0.962980154388 2.70780785713
0.607183203169 3.71566221981
0.0410682729788 3.94342981148
0.412694181656 3.86799708579
0.922776525699 2.46335638853
0.793462854018 2.46843803244
0.381129362183 3.78480901061
0.860854014556 2.30708742682
0.641033190352 3.51233180841
0.88173742355 2.32669691686
0.107705284379 3.80079558038
0.272877762183 3.57991912057
0.791271680678 2.47882091615
0.174952946627 3.65062735812
0.653937025549 3.42433036575
0.126306652875 3.7564148322
0.0780485592373 3.8695789085
0.641083843303 3.51199609572
0.499148665435 3.99998393279
0.134473682909 3.73719502924
0.272396497434 3.57962116884
0.902682542688 2.38067830447
0.21875871184 3.58832179614
0.628622457269 3.59197657439
0.431208484515 3.91250108753
0.200578040128 3.60900140882
0.619295433986 3.64810286723
0.836088465008 2.32810492438
0.195088336393 3.61678068521
0.347245732176 3.69815521301
0.671861926958 3.29525405181
0.990613926524 2.92186897063
0.942007948653 2.56838027036
0.0669290195768 3.89359732602
0.54635111832 3.94869178697
0.805711014953 2.41572720576
0.21275662782 3.59424589431
0.807741632201 2.40789846187
0.298247406876 3.6049165849
0.0161443137762 3.98140869032
0.635175506044 3.55058724994
0.150052209951 3.70173143928
0.0651360766565 3.89734202261
0.145512617566 3.71185720886
0.0734008231059 3.87977576673
0.439995312428 3.93149460081
0.514394579095 3.99527349224
0.283349202648 3.5880507127
0.969412123521 2.75497683144
0.3899439564 3.8083763544
0.741536453642 2.77756650224
0.0505233683042 3.92631773193
0.507774863978 3.99863738011
0.214544894319 3.59238479786
0.55392761924 3.92998058003
0.769805002961 2.59430051565
0.070832304292 3.88531638419
0.807741632201 2.40789846187
0.288321430182 3.59300068262
0.306344223962 3.61656970165
0.744317206892 2.75830103923
0.289121616294 3.59386164495
0.894760650351 2.35628555841
0.798910891519 2.44385377735
0.870536243062 2.31189373499
0.107523860977 3.80122825116
0.535297332891 3.97065175237
0.537814013643 3.96620532288
0.220301718484 3.58694899183
0.405996673831 3.85081485038
0.29528669149 3.60108363019
0.44226769012 3.93613042857
0.238044453701 3.5757738818
0.735693282957 2.81874692467
0.607226726566 3.71543085576
0.746985821831 2.74003158572
0.0430058860308 3.94003630372
0.375908047054 3.77091261953
0.497860884755 3.99989882483
0.438949853173 3.92932177187
0.378292567791 3.77724777863
0.792475389545 2.47308259484
0.484719664698 3.99498214702
0.788151558141 2.49408123208
0.839284760944 2.3227504055
0.403759381777 3.84498663975
0.627301600558 3.60012917235
0.14414834978 3.71493747207
0.381040013898 3.78457053865
0.389746820465 3.80784939985
0.630373836061 3.58106665958
0.546437769106 3.94849467945
0.90674048775 2.39500625448
0.563386978963 3.90241927959
0.951064917564 2.62568732465
0.762440549468 2.63906655014
0.885314817052 2.33350697635
0.990604129484 2.92178852388
0.483358277224 3.99406682045
0.946588899538 2.59678056919
0.576847089304 3.8552029946
0.83122835563 2.3377068624
0.350080325525 3.70494605266
0.233497888667 3.57781143378
0.0801292842136 3.86494731368
0.965576994338 2.72662815075
0.872768107533 2.31405261188
0.0321701669247 3.9582247028
0.738361756753 2.79982862798
0.605509258657 3.72449627065
0.131171819365 3.74492795233
0.239529386961 3.57523465767
0.374482282164 3.76713603429
0.572852914098 3.8701866555
0.253663296089 3.57326811333
0.295303240953 3.60110440434
0.153187478392 3.6948595084
0.867982500164 2.30990681065
0.303899522595 3.61287369372
0.620433863074 3.64143628539
0.471111123354 3.98264549008
0.628813153978 3.59079416566
0.463150812961 3.97234835669
0.971095759054 2.76762201471
0.696449347468 3.11061770327
0.968984335166 2.75178295109
0.232805519678 3.57817247922
0.45171239914 3.95402340847
0.991112656483 2.92596755865
0.61425823242 3.67695958698
0.723737887977 2.90547702319
0.842668679693 2.31792213175
0.153559903741 3.69405030782
0.167173326367 3.66565525321
0.000754496771082 3.99924013807
0.261134805292 3.57457306001
0.462112415809 3.97085029542
0.283034264152 3.58776055521
0.0877367391191 3.84770347729
0.315632227153 3.63195508148
0.968294059522 2.74664589299
0.21185057287 3.59521951697
0.316847588358 3.63412022046
0.673281008199 3.28477470784
0.504769649261 3.99949007624
0.702080279166 3.06791612684
0.949660947628 2.61650033021
0.333456273444 3.66693009667
0.954168313025 2.64637327696
0.236594259914 3.57636068568
0.893562281726 2.35301302339
0.890720514936 2.34569554989
0.59891652197 3.75804717151
0.407922915909 3.85580001451
0.893395729427 2.35256695005
0.40768908117 3.8551965723
0.750838676484 2.71405823641
0.337051321279 3.67475694826
0.300465410056 3.60794001319
0.451631488302 3.95388014453
0.684132564992 3.20375876907
0.576818926495 3.8553114933
0.650020380604 3.45154188759
0.158345997892 3.68379465031
0.024892903749 3.96932039787
0.603551548231 3.73466738908
0.308955053838 3.62068237544
0.256477555782 3.57356816684
0.538459779697 3.96501202531
0.731679754123 2.8475267096
0.551618119503 3.93600106559
0.0878385326386 3.8474697455
0.434457855044 3.91971262531
0.817998028735 2.37253284569
0.501712707723 3.99993463813
0.787936218337 2.4951547236
0.267579685938 3.57700950203
0.554795302482 3.92764678696
0.747382699898 2.73733363072
0.791125275966 2.4795245626
0.355814724534 3.71901321927
0.261285896572 3.57461628291
0.373760950066 3.76522906027
0.500960889386 3.99997945719
0.623699740662 3.62202313789
0.985433469555 2.87970456987
0.889296284952 2.3422634924
0.0331670070641 3.9566332842
0.480641341348 3.99202227935
0.342339424026 3.68668360535
0.985154431047 2.87745580863
0.191554961071 3.62213578119
0.20929233256 3.59807855948
0.0738410582645 3.87881916358
0.450639736207 3.95210942901
0.480976422335 3.99228995834
0.527606424607 3.98224211332
0.0468379879425 3.93315096281
0.447141056316 3.94565082874
0.737052010337 2.8090915029
0.183773287881 3.63483674321
0.370430565686 3.7564616106
0.582198621864 3.83385698184
0.206878517304 3.60092314381
0.187214418182 3.62907079616
0.296443486001 3.60255340272
0.27128039599 3.5789560216
0.014749175778 3.98320717162
0.547232339635 3.9466690505
0.777867029377 2.54815343905
0.485980309452 3.99576380607
0.218394127083 3.58865523461
0.685612376059 3.19261479496
0.664162461764 3.35151136327
0.542867940435 3.95629249243
0.316893738385 3.63420310707
0.197094437309 3.61386024703
0.928777814315 2.49355224374
0.727726328687 2.87622149565
0.394871492868 3.82152208389
0.0345685272488 3.95436721199
0.359601105395 3.72851797915
0.75351464786 2.69631616378
0.671265496295 3.29964898685
0.808001756338 2.4069149339
0.558167348586 3.91820420397
0.753818590139 2.69431705685
0.697995345919 3.09889205565
0.720992120759 2.92577479374
0.111371201694 3.79204229641
0.699973617055 3.08388817851
0.991344572557 2.92787567818
0.834607986128 2.33084425227
0.743372397623 2.76482135158
0.675243551489 3.27023240234
0.745173545433 2.75241452332
0.412428269134 3.86732353887
0.870158696166 2.3115674954
0.761745145809 2.64341366591
0.0301948864097 3.96132776442
0.497627560155 3.99987560899
0.381913261156 3.78690198026
0.740574313199 2.78428413382
0.451360271747 3.95339859521
0.330675060428 3.66104119499
0.994554617396 2.95442572963
0.611824332855 3.69051928406
0.38254473517 3.78858884715
0.998112929964 2.98413635173
0.991373418545 2.92811311013
0.171288249253 3.65758596379
0.771099230412 2.58668362699
0.505095697567 3.99941761559
0.258867922783 3.57400471951
0.897559225469 2.36435715613
0.845366068186 2.31469811912
0.356394089463 3.72045709758
0.238301608055 3.57567602876
0.812865974834 2.38934479867
0.483387536467 3.99408726488
0.943027593998 2.57459535646
0.671265496295 3.29964898685
0.910478263396 2.40928286851
0.227603471059 3.58130880967
0.566283407108 3.89304881203
0.145363188764 3.71219379331
0.461625665629 3.97013622126
0.15728641021 3.68604143642
0.88587709719 2.33466855828
0.9643540766 2.7177264955
0.00568608256586 3.99400934573
0.367847513563 3.74970998781
0.602334853374 3.74090058938
0.186977638711 3.62946008463
0.285134976081 3.58974881842
0.578666785936 3.84810711999
0.640049162005 3.5188373308
0.0606394351118 3.9065603667
0.347853490589 3.69960155645
0.491672387455 3.99848641732
0.552801392781 3.93295121189
0.792969424955 2.47075176932
0.154894918519 3.69116248937
0.485671840654 3.99557843601
0.555438343916 3.92589187319
0.729627541367 2.86238182047
0.246724341308 3.57351318689
0.782812529167 2.52144921164
0.602571988962 3.73969105484
0.202497089018 3.60644260361
0.677861550378 3.2507503799
0.484488165893 3.99483169568
0.624449216351 3.61750869801
0.793709838876 2.46728525497
0.0115393775661 3.98720811756
0.996250067523 2.96854751217
0.582786407922 3.83142452038
0.984933300808 2.87567543431
0.607690498677 3.71296026556
0.350759777352 3.7065904867
0.419581056292 3.88514390307
0.746352217024 2.74434918196
0.0294057083537 3.96254865198
0.0818534349329 3.86108033115
0.295672592965 3.60156995575
0.321366285542 3.64246464721
0.239373777593 3.57528823087
0.998882005404 2.99059311867
0.627777012893 3.59720237296
0.34667799642 3.69680900415
0.350923101678 3.70698670334
0.522960882804 3.9878027156
0.117430635863 3.77755675495
0.104786511904 3.8077480825
0.129883304166 3.7479604553
0.970753752751 2.76504372841
0.476607729475 3.98846391932
0.0222722110581 3.97308687251
0.023686664338 3.9710693002
0.472505643479 3.9842248001
0.0544539369311 3.91881017685
0.16762649358 3.66475387148
0.176025538331 3.64863323404
0.649286574604 3.45659386793
0.422602743672 3.89246440634
0.468450574573 3.97944314166
0.0694930322155 3.88817704784
0.692240314776 3.14252257952
0.744903593592 2.75426777507
0.636788328641 3.54016866189
0.972940682827 2.7816130829
0.935994288635 2.53300372357
0.883740321725 2.33038602513
0.798735186714 2.44461868294
0.782731960923 2.52187401586
0.364866974315 3.74198132022
0.232356444374 3.57841378132
0.830681119283 2.33889726368
0.997334885898 2.9776165822
0.165153646578 3.66970949807
0.0681834535942 3.89095488413
0.799878482811 2.43967545664
0.165552043768 3.66890504726
0.758719343119 2.66255711613
0.113460164284 3.78704866904
0.972534816464 2.77852332483
0.305437360111 3.61518102997
0.760402194368 2.65186476377
0.0520431381802 3.92344128561
0.0186910227092 3.9780333931
0.00739412729762 3.99209100767
0.0799410023617 3.86536802721
0.318229155878 3.63662264972
0.971853832678 2.77335411789
0.570488531853 3.87867114402
0.110722479369 3.79359245886
0.771763794157 2.58280274407
0.763746666705 2.63095611901
0.59326325132 3.78519882409
0.081635059844 3.86157152331
0.0664040466177 3.89469772275
0.954575523918 2.6491255656
0.0803399423835 3.86447622888
0.718192426117 2.94658713353
0.193512023493 3.61913680201
0.19347231125 3.61919684891
0.590625120291 3.79734532541
0.965150250918 2.72351412927
0.198854637469 3.61137106161
0.932523574443 2.51361120197
0.865622108596 2.30852889562
0.846153242978 2.31386234408
0.393464872597 3.81777584125
0.978236044592 2.82251186483
0.235486988669 3.57684861191
0.00428857255906 3.99553813549
0.464953484795 3.97486613221
0.198854637469 3.61137106161
0.594818221449 3.77788225943
0.455405146169 3.9603651612
0.998430915996 2.98680455786
0.307896457851 3.61899443267
0.446112617156 3.94369127559
0.0849548040564 3.8540621059
0.484233676462 3.99466383978
0.154037723151 3.69301438835
0.392999229176 3.81653439137
0.155091111605 3.69073982159
0.576164065638 3.85782299682
0.337861797996 3.67655368978
0.186085848791 3.63093625831
0.391573209325 3.81272907268
0.196155429158 3.61521625393
0.700451605538 3.08026351044
0.91019188754 2.40815279009
0.664421482632 3.34963686662
0.625052967123 3.61385614116
0.749261272407 2.72463251555
0.238251389917 3.57569499087
0.658718058999 3.39058291125
0.909179875114 2.40420728515
0.186849841561 3.62967065916
0.773528944595 2.57259594888
0.825336692636 2.35166951066
0.236854644865 3.57625095449
0.445423804403 3.94236375076
0.329063138204 3.65769707967
0.860259248675 2.3070333428
0.186910934837 3.62956995375
0.5866426678 3.81503858863
0.530837098603 3.97773814181
0.987304577852 2.89484458613
0.316146774832 3.63286756854
0.438001799547 3.92733015327
0.877567746279 2.32002923573
0.152534233111 3.69628258348
0.846387019686 2.31362330522
0.0902012376054 3.84202480179
0.915795862338 2.43134588306
0.125058402368 3.75937637449
0.916395506719 2.43396111775
0.292417925397 3.5975942142
0.436025025976 3.92311412579
0.782628028041 2.52242252174
0.792810171452 2.47150156255
0.121843252331 3.76702511464
0.646750801834 3.473934415
0.895743303316 2.35905136669
0.796626933381 2.45394320941
0.906236920211 2.39316160097
0.186087802787 3.6309330067
0.289429162313 3.59419725967
0.706184792531 3.0368358763
0.814899526062 2.38246838245
0.98345365271 2.86380188983
0.122881507128 3.7645522603
0.226874414325 3.58180757117
0.957021783947 2.66584077754
0.259882355596 3.57424047462
0.355344248244 3.71784361684
0.549464513576 3.94136465542
0.935910539839 2.53252680633
0.299121196154 3.60609224418
0.582605388555 3.83217548515
0.0191703725252 3.97738480533
0.240764787298 3.57483376397
0.582630525776 3.83207130067
0.101670660836 3.81514531607
0.277981796655 3.58349046305
0.866574994652 2.30903215312
0.608832613484 3.70683528971
0.91493779919 2.4276481575
0.857972961314 2.30708448225
0.296525968744 3.60265956856
0.895743303316 2.35905136669
0.427905555523 3.90496357697
0.879151718411 2.32240080316
0.0543524106328 3.91900687054
0.384837104531 3.79471728963
0.569092455302 3.88354575046
0.897508015388 2.36420407689
0.0976641033174 3.82460682217
0.102908800183 3.81220944965
0.0557505795036 3.91628543386
0.133777649627 3.73882024816
0.355911690135 3.71925460073
0.318056127344 3.63630686126
0.0377157377024 3.94915828244
0.783981612994 2.5153240729
0.182113518308 3.63769945537
0.580280720822 3.84167327795
0.506308479045 3.99910535889
0.628921295648 3.59012303598
0.23460029763 3.577264146
0.5512081986 3.93704060238
0.708101348964 3.02235098729
0.65290044961 3.43157170709
0.294374052347 3.59994942031
0.689990727698 3.1595513047
0.891057596207 2.3465308679
0.706857091088 3.03175236183
0.981019111336 2.84442026347
0.612611336728 3.68616254585
0.957052714753 2.66605409315
0.134348087596 3.73748808713
0.846219169036 2.31379450858
0.319712773878 3.63935808672
0.350630453818 3.7062770097
0.917039706238 2.43679911459
0.00977708461921 3.98932326224
0.746037717636 2.74649698706
0.258533180925 3.57393352827
0.845265878895 2.31480790731
0.900099498129 2.37220116108
0.716107939658 2.96215028043
0.236088024141 3.57657948549
0.794021655678 2.46583500155
0.449712451084 3.95042950112
0.239190672007 3.57535215089
0.678806110815 3.24369994385
0.596458460468 3.77003925288
0.308371758445 3.61974887956
0.142718433106 3.71818301906
0.587172372363 3.8127301559
0.0431116816024 3.93984929627
0.91823368363 2.44213672742
0.199820647226 3.61003451938
0.366465124227 3.74611659472
0.127294918491 3.75407386929
0.629054395788 3.58929641746
0.194051944032 3.61832376316
0.565085247971 3.89697787841
0.626326137493 3.60610768058
0.177373739574 3.64615486982
0.969173401595 2.75319356275
0.655183186466 3.41558844535
0.455682099465 3.96082496505
0.425905826024 3.90030509781
0.36501982911 3.74237591934
0.734162775139 2.82967731605
0.398346336312 3.83074483744
0.908663544751 2.40222320201
0.168640387322 3.66274840182
0.180944062075 3.63974755895
0.878946042548 2.32208168322
0.695014752382 3.12149637844
0.64319222068 3.49795050662
0.113518042811 3.78691028584
0.906051173546 2.39248592693
0.151280656731 3.69902645263
0.195172533982 3.61665634446
0.0304264150393 3.9609675302
0.849038527294 2.31120690404
0.18444410287 3.63369464362
0.660111440475 3.380645329
0.691571958451 3.1475840821
0.193608269503 3.618991413
0.173021858034 3.65426655455
0.315989718428 3.63258839756
0.554210181853 3.92922488794
0.647850923215 3.46643400539
0.895398006968 2.35807103977
0.43613671242 3.92335456882
0.907288730456 2.39703590944
0.71924687172 2.93873577192
0.914019208683 2.42374795046
0.31728674887 3.63491094363
0.055596787813 3.91658610974
0.367622715341 3.74912465414
0.810176781983 2.39886475096
0.834891853782 2.33030635819
0.0712713117928 3.88437438879
0.165962258703 3.66807913996
0.845902140132 2.31412377955
0.548052876472 3.9447493118
0.807502059924 2.40880818437
0.973954502675 2.78935974821
0.365491762768 3.74359547362
0.0211251654491 3.97469654756
0.720873348584 2.92665544352
0.269692399176 3.57807196531
0.178349112229 3.64438174619
0.441443457615 3.93446290719
0.0605064782157 3.90682903733
0.934660868349 2.52546283161
0.571577672256 3.87479851536
0.817972058893 2.37261337447
0.907942773874 2.39948629965
0.287928416596 3.59258431473
0.126409348167 3.75617141161
0.562000302024 3.90675114709
0.957652289906 2.6701986689
0.409331282595 3.85942383967
0.294973954606 3.60069244251
0.561080006012 3.90957084627
0.0669851703513 3.89347943663
0.120161399664 3.77103561534
0.294973954606 3.60069244251
0.0760278195713 3.87403836354
0.866611521945 2.30905287271
0.010362705112 3.98862681714
0.470994889002 3.98251074601
0.398930513087 3.83228997191
0.885194873233 2.33326239258
0.226008898005 3.58241840151
0.939221522171 2.55171371144
0.0173687747285 3.97980069274
0.984022775787 2.86836065648
0.167252283734 3.66549798001
0.334253552819 3.66864534655
0.239854167488 3.57512505842
0.330452792 3.66057702477
0.311291608625 3.62450530148
0.148201201211 3.7058362573
0.915234654069 2.42892147453
0.486200365866 3.99589370244
0.831260527732 2.33763756264
0.0641323554305 3.8994214964
0.214924976834 3.59199965863
0.545652629698 3.9502664214
0.184292775158 3.63395153145
0.737152713428 2.80837773518
0.799596549024 2.4408869777
0.347775481641 3.69941561049
0.00998090311267 3.98908159937
0.146904944751 3.70873074646
0.684071423861 3.2042188097
0.40188344855 3.84007161642
0.436151897834 3.92338724011
0.628037355008 3.59559601666
0.199856680029 3.60998507386
0.052220909561 3.92310262905
0.0879420409452 3.8472320019
0.930593824836 2.50316287132
0.621221844974 3.63679124809
0.691031315496 3.15167709023
0.149334641964 3.70331866629
0.413405470216 3.86979486917
0.752867633971 2.70058279124
0.516457810125 3.99379959173
0.113059501018 3.78800660126
0.912627767891 2.41795558797
0.612081521297 3.68909846525
0.234460726299 3.57733155898
0.0135899157109 3.98467421679
0.27855386253 3.5839374098
0.297101738807 3.60340571004
0.110856246655 3.79327284503
0.327273422567 3.65404506803
0.87323340021 2.31455231271
0.698200529915 3.09733578502
0.265084257103 3.57592218098
0.0329516272991 3.9569785669
0.448596254907 3.94837663537
0.381346699869 3.785389162
0.601329868682 3.74599787832
0.215342266787 3.59158104816
0.287510509691 3.59214627879
0.460902827712 3.96906196361
0.988578349542 2.90521003553
0.086839675546 3.84976007893
0.279020529123 3.58430894374
0.0571222544858 3.91358930471
0.72404722337 2.90319795823
0.170270693631 3.65955682969
0.849419338467 2.31090446
0.203724562373 3.60485067125
0.0168755479375 3.9804517267
0.679088617245 3.24158916958
0.467010712002 3.97760847935
0.930385468827 2.50204923653
0.490138285724 3.99788445118
0.829047100157 2.34258216915
0.147582409761 3.70721599857
0.917650693485 2.43951793491
0.506157330067 3.99914795844
0.826780326954 2.34801567022
0.141598782965 3.72073599648
0.943531196917 2.57768767056
0.623727296337 3.62185754573
0.442494568686 3.93658659684
0.96843265013 2.74767564036
0.201085387759 3.60831669018
0.469095695201 3.98024217326
0.981182442852 2.84571436818
