0.738785815752 2.79683917274
0.738785815752 2.79683917274
0.738785815752 2.79683917274
0.738785815752 2.79683917274
0.738785815752 2.79683917274
0.01 3.98905891687
0.01 3.98905891687
0.999504488155 2.99582775378
0.999504488155 2.99582775378
0.01 3.98905891687
0.01 3.98905891687
0.01 3.98905891687
0.01 3.98905891687
0.01 3.98905891687
0.01 3.98905891687
0.01 3.98905891687
0.01 3.98905891687
0.01 3.98905891687
0.01 3.98905891687
0.01 3.98905891687
0.01 3.98905891687
0.508553205701 3.9983485277
0.508553205701 3.9983485277
0.01 3.98905891687
0.01 3.98905891687
0.01 3.98905891687
0.01 3.98905891687
0.01 3.98905891687
0.01 3.98905891687
0.878683020172 2.32167844513
0.878683020172 2.32167844513
0.878683020172 2.32167844513
0.720125451301 2.93220558612
0.720125451301 2.93220558612
0.720125451301 2.93220558612
0.720125451301 2.93220558612
0.720125451301 2.93220558612
0.720125451301 2.93220558612
0.720125451301 2.93220558612
0.720125451301 2.93220558612
0.720125451301 2.93220558612
0.01 3.98905891687
0.01 3.98905891687
0.01 3.98905891687
0.01 3.98905891687
0.01 3.98905891687
0.01 3.98905891687
0.01 3.98905891687
0.01 3.98905891687
0.01 3.98905891687
0.01 3.98905891687
0.01 3.98905891687
0.01 3.98905891687
0.01 3.98905891687
0.01 3.98905891687
0.01 3.98905891687
0.01 3.98905891687
0.01 3.98905891687
0.01 3.98905891687
0.01 3.98905891687
0.01 3.98905891687
0.01 3.98905891687
0.762660746954 2.63769422115
0.762660746954 2.63769422115
0.762660746954 2.63769422115
0.762660746954 2.63769422115
0.762660746954 2.63769422115
0.762660746954 2.63769422115
0.762660746954 2.63769422115
0.762660746954 2.63769422115
0.762660746954 2.63769422115
0.762660746954 2.63769422115
0.762660746954 2.63769422115
0.762660746954 2.63769422115
0.762660746954 2.63769422115
0.762660746954 2.63769422115
0.762660746954 2.63769422115
0.762660746954 2.63769422115
0.762660746954 2.63769422115
0.354930467894 3.71681714427
0.354930467894 3.71681714427
0.354930467894 3.71681714427
0.508316255718 3.99843944318
0.508316255718 3.99843944318
0.508316255718 3.99843944318
0.508316255718 3.99843944318
0.508316255718 3.99843944318
0.01 3.98905891687
0.01 3.98905891687
0.01 3.98905891687
0.01 3.98905891687
0.01 3.98905891687
0.01 3.98905891687
0.01 3.98905891687
0.01 3.98905891687
0.01 3.98905891687
0.01 3.98905891687
0.01 3.98905891687
0.01 3.98905891687
0.01 3.98905891687
0.01 3.98905891687
0.01 3.98905891687
0.01 3.98905891687
0.01 3.98905891687
0.01 3.98905891687
0.01 3.98905891687
0.01 3.98905891687
0.122403933879 3.76568940896
0.122403933879 3.76568940896
0.122403933879 3.76568940896
0.122403933879 3.76568940896
0.122403933879 3.76568940896
0.122403933879 3.76568940896
0.122403933879 3.76568940896
0.01 3.98905891687
0.01 3.98905891687
0.01 3.98905891687
0.01 3.98905891687
0.01 3.98905891687
0.01 3.98905891687
0.01 3.98905891687
0.01 3.98905891687
0.01 3.98905891687
0.01 3.98905891687
0.434463449352 3.91972485831
0.434463449352 3.91972485831
0.496770355738 3.99976988561
0.496770355738 3.99976988561
0.496770355738 3.99976988561
0.496770355738 3.99976988561
0.496770355738 3.99976988561
0.496770355738 3.99976988561
0.496770355738 3.99976988561
0.496770355738 3.99976988561
0.194338300558 3.61789509214
0.194338300558 3.61789509214
0.01 3.98905891687
0.01 3.98905891687
0.01 3.98905891687
0.01 3.98905891687
0.01 3.98905891687
0.01 3.98905891687
0.01 3.98905891687
0.01 3.98905891687
0.01 3.98905891687
0.661127490195 3.37337133092
0.661127490195 3.37337133092
0.661127490195 3.37337133092
0.661127490195 3.37337133092
0.661127490195 3.37337133092
0.661127490195 3.37337133092
0.01 3.98905891687
0.01 3.98905891687
0.496755701496 3.99976779964
0.496755701496 3.99976779964
0.496755701496 3.99976779964
0.496755701496 3.99976779964
0.01 3.98905891687
0.01 3.98905891687
0.01 3.98905891687
0.01 3.98905891687
0.01 3.98905891687
0.01 3.98905891687
0.01 3.98905891687
0.01 3.98905891687
0.01 3.98905891687
0.01 3.98905891687
0.01 3.98905891687
0.01 3.98905891687
0.01 3.98905891687
0.01 3.98905891687
0.01 3.98905891687
0.01 3.98905891687
0.73749633162 2.80594417608
0.73749633162 2.80594417608
0.01 3.98905891687
0.01 3.98905891687
0.01 3.98905891687
0.01 3.98905891687
0.01 3.98905891687
0.01 3.98905891687
0.01 3.98905891687
0.01 3.98905891687
0.01 3.98905891687
0.01 3.98905891687
0.01 3.98905891687
0.145692322643 3.71145269225
0.145692322643 3.71145269225
0.145692322643 3.71145269225
0.145692322643 3.71145269225
0.145692322643 3.71145269225
0.145692322643 3.71145269225
0.145692322643 3.71145269225
0.145692322643 3.71145269225
0.145692322643 3.71145269225
0.145692322643 3.71145269225
0.145692322643 3.71145269225
0.145692322643 3.71145269225
0.01 3.98905891687
0.01 3.98905891687
0.01 3.98905891687
0.01 3.98905891687
0.01 3.98905891687
0.01 3.98905891687
0.01 3.98905891687
0.01 3.98905891687
0.01 3.98905891687
0.01 3.98905891687
0.01 3.98905891687
0.01 3.98905891687
0.01 3.98905891687
0.01 3.98905891687
0.01 3.98905891687
0.01 3.98905891687
0.01 3.98905891687
0.685359539061 3.19452008214
0.685359539061 3.19452008214
0.685359539061 3.19452008214
0.01 3.98905891687
0.01 3.98905891687
0.01 3.98905891687
0.01 3.98905891687
0.01 3.98905891687
0.01 3.98905891687
0.01 3.98905891687
0.01 3.98905891687
0.01 3.98905891687
0.01 3.98905891687
0.01 3.98905891687
0.01 3.98905891687
0.01 3.98905891687
0.01 3.98905891687
0.01 3.98905891687
0.01 3.98905891687
0.01 3.98905891687
0.583090906887 3.83015759702
0.583090906887 3.83015759702
0.583090906887 3.83015759702
0.505520179637 3.9993159951
0.505520179637 3.9993159951
0.505520179637 3.9993159951
0.505520179637 3.9993159951
0.505520179637 3.9993159951
0.505520179637 3.9993159951
0.505520179637 3.9993159951
0.505520179637 3.9993159951
0.505520179637 3.9993159951
0.505520179637 3.9993159951
0.505520179637 3.9993159951
0.505520179637 3.9993159951
0.01 3.98905891687
0.01 3.98905891687
0.01 3.98905891687
0.0538865832321 3.91990748798
0.0538865832321 3.91990748798
0.0538865832321 3.91990748798
0.0538865832321 3.91990748798
0.0538865832321 3.91990748798
0.0538865832321 3.91990748798
0.01 3.98905891687
0.01 3.98905891687
0.01 3.98905891687
0.01 3.98905891687
0.01 3.98905891687
0.01 3.98905891687
0.01 3.98905891687
0.01 3.98905891687
0.01 3.98905891687
0.01 3.98905891687
0.531172182382 3.97724085335
0.531172182382 3.97724085335
0.531172182382 3.97724085335
0.531172182382 3.97724085335
0.01 3.98905891687
0.01 3.98905891687
0.01 3.98905891687
0.01 3.98905891687
0.01 3.98905891687
0.01 3.98905891687
0.01 3.98905891687
0.01 3.98905891687
0.589703776446 3.80150775887
0.589703776446 3.80150775887
0.589703776446 3.80150775887
0.589703776446 3.80150775887
0.01 3.98905891687
0.01 3.98905891687
0.01 3.98905891687
0.01 3.98905891687
0.01 3.98905891687
0.01 3.98905891687
0.01 3.98905891687
0.01 3.98905891687
0.01 3.98905891687
0.01 3.98905891687
0.01 3.98905891687
0.01 3.98905891687
0.01 3.98905891687
0.01 3.98905891687
0.01 3.98905891687
0.01 3.98905891687
0.01 3.98905891687
0.01 3.98905891687
0.01 3.98905891687
0.01 3.98905891687
0.01 3.98905891687
0.01 3.98905891687
0.0427796475509 3.94043561546
0.0427796475509 3.94043561546
0.01 3.98905891687
0.01 3.98905891687
0.01 3.98905891687
0.694704080301 3.12385178925
0.694704080301 3.12385178925
0.000601891890935 3.99939469378
0.000601891890935 3.99939469378
0.773620086358 2.57207296563
0.773620086358 2.57207296563
0.773620086358 2.57207296563
0.773620086358 2.57207296563
0.773620086358 2.57207296563
0.419054437824 3.88385456769
0.419054437824 3.88385456769
0.419054437824 3.88385456769
0.419054437824 3.88385456769
0.419054437824 3.88385456769
0.419054437824 3.88385456769
0.419054437824 3.88385456769
0.419054437824 3.88385456769
0.01 3.98905891687
0.01 3.98905891687
0.01 3.98905891687
0.01 3.98905891687
0.01 3.98905891687
0.01 3.98905891687
0.01 3.98905891687
0.01 3.98905891687
0.01 3.98905891687
0.01 3.98905891687
0.494471425724 3.99932890888
0.01 3.98905891687
0.01 3.98905891687
0.01 3.98905891687
0.01 3.98905891687
0.01 3.98905891687
0.0751132177473 3.87604373104
0.0751132177473 3.87604373104
0.0751132177473 3.87604373104
0.0751132177473 3.87604373104
0.0751132177473 3.87604373104
0.0751132177473 3.87604373104
0.01 3.98905891687
0.01 3.98905891687
0.01 3.98905891687
0.01 3.98905891687
0.01 3.98905891687
0.01 3.98905891687
0.01 3.98905891687
0.01 3.98905891687
0.01 3.98905891687
0.01 3.98905891687
0.01 3.98905891687
0.01 3.98905891687
0.01 3.98905891687
0.01 3.98905891687
0.01 3.98905891687
0.01 3.98905891687
0.01 3.98905891687
0.01 3.98905891687
0.01 3.98905891687
0.01 3.98905891687
0.01 3.98905891687
0.01 3.98905891687
0.01 3.98905891687
0.01 3.98905891687
0.01 3.98905891687
0.01 3.98905891687
0.01 3.98905891687
0.01 3.98905891687
0.01 3.98905891687
0.01 3.98905891687
0.01 3.98905891687
0.01 3.98905891687
0.01 3.98905891687
0.933465935782 2.51880077932
0.933465935782 2.51880077932
0.933465935782 2.51880077932
0.933465935782 2.51880077932
0.933465935782 2.51880077932
0.933465935782 2.51880077932
0.933465935782 2.51880077932
0.933465935782 2.51880077932
0.933465935782 2.51880077932
0.933465935782 2.51880077932
0.933465935782 2.51880077932
0.933465935782 2.51880077932
0.01 3.98905891687
0.01 3.98905891687
0.01 3.98905891687
0.01 3.98905891687
0.01 3.98905891687
0.01 3.98905891687
0.91175889595 2.41440951602
0.91175889595 2.41440951602
0.01 3.98905891687
0.01 3.98905891687
0.01 3.98905891687
0.01 3.98905891687
0.01 3.98905891687
0.01 3.98905891687
0.01 3.98905891687
0.01 3.98905891687
0.01 3.98905891687
0.01 3.98905891687
0.01 3.98905891687
0.01 3.98905891687
0.01 3.98905891687
0.01 3.98905891687
0.01 3.98905891687
0.01 3.98905891687
0.01 3.98905891687
0.01 3.98905891687
0.01 3.98905891687
0.01 3.98905891687
0.01 3.98905891687
0.713264973412 2.98345743899
0.713264973412 2.98345743899
0.69429502656 3.12695278761
0.380799978267 3.78392997018
0.380799978267 3.78392997018
0.380799978267 3.78392997018
0.478644712552 3.99033793849
0.478644712552 3.99033793849
0.478644712552 3.99033793849
0.478644712552 3.99033793849
0.01 3.98905891687
0.01 3.98905891687
0.01 3.98905891687
0.01 3.98905891687
0.01 3.98905891687
0.01 3.98905891687
0.01 3.98905891687
0.01 3.98905891687
0.01 3.98905891687
0.47258064656 3.98430778108
0.47258064656 3.98430778108
0.47258064656 3.98430778108
0.47258064656 3.98430778108
0.47258064656 3.98430778108
0.01 3.98905891687
0.01 3.98905891687
0.01 3.98905891687
0.01 3.98905891687
0.0413566391769 3.9429285707
0.0413566391769 3.9429285707
0.0413566391769 3.9429285707
0.60333639871 3.73577454554
0.60333639871 3.73577454554
0.60333639871 3.73577454554
0.81973448012 2.36725454048
0.81973448012 2.36725454048
0.81973448012 2.36725454048
0.01 3.98905891687
0.01 3.98905891687
0.01 3.98905891687
0.01 3.98905891687
0.01 3.98905891687
0.01 3.98905891687
0.01 3.98905891687
0.01 3.98905891687
0.01 3.98905891687
0.01 3.98905891687
0.01 3.98905891687
0.01 3.98905891687
0.01 3.98905891687
0.01 3.98905891687
0.01 3.98905891687
0.01 3.98905891687
0.865446406388 2.30844393431
0.865446406388 2.30844393431
0.865446406388 2.30844393431
0.01 3.98905891687
0.0840051335024 3.8562193612
0.0840051335024 3.8562193612
0.0840051335024 3.8562193612
0.0840051335024 3.8562193612
0.0840051335024 3.8562193612
0.0840051335024 3.8562193612
0.0840051335024 3.8562193612
0.758192444855 2.66592784355
0.758192444855 2.66592784355
0.758192444855 2.66592784355
0.01 3.98905891687
0.01 3.98905891687
0.01 3.98905891687
0.01 3.98905891687
0.01 3.98905891687
0.01 3.98905891687
0.01 3.98905891687
0.01 3.98905891687
0.01 3.98905891687
0.01 3.98905891687
0.01 3.98905891687
0.01 3.98905891687
0.01 3.98905891687
0.01 3.98905891687
0.01 3.98905891687
0.341045645283 3.68372205781
0.341045645283 3.68372205781
0.341045645283 3.68372205781
0.341045645283 3.68372205781
0.341045645283 3.68372205781
0.341045645283 3.68372205781
0.01 3.98905891687
0.01 3.98905891687
0.01 3.98905891687
0.01 3.98905891687
0.01 3.98905891687
0.01 3.98905891687
0.01 3.98905891687
0.01 3.98905891687
0.01 3.98905891687
0.01 3.98905891687
0.01 3.98905891687
0.01 3.98905891687
0.01 3.98905891687
0.01 3.98905891687
0.172891119652 3.65451517563
0.172891119652 3.65451517563
0.01 3.98905891687
0.01 3.98905891687
0.01 3.98905891687
0.01 3.98905891687
0.01 3.98905891687
0.01 3.98905891687
0.01 3.98905891687
0.01 3.98905891687
0.01 3.98905891687
0.01 3.98905891687
0.888517567899 2.34045362581
0.496322497839 3.99970191603
0.496322497839 3.99970191603
0.758347266004 2.66493628164
0.758347266004 2.66493628164
0.758347266004 2.66493628164
0.867895447748 2.30984817023
0.867895447748 2.30984817023
0.867895447748 2.30984817023
0.114177843186 3.78533271698
0.114177843186 3.78533271698
0.114177843186 3.78533271698
0.114177843186 3.78533271698
0.114177843186 3.78533271698
0.114177843186 3.78533271698
0.114177843186 3.78533271698
0.01 3.98905891687
0.01 3.98905891687
0.01 3.98905891687
0.01 3.98905891687
0.01 3.98905891687
0.0314812866174 3.95931453124
0.0314812866174 3.95931453124
0.0314812866174 3.95931453124
0.0314812866174 3.95931453124
0.0314812866174 3.95931453124
0.0314812866174 3.95931453124
0.0314812866174 3.95931453124
0.01 3.98905891687
0.01 3.98905891687
0.01 3.98905891687
