0.892912333029 2.35128439292
0.892912333029 2.35128439292
0.0259415651028 3.96777889226
0.0259415651028 3.96777889226
0.313875398567 3.6288861148
0.313875398567 3.6288861148
0.0428530466038 3.94030615467
0.0428530466038 3.94030615467
0.150458607757 3.70083483503
0.150458607757 3.70083483503
0.961644484459 2.69825032394
0.961644484459 2.69825032394
0.454331665326 3.95856182773
0.454331665326 3.95856182773
0.225830950327 3.58254649751
0.225830950327 3.58254649751
0.0972663704682 3.82554239893
0.0972663704682 3.82554239893
0.940725467507 2.5606511521
0.940725467507 2.5606511521
0.865670776981 2.30855286071
0.865670776981 2.30855286071
0.313158729551 3.62765504911
0.313158729551 3.62765504911
0.313158729551 3.62765504911
0.313158729551 3.62765504911
0.759691001657 2.6563697402
0.759691001657 2.6563697402
0.0266913384631 3.96666478432
0.0266913384631 3.96666478432
0.267200808464 3.57683271849
0.267200808464 3.57683271849
0.267200808464 3.57683271849
0.267200808464 3.57683271849
0.661184413023 3.37296314121
0.661184413023 3.37296314121
0.985399286676 2.87942896267
0.985399286676 2.87942896267
0.47385160253 3.98568321129
0.47385160253 3.98568321129
0.345250519576 3.69344544718
0.345250519576 3.69344544718
0.200726434579 3.60880052562
0.200726434579 3.60880052562
0.929804280616 2.49895787069
0.929804280616 2.49895787069
0.0689608542652 3.8893082276
0.0689608542652 3.8893082276
0.129397682417 3.74910530794
0.129397682417 3.74910530794
0.78448398799 2.51271452966
0.78448398799 2.51271452966
0.540934671624 3.96024001257
0.540934671624 3.96024001257
0.235559632407 3.57681554527
0.235559632407 3.57681554527
0.235559632407 3.57681554527
0.195923963755 3.61555348646
0.195923963755 3.61555348646
0.974915885713 2.79674307391
0.974915885713 2.79674307391
0.486386004258 3.99600176197
0.486386004258 3.99600176197
0.634859649198 3.55261717756
0.634859649198 3.55261717756
0.626046289643 3.60781615289
0.626046289643 3.60781615289
0.595363413052 3.77528957689
0.595363413052 3.77528957689
0.573736729047 3.86694141507
0.573736729047 3.86694141507
0.467686528032 3.97847837457
0.467686528032 3.97847837457
0.809137263979 2.40267340717
0.809137263979 2.40267340717
0.0243081419556 3.97017147895
0.0243081419556 3.97017147895
0.625776499631 3.60946038555
0.625776499631 3.60946038555
0.404398578804 3.84665567924
0.404398578804 3.84665567924
0.608032582029 3.71113179689
0.608032582029 3.71113179689
0.468782653839 3.97985623452
0.468782653839 3.97985623452
0.174665853579 3.65116443513
0.174665853579 3.65116443513
0.757832108073 2.66823924932
0.757832108073 2.66823924932
0.073872916589 3.87874986007
0.073872916589 3.87874986007
0.649484182798 3.45523488469
0.649484182798 3.45523488469
0.762431566471 2.6391225773
0.762431566471 2.6391225773
0.160141748819 3.68001921465
0.160141748819 3.68001921465
0.160141748819 3.68001921465
0.160141748819 3.68001921465
0.743916909329 2.76106031519
0.743916909329 2.76106031519
0.184080289161 3.63431298345
0.184080289161 3.63431298345
0.300275024676 3.6076754334
0.300275024676 3.6076754334
0.300275024676 3.6076754334
0.903953265388 2.38503280188
0.903953265388 2.38503280188
0.247592230927 3.57340613746
0.247592230927 3.57340613746
0.639387304765 3.52319533777
0.639387304765 3.52319533777
0.503356969527 3.99974808913
0.503356969527 3.99974808913
0.578132176459 3.85020924944
0.578132176459 3.85020924944
0.503914654907 3.99965706884
0.503914654907 3.99965706884
0.832829240214 2.33435091873
0.832829240214 2.33435091873
0.391214428724 3.81177096098
0.391214428724 3.81177096098
0.0550938143729 3.9175671749
0.0550938143729 3.9175671749
0.0550938143729 3.9175671749
0.843749156913 2.31656391187
0.843749156913 2.31656391187
0.480823988422 3.99216872437
0.480823988422 3.99216872437
0.974126645504 2.79067913634
0.974126645504 2.79067913634
0.492851676966 3.99888192081
0.492851676966 3.99888192081
0.133376364087 3.73975847097
0.133376364087 3.73975847097
0.619428584986 3.64732585935
0.619428584986 3.64732585935
0.883632606495 2.33017961387
0.883632606495 2.33017961387
0.382933418687 3.78962747882
0.382933418687 3.78962747882
0.335260071376 3.67082760791
0.335260071376 3.67082760791
0.335260071376 3.67082760791
0.743366728808 2.76486055333
0.743366728808 2.76486055333
0.0699208248523 3.88726544705
0.0699208248523 3.88726544705
0.270655753055 3.57859953527
0.270655753055 3.57859953527
0.136009902763 3.73361802445
0.136009902763 3.73361802445
0.136009902763 3.73361802445
0.90574939435 2.39139363372
0.90574939435 2.39139363372
0.838886355619 2.32337590537
0.838886355619 2.32337590537
0.116581314636 3.77958658262
0.116581314636 3.77958658262
0.728381507041 2.87144406135
0.728381507041 2.87144406135
0.378889601768 3.77883717643
0.378889601768 3.77883717643
0.0618353312118 3.9041335482
0.0618353312118 3.9041335482
0.897949589446 2.36553062086
0.897949589446 2.36553062086
0.318729604148 3.6375398168
0.318729604148 3.6375398168
0.318729604148 3.6375398168
0.318729604148 3.6375398168
0.318729604148 3.6375398168
0.677793164763 3.25126040368
0.677793164763 3.25126040368
0.616661268177 3.66332504451
0.616661268177 3.66332504451
0.00552023161564 3.99419269708
0.00552023161564 3.99419269708
0.185702655316 3.6315753739
0.185702655316 3.6315753739
0.185702655316 3.6315753739
0.278982545323 3.58427847042
0.278982545323 3.58427847042
0.278982545323 3.58427847042
0.140952110498 3.72221500064
0.140952110498 3.72221500064
0.021405190903 3.97430577536
0.021405190903 3.97430577536
0.686888733709 3.18298928758
0.686888733709 3.18298928758
0.237442889665 3.57601009319
0.237442889665 3.57601009319
0.664971296641 3.34565348583
0.664971296641 3.34565348583
0.0850006606121 3.85395776138
0.0850006606121 3.85395776138
0.165211107583 3.66959333032
0.165211107583 3.66959333032
0.773883887104 2.57056149444
0.773883887104 2.57056149444
0.773883887104 2.57056149444
0.381474312766 3.78572985351
0.381474312766 3.78572985351
0.935653760394 2.53106728984
0.935653760394 2.53106728984
0.531953531548 3.97605918872
0.531953531548 3.97605918872
0.780679858399 2.5328093901
0.780679858399 2.5328093901
0.262689392874 3.57504968496
0.262689392874 3.57504968496
0.262689392874 3.57504968496
0.262689392874 3.57504968496
0.754640498617 2.6889279416
0.754640498617 2.6889279416
0.754640498617 2.6889279416
0.0664391961499 3.8946241472
0.0664391961499 3.8946241472
0.723682223545 2.90588730814
0.723682223545 2.90588730814
0.91853042314 2.44347886739
0.91853042314 2.44347886739
0.714588096035 2.97353019556
0.714588096035 2.97353019556
0.0859112319096 3.85188247682
0.0859112319096 3.85188247682
0.857711194456 2.30711653824
0.857711194456 2.30711653824
0.43063214589 3.91120045025
0.43063214589 3.91120045025
0.269063792357 3.57774226506
0.269063792357 3.57774226506
0.269063792357 3.57774226506
0.166112765501 3.66777673249
0.166112765501 3.66777673249
0.634520643868 3.55479202644
0.634520643868 3.55479202644
0.355399036161 3.71797968409
0.355399036161 3.71797968409
0.0194383040074 3.97702045255
0.0194383040074 3.97702045255
0.636452886241 3.54234287625
0.636452886241 3.54234287625
0.0774340094722 3.87093923776
0.0774340094722 3.87093923776
0.920662932141 2.453305436
0.920662932141 2.453305436
0.344581652538 3.69188006457
0.344581652538 3.69188006457
0.985782368073 2.88251968607
0.985782368073 2.88251968607
0.358887212365 3.72671388823
0.358887212365 3.72671388823
0.358887212365 3.72671388823
0.358887212365 3.72671388823
0.358887212365 3.72671388823
0.358887212365 3.72671388823
0.996877537423 2.9737900698
0.996877537423 2.9737900698
0.352421976443 3.71063946422
0.352421976443 3.71063946422
0.292959639704 3.59823605347
0.292959639704 3.59823605347
0.287627240501 3.59226814361
0.287627240501 3.59226814361
0.213283332582 3.59368936507
0.213283332582 3.59368936507
0.213283332582 3.59368936507
0.962755858807 2.70619698976
0.962755858807 2.70619698976
0.962755858807 2.70619698976
0.16686308091 3.66627412408
0.16686308091 3.66627412408
0.674738808984 3.27397781516
0.674738808984 3.27397781516
0.163408010324 3.67326103928
0.163408010324 3.67326103928
0.163408010324 3.67326103928
0.615468887392 3.6701208359
0.615468887392 3.6701208359
0.87908422335 2.32229571248
0.87908422335 2.32229571248
0.0350662715913 3.9535544331
0.0350662715913 3.9535544331
0.819718957625 2.36730079471
0.819718957625 2.36730079471
0.390462449257 3.80976204712
0.390462449257 3.80976204712
0.331611867453 3.66300815383
0.331611867453 3.66300815383
0.780675024778 2.53283540818
0.780675024778 2.53283540818
0.54760604964 3.94579905566
0.54760604964 3.94579905566
0.319958074753 3.63981511818
0.319958074753 3.63981511818
0.319958074753 3.63981511818
0.0484445774187 3.93019715473
0.0484445774187 3.93019715473
0.214704673045 3.59222244638
0.214704673045 3.59222244638
0.127533751962 3.75350866244
0.127533751962 3.75350866244
0.065340951504 3.89691606877
0.065340951504 3.89691606877
0.065340951504 3.89691606877
0.956237680519 2.66044946564
0.956237680519 2.66044946564
0.102234616723 3.81380869339
0.102234616723 3.81380869339
0.587801845719 3.80996894155
0.587801845719 3.80996894155
0.105179531542 3.80681305886
0.105179531542 3.80681305886
0.720707739315 2.92788372206
0.720707739315 2.92788372206
0.307668696789 3.61863489119
0.307668696789 3.61863489119
0.802939885833 2.42683798642
0.802939885833 2.42683798642
0.231980307809 3.57862019782
0.231980307809 3.57862019782
0.746004060959 2.7467270215
0.746004060959 2.7467270215
0.399199517328 3.83300089304
0.399199517328 3.83300089304
0.829353681608 2.34187593582
0.829353681608 2.34187593582
0.373053459562 3.76336128202
0.373053459562 3.76336128202
0.682739497123 3.21423226233
0.682739497123 3.21423226233
0.315047006937 3.63092474681
0.315047006937 3.63092474681
0.315047006937 3.63092474681
0.820759569385 2.36423725523
0.820759569385 2.36423725523
0.863615907895 2.30770380429
0.863615907895 2.30770380429
0.109890228235 3.79558055731
0.109890228235 3.79558055731
0.109890228235 3.79558055731
0.906593745494 2.39446677243
0.906593745494 2.39446677243
0.1290029943 3.75003653433
0.1290029943 3.75003653433
0.1290029943 3.75003653433
0.985977756149 2.88409780819
0.985977756149 2.88409780819
0.319976929057 3.63985030202
0.319976929057 3.63985030202
0.319976929057 3.63985030202
0.21107436957 3.59606988165
0.21107436957 3.59606988165
0.88287079993 2.32874577478
0.88287079993 2.32874577478
0.167126067442 3.66574943165
0.167126067442 3.66574943165
0.734991873355 2.82374915947
0.734991873355 2.82374915947
0.147937380934 3.70642405639
0.147937380934 3.70642405639
0.0334258808727 3.95621722939
0.0334258808727 3.95621722939
0.0202496809589 3.97590911049
0.0202496809589 3.97590911049
0.637746954587 3.53393427665
0.637746954587 3.53393427665
0.74132702798 2.77902648897
0.74132702798 2.77902648897
0.954657282703 2.64967921098
0.954657282703 2.64967921098
0.257841644066 3.5737968304
0.257841644066 3.5737968304
0.257841644066 3.5737968304
0.0577539286673 3.91233908105
0.0577539286673 3.91233908105
0.236956538485 3.57620853462
0.236956538485 3.57620853462
0.0792810385079 3.86684021
0.0792810385079 3.86684021
0.729817617027 2.86100220752
0.729817617027 2.86100220752
0.230077866716 3.57972415746
0.230077866716 3.57972415746
0.764175401159 2.62830951593
0.764175401159 2.62830951593
0.356384290052 3.72043264324
0.356384290052 3.72043264324
0.783191082275 2.51945787633
0.783191082275 2.51945787633
0.765817664516 2.61824446228
0.765817664516 2.61824446228
0.826759964739 2.34806616392
0.826759964739 2.34806616392
0.826759964739 2.34806616392
0.826759964739 2.34806616392
0.286159064423 3.59076302628
0.286159064423 3.59076302628
0.283415005827 3.58811169174
0.283415005827 3.58811169174
0.498552201368 3.99995358776
0.952219288678 2.63332156097
0.952219288678 2.63332156097
0.670977054274 3.30177237145
0.670977054274 3.30177237145
0.998569670471 2.98796948062
0.998569670471 2.98796948062
0.834001947434 2.33201266394
0.834001947434 2.33201266394
0.426792799162 3.90237987475
0.426792799162 3.90237987475
0.0821986472046 3.86030302301
0.0821986472046 3.86030302301
0.39315058917 3.81693799703
0.39315058917 3.81693799703
0.326171899495 3.65182986428
0.326171899495 3.65182986428
0.684649997254 3.1998642049
0.684649997254 3.1998642049
0.691238031582 3.150112265
0.691238031582 3.150112265
0.82525516052 2.35188033444
0.82525516052 2.35188033444
0.225185711625 3.58301813804
0.225185711625 3.58301813804
0.225185711625 3.58301813804
0.0275961672562 3.96530705472
0.0275961672562 3.96530705472
0.695026136335 3.12141006559
0.695026136335 3.12141006559
0.688727496036 3.1691028958
0.688727496036 3.1691028958
0.230239046119 3.57962675752
0.230239046119 3.57962675752
0.230239046119 3.57962675752
0.811795000877 2.39307828474
0.811795000877 2.39307828474
0.0679855921505 3.89137288382
0.0679855921505 3.89137288382
0.568127942496 3.88685472434
0.568127942496 3.88685472434
0.792624084575 2.47237956586
0.792624084575 2.47237956586
0.676292704064 3.26243594556
0.676292704064 3.26243594556
0.25699984114 3.57364929409
0.25699984114 3.57364929409
0.25699984114 3.57364929409
0.999602810251 2.99665526015
0.999602810251 2.99665526015
0.888060758126 2.33941389124
0.888060758126 2.33941389124
0.725337488869 2.89370948919
0.725337488869 2.89370948919
0.0334832649798 3.9561248489
0.0334832649798 3.9561248489
0.452041761908 3.95460471376
0.452041761908 3.95460471376
0.236633440728 3.57634405208
0.236633440728 3.57634405208
0.236633440728 3.57634405208
0.236633440728 3.57634405208
0.174159064877 3.65211590007
0.174159064877 3.65211590007
0.965504412626 2.7260979268
0.965504412626 2.7260979268
0.335048978263 3.67036838442
0.335048978263 3.67036838442
0.335048978263 3.67036838442
0.680493696341 3.2310774078
0.680493696341 3.2310774078
0.0278917749258 3.96486036093
0.0278917749258 3.96486036093
0.663309333887 3.3576756748
0.663309333887 3.3576756748
0.804349390559 2.42112547651
0.804349390559 2.42112547651
0.412724446064 3.86807369479
0.412724446064 3.86807369479
0.994839732705 2.95679593149
0.994839732705 2.95679593149
0.461959232166 3.97062638348
0.461959232166 3.97062638348
0.56920325433 3.8831625529
0.56920325433 3.8831625529
0.985627384855 2.88126873284
0.985627384855 2.88126873284
0.230013737169 3.57976310934
0.230013737169 3.57976310934
0.713336257414 2.98292214865
0.713336257414 2.98292214865
0.16832806876 3.66336449772
0.16832806876 3.66336449772
0.928785619616 2.49359308634
0.928785619616 2.49359308634
0.417194259595 3.87926985347
0.417194259595 3.87926985347
0.388417168561 3.804294007
0.388417168561 3.804294007
0.361724997416 3.73391627825
0.361724997416 3.73391627825
0.281371211455 3.58627488532
0.281371211455 3.58627488532
0.922665378166 2.46282017231
0.922665378166 2.46282017231
0.319105883423 3.63823314251
0.319105883423 3.63823314251
0.815657460252 2.37997724377
0.815657460252 2.37997724377
0.815657460252 2.37997724377
0.819328935434 2.36846850721
0.819328935434 2.36846850721
0.819328935434 2.36846850721
0.558022897686 3.91862086035
0.558022897686 3.91862086035
0.317017585169 3.63442578073
0.317017585169 3.63442578073
0.317017585169 3.63442578073
0.281284062604 3.58619919365
0.281284062604 3.58619919365
0.218253703182 3.58878458337
0.218253703182 3.58878458337
0.0242560861163 3.97024694678
0.0242560861163 3.97024694678
0.618592524605 3.65219272778
0.618592524605 3.65219272778
0.955127031711 2.65286697132
0.955127031711 2.65286697132
0.517396913745 3.99306083288
0.517396913745 3.99306083288
0.477995143979 3.98975727226
0.477995143979 3.98975727226
0.946888948298 2.59868314222
0.946888948298 2.59868314222
0.594961145542 3.77720395018
0.594961145542 3.77720395018
0.5833517103 3.82906879056
0.5833517103 3.82906879056
0.982868337534 2.85912429833
0.982868337534 2.85912429833
0.748540121898 2.7294945749
0.748540121898 2.7294945749
0.367692543367 3.74930643321
0.367692543367 3.74930643321
0.0578075300217 3.91223274405
0.0578075300217 3.91223274405
0.0401403237975 3.9450336919
0.0401403237975 3.9450336919
0.0401403237975 3.9450336919
0.484991047665 3.99515579584
0.484991047665 3.99515579584
0.0842066862063 3.85576210881
0.0842066862063 3.85576210881
0.971975586607 2.77427694352
0.971975586607 2.77427694352
0.64406353776 3.49210557025
0.64406353776 3.49210557025
0.663356313423 3.35733661113
0.663356313423 3.35733661113
0.929044126948 2.49494804395
0.929044126948 2.49494804395
0.692934304545 3.1372652412
0.692934304545 3.1372652412
0.409396262313 3.8595905841
0.409396262313 3.8595905841
0.409396262313 3.8595905841
0.409396262313 3.8595905841
0.409396262313 3.8595905841
0.0305367478483 3.96079553731
0.0305367478483 3.96079553731
0.207107030242 3.60064780653
0.207107030242 3.60064780653
0.207107030242 3.60064780653
0.783161236737 2.51961459806
0.783161236737 2.51961459806
0.448575230291 3.9483376493
0.448575230291 3.9483376493
0.883952432553 2.33079514644
0.883952432553 2.33079514644
0.756524139915 2.67667128239
0.756524139915 2.67667128239
0.0493698249842 3.92847839839
0.0493698249842 3.92847839839
0.32569482817 3.65087825355
0.32569482817 3.65087825355
0.737019873434 2.80931933861
0.737019873434 2.80931933861
0.430697831121 3.91134900221
0.430697831121 3.91134900221
0.0392260644684 3.94660026902
0.0392260644684 3.94660026902
0.904874583317 2.3882655211
0.904874583317 2.3882655211
0.827280923582 2.34678371619
0.827280923582 2.34678371619
0.0333173870067 3.95639173653
0.0333173870067 3.95639173653
0.563498648682 3.90206608227
0.563498648682 3.90206608227
0.0492333292666 3.92873275913
0.0492333292666 3.92873275913
0.197375535009 3.6134581043
0.197375535009 3.6134581043
0.375612136387 3.77012804903
0.262473749796 3.574979349
0.262473749796 3.574979349
0.901107687738 2.37544997936
0.901107687738 2.37544997936
0.558463177617 3.91734751483
0.558463177617 3.91734751483
0.127604827522 3.75334050127
0.127604827522 3.75334050127
0.873869224417 2.31526283393
0.873869224417 2.31526283393
0.201073179377 3.60833309744
0.201073179377 3.60833309744
0.660329217249 3.37908817488
0.660329217249 3.37908817488
0.74987701026 2.72049485866
0.74987701026 2.72049485866
0.386003814874 3.79783815201
0.386003814874 3.79783815201
0.386003814874 3.79783815201
0.309013468019 3.62077632226
0.309013468019 3.62077632226
0.156440983269 3.68784399115
0.156440983269 3.68784399115
0.827888558313 2.34531268817
0.827888558313 2.34531268817
0.142315219095 3.71910125575
0.142315219095 3.71910125575
0.142315219095 3.71910125575
0.0926980924573 3.83623183773
0.0926980924573 3.83623183773
0.174598459506 3.65129071404
0.174598459506 3.65129071404
0.856920257522 2.3072460606
0.856920257522 2.3072460606
0.169827478136 3.66042039408
0.169827478136 3.66042039408
0.0372948358864 3.94986446635
0.0372948358864 3.94986446635
0.142183596399 3.71940128254
0.142183596399 3.71940128254
0.905152026258 2.38925142013
0.905152026258 2.38925142013
0.180860044596 3.63989567774
0.180860044596 3.63989567774
0.180860044596 3.63989567774
0.149525859798 3.70289519263
0.149525859798 3.70289519263
0.00951595170389 3.98963174686
0.00951595170389 3.98963174686
0.692881685362 3.13766391575
0.692881685362 3.13766391575
0.0329401167145 3.95699699766
0.0329401167145 3.95699699766
0.890678163493 2.34559122199
0.890678163493 2.34559122199
0.747687407688 2.73526567506
0.747687407688 2.73526567506
0.451333638551 3.95335119789
0.451333638551 3.95335119789
0.109120737795 3.79741798638
0.109120737795 3.79741798638
0.147337222249 3.70776371456
0.147337222249 3.70776371456
0.190229887869 3.62421192155
0.190229887869 3.62421192155
0.190229887869 3.62421192155
0.972006480574 2.77451119834
0.972006480574 2.77451119834
0.461790530271 3.97037892451
0.461790530271 3.97037892451
0.101470675463 3.81561903716
0.101470675463 3.81561903716
0.0851758476219 3.85355898245
0.0851758476219 3.85355898245
0.672595476348 3.28984098012
0.672595476348 3.28984098012
0.377423225146 3.7749356213
0.377423225146 3.7749356213
0.146982496431 3.70855712944
0.146982496431 3.70855712944
0.146982496431 3.70855712944
0.988979658877 2.90848527933
0.988979658877 2.90848527933
0.339798526568 3.68089361074
0.339798526568 3.68089361074
0.987212092162 2.89409379835
0.987212092162 2.89409379835
0.463814220348 3.97328724442
0.463814220348 3.97328724442
0.214318832555 3.59261560593
0.214318832555 3.59261560593
0.214318832555 3.59261560593
0.889833140791 2.3435386924
0.889833140791 2.3435386924
0.615996770394 3.66711959183
0.615996770394 3.66711959183
0.171528117643 3.65712377753
0.171528117643 3.65712377753
0.720277906799 2.9310735531
0.720277906799 2.9310735531
0.540202533561 3.96168457079
0.540202533561 3.96168457079
0.773175083497 2.5746302259
0.773175083497 2.5746302259
0.257201718547 3.57368278781
0.257201718547 3.57368278781
0.257201718547 3.57368278781
0.257201718547 3.57368278781
0.0201677545898 3.97602186835
0.0201677545898 3.97602186835
0.933638425129 2.51975683424
0.933638425129 2.51975683424
0.604754175608 3.72843983938
0.604754175608 3.72843983938
0.384967890695 3.79506709581
0.384967890695 3.79506709581
0.725238087171 2.89443944281
0.725238087171 2.89443944281
0.561852604255 3.90720664862
0.561852604255 3.90720664862
0.542551676131 3.95695148796
0.542551676131 3.95695148796
0.309075391365 3.62087600446
0.309075391365 3.62087600446
0.225761930166 3.58259641193
0.225761930166 3.58259641193
0.825996304226 2.34998143989
0.825996304226 2.34998143989
0.225756711398 3.5826001913
0.225756711398 3.5826001913
0.164057960729 3.67193366213
0.164057960729 3.67193366213
0.803536787424 2.42440346168
0.803536787424 2.42440346168
0.682957266304 3.21259618148
0.682957266304 3.21259618148
0.973445419686 2.78546471354
0.973445419686 2.78546471354
0.925098995459 2.47475385561
0.925098995459 2.47475385561
0.103455967102 3.81091045883
0.103455967102 3.81091045883
0.771451970591 2.5846211399
0.771451970591 2.5846211399
0.495212447217 3.99949596897
0.495212447217 3.99949596897
0.284022483588 3.58868040063
0.284022483588 3.58868040063
0.856076229001 2.30743836994
0.856076229001 2.30743836994
0.703981503999 3.05351145635
0.703981503999 3.05351145635
0.0341206660577 3.95509496256
0.0341206660577 3.95509496256
0.244947121305 3.57380023613
0.244947121305 3.57380023613
0.244947121305 3.57380023613
0.678683044375 3.24461915197
0.678683044375 3.24461915197
0.0517025616557 3.92408881163
0.0517025616557 3.92408881163
0.0517025616557 3.92408881163
0.82468199214 2.35337585462
0.82468199214 2.35337585462
0.426518113919 3.90173877629
0.426518113919 3.90173877629
0.714561593948 2.97372885826
0.714561593948 2.97372885826
0.595518491456 3.7745495045
0.595518491456 3.7745495045
0.181985177946 3.63792297668
0.181985177946 3.63792297668
0.826688327454 2.3482440459
0.826688327454 2.3482440459
0.0908528677616 3.8405166521
0.0908528677616 3.8405166521
0.752537395668 2.7027662465
0.752537395668 2.7027662465
0.752537395668 2.7027662465
0.922739995736 2.46318006115
0.922739995736 2.46318006115
0.758968128349 2.6609693403
0.758968128349 2.6609693403
0.184635584048 3.63337022634
0.184635584048 3.63337022634
0.305081493855 3.61464176199
0.305081493855 3.61464176199
0.950296003342 2.62064246529
0.950296003342 2.62064246529
0.476367657879 3.98823283279
0.476367657879 3.98823283279
0.670249234668 3.30712416151
0.670249234668 3.30712416151
0.240166196739 3.57502258669
0.240166196739 3.57502258669
0.503465233448 3.99973152235
0.269175264063 3.57779989265
0.691375626596 3.14907057999
0.691375626596 3.14907057999
0.895290736171 2.35776835037
0.895290736171 2.35776835037
0.725886169542 2.88968344977
0.725886169542 2.88968344977
0.48266969139 3.99357594643
0.48266969139 3.99357594643
0.964271660377 2.71712904775
0.964271660377 2.71712904775
0.247703860319 3.57339394915
0.247703860319 3.57339394915
0.231914865969 3.57865651154
0.231914865969 3.57865651154
0.00265153461051 3.9972822101
0.00265153461051 3.9972822101
0.541894367207 3.95830456473
0.541894367207 3.95830456473
0.0692385530021 3.88871835768
0.0692385530021 3.88871835768
0.365804537543 3.74440475619
0.365804537543 3.74440475619
0.256986167757 3.57364706859
0.256986167757 3.57364706859
0.892155339076 2.34931215957
0.892155339076 2.34931215957
0.672469071319 3.29077435964
0.672469071319 3.29077435964
0.141511373171 3.72093572203
0.141511373171 3.72093572203
0.557321614032 3.92062819061
0.557321614032 3.92062819061
0.629780642557 3.58477451765
0.629780642557 3.58477451765
0.159551095199 3.68125645796
0.159551095199 3.68125645796
0.281028115092 3.58597814181
0.281028115092 3.58597814181
0.281028115092 3.58597814181
0.223751527508 3.58410654317
0.223751527508 3.58410654317
0.227188987953 3.58159059426
0.227188987953 3.58159059426
0.227188987953 3.58159059426
0.72621973584 2.8872385143
0.72621973584 2.8872385143
0.255688577307 3.57346072451
0.255688577307 3.57346072451
0.255688577307 3.57346072451
0.255688577307 3.57346072451
0.682128734174 3.21881845188
0.682128734174 3.21881845188
0.523187388102 3.98755645621
0.523187388102 3.98755645621
0.921570270526 2.45758239944
0.921570270526 2.45758239944
0.82620691491 2.34944903118
0.82620691491 2.34944903118
0.411683185512 3.86543215212
0.411683185512 3.86543215212
0.249939441198 3.5732258424
0.249939441198 3.5732258424
0.745316747369 2.75143233243
0.745316747369 2.75143233243
0.372692625571 3.76240971593
0.372692625571 3.76240971593
0.779235756741 2.5406363717
0.779235756741 2.5406363717
0.759923059183 2.65489757192
0.759923059183 2.65489757192
0.247435721737 3.57342383287
0.247435721737 3.57342383287
0.0536216316111 3.92041836985
0.0536216316111 3.92041836985
0.189186097015 3.62587288122
0.189186097015 3.62587288122
0.936450791226 2.53561105343
0.936450791226 2.53561105343
0.741456750328 2.77812199833
0.741456750328 2.77812199833
0.465024956183 3.97496376326
0.465024956183 3.97496376326
0.457178306868 3.96326985281
0.457178306868 3.96326985281
0.875613582239 2.31737620888
0.875613582239 2.31737620888
0.57623731521 3.85754315682
0.57623731521 3.85754315682
0.757964813676 2.66738741424
0.757964813676 2.66738741424
0.346649946502 3.69674261598
0.346649946502 3.69674261598
0.630762846647 3.57862809612
0.630762846647 3.57862809612
0.253825253223 3.5732791143
0.253825253223 3.5732791143
0.145715191738 3.71140123463
0.145715191738 3.71140123463
0.756917707097 2.67412721034
0.756917707097 2.67412721034
0.523177039066 3.98756776311
0.523177039066 3.98756776311
0.677573799606 3.25289604772
0.677573799606 3.25289604772
0.111829449107 3.79094707693
0.111829449107 3.79094707693
0.341797217214 3.68543911724
0.341797217214 3.68543911724
0.341797217214 3.68543911724
0.767542328772 2.60780076655
0.767542328772 2.60780076655
0.504744870787 3.99949538451
0.504744870787 3.99949538451
0.446726764031 3.9448647178
0.446726764031 3.9448647178
0.236824211486 3.57626368112
0.236824211486 3.57626368112
0.801439883248 2.43305491036
0.801439883248 2.43305491036
0.874553445567 2.31606313834
0.874553445567 2.31606313834
0.45241715949 3.95526357776
0.45241715949 3.95526357776
0.424096316027 3.89603155414
0.424096316027 3.89603155414
0.827641226943 2.34590822933
0.827641226943 2.34590822933
0.868230012785 2.31007681457
0.868230012785 2.31007681457
0.246961799389 3.57348173473
0.246961799389 3.57348173473
0.979431967723 2.83189284791
0.979431967723 2.83189284791
0.216891066067 3.59006625926
0.216891066067 3.59006625926
0.216891066067 3.59006625926
0.216891066067 3.59006625926
0.637718185343 3.534121825
0.637718185343 3.534121825
0.293388238574 3.59874952002
0.293388238574 3.59874952002
0.0849625920638 3.85404438579
0.0849625920638 3.85404438579
0.0849625920638 3.85404438579
0.0276759711491 3.9651866141
0.0276759711491 3.9651866141
0.117007232338 3.77856859482
0.117007232338 3.77856859482
0.183314010161 3.63562365985
0.183314010161 3.63562365985
0.669185495139 3.31492993542
0.669185495139 3.31492993542
0.986778490722 2.89057722067
0.986778490722 2.89057722067
0.777360315665 2.55096036717
0.777360315665 2.55096036717
0.444842364552 3.94123386076
0.444842364552 3.94123386076
0.702588400391 3.06406522502
0.702588400391 3.06406522502
0.65269210917 3.43302375882
0.65269210917 3.43302375882
0.097296821415 3.82547079553
0.097296821415 3.82547079553
0.816359510076 2.37770479424
0.816359510076 2.37770479424
0.562162808118 3.90624866496
0.562162808118 3.90624866496
0.0232232092332 3.97173433013
0.0232232092332 3.97173433013
0.0232232092332 3.97173433013
0.0501079894734 3.92709803092
0.0501079894734 3.92709803092
0.0322703954305 3.95806545993
0.0322703954305 3.95806545993
0.614098278484 3.67785849297
0.614098278484 3.67785849297
0.972591056032 2.778951067
0.972591056032 2.778951067
0.535512720203 3.97028389644
0.535512720203 3.97028389644
0.176192283075 3.64832500117
0.176192283075 3.64832500117
0.903219170885 2.3825024495
0.903219170885 2.3825024495
0.665536955868 3.3415490642
0.665536955868 3.3415490642
0.862618969675 2.30741195106
0.862618969675 2.30741195106
0.258425499392 3.57391132356
0.258425499392 3.57391132356
0.237131979669 3.57613618161
0.237131979669 3.57613618161
0.992210212358 2.93501009402
0.992210212358 2.93501009402
0.674889879858 3.27285717941
0.674889879858 3.27285717941
0.296115114598 3.60213254814
0.296115114598 3.60213254814
0.0751302177525 3.87600653225
0.0751302177525 3.87600653225
0.993036255379 2.94183582073
0.993036255379 2.94183582073
0.563207238795 3.9029864139
0.563207238795 3.9029864139
0.619343029293 3.64782520588
0.619343029293 3.64782520588
0.3039451848 3.61294133789
0.3039451848 3.61294133789
0.0838766726374 3.85651062579
0.0838766726374 3.85651062579
0.316593336025 3.63366445495
0.316593336025 3.63366445495
0.316593336025 3.63366445495
0.12304534458 3.76416227388
0.12304534458 3.76416227388
0.192086367056 3.62131346322
0.192086367056 3.62131346322
0.697498332928 3.10266176869
0.697498332928 3.10266176869
0.0252505156434 3.96879691444
0.0252505156434 3.96879691444
0.320138176218 3.64015152702
0.320138176218 3.64015152702
0.111760221449 3.79111254206
0.111760221449 3.79111254206
0.111760221449 3.79111254206
0.111760221449 3.79111254206
0.840927352547 2.32029821902
0.840927352547 2.32029821902
0.0373911988224 3.94970304836
0.0373911988224 3.94970304836
0.374830520316 3.76805758191
0.374830520316 3.76805758191
0.697466801947 3.10290092116
0.697466801947 3.10290092116
0.161416119167 3.67736535838
0.161416119167 3.67736535838
0.838580181198 2.32386473539
0.838580181198 2.32386473539
0.00757879666076 3.99188032165
0.00757879666076 3.99188032165
0.11021464412 3.79480567737
0.11021464412 3.79480567737
0.600573400937 3.74980389569
0.600573400937 3.74980389569
0.823799112823 2.35572539708
0.823799112823 2.35572539708
0.348148075333 3.70030453531
0.348148075333 3.70030453531
0.348148075333 3.70030453531
0.77003718594 2.59292836334
0.77003718594 2.59292836334
0.011814316711 3.98687290749
0.011814316711 3.98687290749
0.445047088705 3.94163265899
0.445047088705 3.94163265899
0.980472615727 2.84009690532
0.980472615727 2.84009690532
0.239411324396 3.57527524131
0.239411324396 3.57527524131
0.239411324396 3.57527524131
0.239411324396 3.57527524131
0.239411324396 3.57527524131
0.951517833153 2.62867400188
0.951517833153 2.62867400188
0.314078534496 3.62923726344
0.314078534496 3.62923726344
0.0671259355356 3.89318373586
0.0671259355356 3.89318373586
0.733270182978 2.83607757017
0.733270182978 2.83607757017
0.541120238997 3.95986948217
0.541120238997 3.95986948217
0.438865169916 3.92914468952
0.438865169916 3.92914468952
0.896340247684 2.36076769728
0.896340247684 2.36076769728
0.522773415799 3.98800461447
0.522773415799 3.98800461447
0.238057188298 3.57576899197
0.238057188298 3.57576899197
0.374010490791 3.76588847122
0.153956224488 3.69319089622
0.153956224488 3.69319089622
0.88755765479 2.33828760401
0.88755765479 2.33828760401
0.00142928966534 3.99855145733
0.00142928966534 3.99855145733
0.921587512048 2.45766422312
0.921587512048 2.45766422312
0.921587512048 2.45766422312
0.850957365309 2.30979729078
0.850957365309 2.30979729078
0.582237711345 3.83369575347
0.582237711345 3.83369575347
0.8509639415 2.30979295088
0.8509639415 2.30979295088
0.64948073816 3.45525858336
0.64948073816 3.45525858336
0.853822969318 2.30822485088
0.853822969318 2.30822485088
0.731818831336 2.84652326995
0.731818831336 2.84652326995
0.207592800343 3.6000666795
0.207592800343 3.6000666795
0.193788890879 3.61871910152
0.193788890879 3.61871910152
0.0148541938172 3.9830730428
0.0148541938172 3.9830730428
0.00619321173282 3.99344549793
0.00619321173282 3.99344549793
0.365031945319 3.74240720618
0.365031945319 3.74240720618
0.147069156831 3.70836318707
0.147069156831 3.70836318707
0.960104464255 2.68733657323
0.960104464255 2.68733657323
0.819541723865 2.36783011127
0.819541723865 2.36783011127
0.493470084824 3.99906577585
0.493470084824 3.99906577585
0.292195057716 3.59733247322
0.292195057716 3.59733247322
0.265608475917 3.57613551715
0.265608475917 3.57613551715
0.0450876248494 3.93632424001
0.0450876248494 3.93632424001
0.792814987434 2.47147886637
0.792814987434 2.47147886637
0.318091185966 3.63637079067
0.318091185966 3.63637079067
0.870878259316 2.31219900533
0.870878259316 2.31219900533
0.63201821722 3.57072121516
0.63201821722 3.57072121516
0.0470665958506 3.93273304378
0.0470665958506 3.93273304378
0.230729663965 3.57933468154
0.230729663965 3.57933468154
0.909991091868 2.40736399485
0.909991091868 2.40736399485
0.217671308629 3.58932650172
0.217671308629 3.58932650172
0.867194485629 2.30939782345
0.867194485629 2.30939782345
0.690484046544 3.15581895615
0.690484046544 3.15581895615
0.762208017926 2.64051793169
0.762208017926 2.64051793169
0.740328279322 2.7860060807
0.740328279322 2.7860060807
0.329108320584 3.65779011258
0.329108320584 3.65779011258
0.329108320584 3.65779011258
0.242981094573 3.57422366017
0.242981094573 3.57422366017
0.226061346327 3.58238080969
0.226061346327 3.58238080969
0.974656043106 2.79474396265
0.974656043106 2.79474396265
0.161131739145 3.6779557107
0.161131739145 3.6779557107
0.166872206337 3.66625590043
0.166872206337 3.66625590043
0.166872206337 3.66625590043
0.830286104253 2.33977018095
0.830286104253 2.33977018095
0.468352799268 3.97932079261
0.468352799268 3.97932079261
0.619320148649 3.64795869843
0.619320148649 3.64795869843
0.812173349155 2.39175055624
0.812173349155 2.39175055624
0.994786796687 2.9563557246
0.879218187785 2.32250464772
0.879218187785 2.32250464772
0.359149495786 3.72737608205
0.359149495786 3.72737608205
0.837501755121 2.32564271727
0.837501755121 2.32564271727
0.127675228291 3.7531739555
0.127675228291 3.7531739555
0.303198696043 3.6118421722
0.303198696043 3.6118421722
0.303198696043 3.6118421722
0.140438244247 3.7233925429
0.140438244247 3.7233925429
0.743614220402 2.7631499522
0.743614220402 2.7631499522
0.663869075797 3.35363291482
0.663869075797 3.35363291482
0.498336361135 3.99993874465
0.498336361135 3.99993874465
0.23939661743 3.57528032451
0.23939661743 3.57528032451
0.23939661743 3.57528032451
0.827445599352 2.34638241178
0.827445599352 2.34638241178
0.641266414562 3.510785389
0.641266414562 3.510785389
0.687414651288 3.17901977286
0.687414651288 3.17901977286
0.389385895248 3.80688449902
0.389385895248 3.80688449902
0.389385895248 3.80688449902
0.191102381195 3.62284078236
0.191102381195 3.62284078236
0.657657149532 3.39811921118
0.657657149532 3.39811921118
0.751571973824 2.70917142354
0.751571973824 2.70917142354
0.169322713558 3.66140762177
0.169322713558 3.66140762177
0.24780603063 3.57338310959
0.24780603063 3.57338310959
0.24780603063 3.57338310959
0.243295673486 3.574148453
0.243295673486 3.574148453
0.204278503812 3.6041438054
0.204278503812 3.6041438054
0.204278503812 3.6041438054
0.204278503812 3.6041438054
0.204278503812 3.6041438054
0.204278503812 3.6041438054
0.0169865721546 3.98030557005
0.0169865721546 3.98030557005
0.601919402194 3.74301340615
0.601919402194 3.74301340615
0.454028821452 3.95804705648
0.454028821452 3.95804705648
0.454028821452 3.95804705648
0.596959369298 3.76761861606
0.596959369298 3.76761861606
0.538665677736 3.96462704466
0.538665677736 3.96462704466
0.563042012403 3.90350627133
0.563042012403 3.90350627133
0.586853082064 3.81412326968
0.586853082064 3.81412326968
0.620530546897 3.64086769336
0.620530546897 3.64086769336
0.379006818256 3.77914935868
0.379006818256 3.77914935868
0.847909073315 2.31216988326
0.847909073315 2.31216988326
0.560246805404 3.91208565848
0.560246805404 3.91208565848
0.626496192079 3.6050680367
0.626496192079 3.6050680367
0.771586221351 2.58383769895
0.771586221351 2.58383769895
0.43247602388 3.91533908235
0.43247602388 3.91533908235
0.587254937081 3.81236909456
0.587254937081 3.81236909456
0.357433081756 3.72305613764
0.357433081756 3.72305613764
0.741574906169 2.77729856993
0.741574906169 2.77729856993
0.606129169128 3.72123943345
0.606129169128 3.72123943345
0.188117911537 3.62759566629
0.188117911537 3.62759566629
0.0496826929952 3.92789432144
0.0496826929952 3.92789432144
0.0496826929952 3.92789432144
0.166941486804 3.66611758637
0.166941486804 3.66611758637
0.136362097799 3.73279998459
0.136362097799 3.73279998459
0.929418720433 2.49691928192
0.929418720433 2.49691928192
0.781343853457 2.52924685771
0.781343853457 2.52924685771
0.658521786082 3.39197914521
0.658521786082 3.39197914521
0.282446947924 3.58722693858
0.282446947924 3.58722693858
0.919989820978 2.45016947427
0.919989820978 2.45016947427
0.409145944661 3.85894802049
0.409145944661 3.85894802049
0.389404216787 3.80693348378
0.389404216787 3.80693348378
0.86491166951 2.30820036556
0.86491166951 2.30820036556
0.340317442623 3.68206733078
0.340317442623 3.68206733078
0.761319118107 2.64608667756
0.761319118107 2.64608667756
0.426529873475 3.90176624891
0.426529873475 3.90176624891
0.426529873475 3.90176624891
0.954412301284 2.64802131904
0.954412301284 2.64802131904
0.765589835873 2.61963382085
0.765589835873 2.61963382085
0.243965863207 3.57399769446
0.22046320721 3.58680891964
0.22046320721 3.58680891964
0.921214100469 2.45589670756
0.921214100469 2.45589670756
0.462724025031 3.97173683087
0.462724025031 3.97173683087
0.893335358966 2.35240578917
0.893335358966 2.35240578917
0.637092076077 3.53819659854
0.637092076077 3.53819659854
0.860921229105 2.3070952904
0.860921229105 2.3070952904
0.860921229105 2.3070952904
0.143889166037 3.71552448101
0.143889166037 3.71552448101
0.176120669148 3.64845732296
0.176120669148 3.64845732296
0.982521921545 2.85636114575
0.982521921545 2.85636114575
0.26867068394 3.57754192635
0.26867068394 3.57754192635
0.26867068394 3.57754192635
0.24179115224 3.57453377587
0.24179115224 3.57453377587
0.823699999435 2.3559926288
0.823699999435 2.3559926288
0.095797849059 3.82899031675
0.095797849059 3.82899031675
0.0197839199947 3.97654852715
0.0197839199947 3.97654852715
0.0457959732557 3.93504574182
0.0457959732557 3.93504574182
0.840276795225 2.32124499779
0.840276795225 2.32124499779
0.69360552466 3.13217893032
0.69360552466 3.13217893032
0.878017668191 2.32068275069
0.878017668191 2.32068275069
0.13136373587 3.74447694878
0.13136373587 3.74447694878
0.224128471135 3.58381513858
0.224128471135 3.58381513858
0.224128471135 3.58381513858
0.224128471135 3.58381513858
0.224128471135 3.58381513858
0.661613252887 3.36988569022
0.661613252887 3.36988569022
0.516662368791 3.99364230236
0.516662368791 3.99364230236
0.886560203422 2.33611300666
0.886560203422 2.33611300666
0.197128502847 3.61381141916
0.197128502847 3.61381141916
0.874080688016 2.31550622277
0.874080688016 2.31550622277
0.840035870532 2.32160375778
0.840035870532 2.32160375778
0.282326534136 3.58711873975
0.282326534136 3.58711873975
0.270249835025 3.57837395071
0.270249835025 3.57837395071
0.268407865674 3.57741049659
0.268407865674 3.57741049659
0.268407865674 3.57741049659
0.671071392247 3.30107804597
0.671071392247 3.30107804597
0.752663832985 2.70192981671
0.752663832985 2.70192981671
0.719627481743 2.93590549224
0.719627481743 2.93590549224
0.974672161085 2.794867891
0.974672161085 2.794867891
0.925425230065 2.47638419269
0.925425230065 2.47638419269
0.862677973493 2.30742704171
0.862677973493 2.30742704171
0.134086756139 3.73809815412
0.134086756139 3.73809815412
0.731897165148 2.84595828051
0.731897165148 2.84595828051
0.216481244188 3.59046109799
0.216481244188 3.59046109799
0.958436854512 2.67564934599
0.958436854512 2.67564934599
0.816170796588 2.37831232004
0.816170796588 2.37831232004
0.252561430683 3.57321356221
0.252561430683 3.57321356221
0.252561430683 3.57321356221
0.68905590098 3.16662059109
0.68905590098 3.16662059109
0.774764053937 2.56554282716
0.366267202468 3.74560333368
0.366267202468 3.74560333368
0.968689349155 2.74958514193
0.968689349155 2.74958514193
0.66648808699 3.33463366112
0.66648808699 3.33463366112
0.420403206903 3.8871489514
0.420403206903 3.8871489514
0.978915899313 2.82783847735
0.978915899313 2.82783847735
0.406236337442 3.85143682876
0.406236337442 3.85143682876
0.679150884399 3.2411238087
0.679150884399 3.2411238087
0.54285072729 3.9563284924
0.54285072729 3.9563284924
0.684527851913 3.20078376186
0.684527851913 3.20078376186
0.489917026723 3.99778952723
0.489917026723 3.99778952723
0.594820885732 3.77786962383
0.594820885732 3.77786962383
0.450006345076 3.95096446084
0.450006345076 3.95096446084
0.269760689403 3.57810847527
0.269760689403 3.57810847527
0.0442446722193 3.93783553241
0.0442446722193 3.93783553241
0.0442446722193 3.93783553241
0.0442446722193 3.93783553241
0.835398992783 2.32936032501
0.835398992783 2.32936032501
0.352027313002 3.70967480187
0.352027313002 3.70967480187
0.267854768745 3.57714047711
0.267854768745 3.57714047711
0.267854768745 3.57714047711
0.267854768745 3.57714047711
0.267854768745 3.57714047711
0.969288643387 2.75405412324
0.969288643387 2.75405412324
0.293411808595 3.59877790174
0.293411808595 3.59877790174
0.843156606497 2.31729774732
0.843156606497 2.31729774732
0.278746268373 3.58408983824
0.278746268373 3.58408983824
0.278746268373 3.58408983824
0.172524060821 3.65521469964
0.172524060821 3.65521469964
0.172524060821 3.65521469964
0.236807096109 3.5762708499
0.236807096109 3.5762708499
0.930066141915 2.50034798456
0.930066141915 2.50034798456
0.501820655514 3.9999261236
0.501820655514 3.9999261236
0.117852830608 3.77654796291
0.117852830608 3.77654796291
0.155284426319 3.69032379311
0.155284426319 3.69032379311
0.626517949634 3.60493494043
0.626517949634 3.60493494043
0.793623054179 2.46768990585
0.793623054179 2.46768990585
0.63497193622 3.5518959343
0.63497193622 3.5518959343
0.369779728051 3.75475613454
0.369779728051 3.75475613454
0.369779728051 3.75475613454
0.291647996798 3.59669573664
0.291647996798 3.59669573664
0.291647996798 3.59669573664
0.974110339304 2.79055410769
0.974110339304 2.79055410769
0.173696782561 3.65298756223
0.173696782561 3.65298756223
0.207119787936 3.60063247172
0.207119787936 3.60063247172
0.642496707205 3.50259928737
0.642496707205 3.50259928737
0.194164276743 3.61815539273
0.194164276743 3.61815539273
0.684628675262 3.20002473401
0.684628675262 3.20002473401
0.434590213709 3.92000187968
0.434590213709 3.92000187968
0.935260437524 2.52883970922
0.935260437524 2.52883970922
0.997152262452 2.97608808771
0.997152262452 2.97608808771
0.510471248008 3.99751613538
0.510471248008 3.99751613538
0.893949703056 2.35405891316
0.893949703056 2.35405891316
0.565685377882 3.89501920714
0.565685377882 3.89501920714
0.554084415309 3.92956175521
0.554084415309 3.92956175521
0.681657064211 3.22235769129
0.681657064211 3.22235769129
0.183793426715 3.63480232998
0.183793426715 3.63480232998
0.754058086501 2.69274418092
0.754058086501 2.69274418092
0.702526839998 3.06453173435
0.702526839998 3.06453173435
0.471123653578 3.98265998726
0.471123653578 3.98265998726
0.291128887789 3.59609909699
0.291128887789 3.59609909699
0.291128887789 3.59609909699
0.17275614392 3.65477214948
0.17275614392 3.65477214948
0.263152966539 3.57520549077
0.263152966539 3.57520549077
0.761207066246 2.64679095291
0.761207066246 2.64679095291
0.651153255029 3.44371331543
0.651153255029 3.44371331543
0.959067682774 2.68005425918
0.959067682774 2.68005425918
0.215717198212 3.59120871666
0.215717198212 3.59120871666
0.0693437252495 3.88849473093
0.0693437252495 3.88849473093
0.40228327766 3.84112118234
0.40228327766 3.84112118234
0.695979562191 3.11418044299
0.695979562191 3.11418044299
0.156137754263 3.68849261454
0.156137754263 3.68849261454
0.0558004875506 3.91618778908
0.0558004875506 3.91618778908
0.0558004875506 3.91618778908
0.30868114697 3.62024297478
0.30868114697 3.62024297478
0.787311785667 2.49828221333
0.787311785667 2.49828221333
0.351493863052 3.70837414947
0.351493863052 3.70837414947
0.968450961882 2.74781176137
0.968450961882 2.74781176137
0.528710337628 3.98076220962
0.528710337628 3.98076220962
0.906092504539 2.39263605149
0.906092504539 2.39263605149
0.906092504539 2.39263605149
0.906092504539 2.39263605149
0.593086767771 3.78602188896
0.593086767771 3.78602188896
0.925392821829 2.47622191285
0.925392821829 2.47622191285
0.61250160003 3.68677163337
0.61250160003 3.68677163337
0.718893485291 2.94136540269
0.718893485291 2.94136540269
0.785273182414 2.50864270142
0.785273182414 2.50864270142
0.416458047651 3.87744268946
0.416458047651 3.87744268946
0.416458047651 3.87744268946
0.604170556874 3.73147020166
0.604170556874 3.73147020166
0.604996629458 3.72717638788
0.604996629458 3.72717638788
0.196735222908 3.61437668845
0.196735222908 3.61437668845
0.196735222908 3.61437668845
0.196735222908 3.61437668845
0.90675930752 2.39507555872
0.90675930752 2.39507555872
0.503624924247 3.99970611657
0.503624924247 3.99970611657
0.349665286362 3.70394467101
0.349665286362 3.70394467101
0.214909789573 3.59201497754
0.214909789573 3.59201497754
0.0127642867267 3.98570386345
0.0127642867267 3.98570386345
0.701736788533 3.07051973019
0.701736788533 3.07051973019
0.747621080389 2.7357155627
0.747621080389 2.7357155627
0.0728261806697 3.8810214055
0.0728261806697 3.8810214055
0.214963947328 3.59196037717
0.214963947328 3.59196037717
0.948308329225 2.6077524418
0.948308329225 2.6077524418
0.153699038752 3.69374839551
0.153699038752 3.69374839551
0.914330877266 2.42506447251
0.914330877266 2.42506447251
0.41012080486 3.86144703565
0.41012080486 3.86144703565
0.577091623324 3.85425921872
0.577091623324 3.85425921872
0.793492792893 2.46829810501
0.793492792893 2.46829810501
0.458943935221 3.96606866113
0.458943935221 3.96606866113
0.581505626686 3.83670258024
0.581505626686 3.83670258024
0.0253114624327 3.96870747162
0.0253114624327 3.96870747162
0.200584893359 3.60899212044
0.200584893359 3.60899212044
0.25715787695 3.57367541276
0.25715787695 3.57367541276
0.25715787695 3.57367541276
0.25715787695 3.57367541276
0.25715787695 3.57367541276
0.25715787695 3.57367541276
0.25715787695 3.57367541276
0.860934372606 2.30709686968
0.860934372606 2.30709686968
0.804829138791 2.41920994113
0.804829138791 2.41920994113
0.856762514617 2.30727776005
0.856762514617 2.30727776005
0.694279982389 3.12706682889
0.694279982389 3.12706682889
0.947714610787 2.60394496634
0.947714610787 2.60394496634
0.733582938857 2.83383287243
0.733582938857 2.83383287243
0.742363561138 2.77181263545
0.742363561138 2.77181263545
0.0382019933183 3.94833880901
0.0382019933183 3.94833880901
0.641213507266 3.51113634877
0.641213507266 3.51113634877
0.73186390106 2.8461981841
0.73186390106 2.8461981841
0.681743000172 3.2217130253
0.681743000172 3.2217130253
0.716742354708 2.95740795172
0.716742354708 2.95740795172
0.705065471576 3.04530469025
0.705065471576 3.04530469025
0.137438256755 3.73030530489
0.137438256755 3.73030530489
0.137438256755 3.73030530489
0.987494393858 2.89638627102
0.987494393858 2.89638627102
0.710051015822 3.0076404307
0.710051015822 3.0076404307
0.504774005143 3.99948914019
0.504774005143 3.99948914019
0.933843854168 2.52089794136
0.933843854168 2.52089794136
0.380444727483 3.78298218545
0.380444727483 3.78298218545
0.380444727483 3.78298218545
0.0224869078975 3.97278294557
0.0224869078975 3.97278294557
0.100531100498 3.81784277211
0.100531100498 3.81784277211
0.800260885011 2.43804004393
0.800260885011 2.43804004393
0.649344657318 3.45619453708
0.649344657318 3.45619453708
0.837364757155 2.32587483997
0.837364757155 2.32587483997
0.837364757155 2.32587483997
0.0807380897397 3.8635848065
0.0807380897397 3.8635848065
0.31690652713 3.63422608463
0.31690652713 3.63422608463
0.308489417235 3.61993650284
0.308489417235 3.61993650284
0.308489417235 3.61993650284
0.68807630686 3.17402314413
0.68807630686 3.17402314413
0.900263783685 2.37272531583
0.900263783685 2.37272531583
0.207198713648 3.60053768982
0.207198713648 3.60053768982
0.207198713648 3.60053768982
0.694213821689 3.12756834906
0.694213821689 3.12756834906
0.0175915233809 3.97950521264
0.0175915233809 3.97950521264
0.455633740482 3.96074484041
0.455633740482 3.96074484041
0.54104769571 3.9600145441
0.54104769571 3.9600145441
0.929591675767 2.49783254802
0.929591675767 2.49783254802
0.674592963666 3.27505937974
0.674592963666 3.27505937974
0.314117974207 3.62930555328
0.314117974207 3.62930555328
0.048081769869 3.93086760936
0.048081769869 3.93086760936
0.334311793643 3.66877110952
0.334311793643 3.66877110952
0.953457916433 2.64159269881
0.953457916433 2.64159269881
0.835030014996 2.33004672933
0.835030014996 2.33004672933
0.176319101857 3.64809089424
0.176319101857 3.64809089424
0.224132886717 3.58381174755
0.224132886717 3.58381174755
0.226172132047 3.58230164949
0.226172132047 3.58230164949
0.797308666986 2.45089851568
0.797308666986 2.45089851568
0.4866500313 3.99615305038
0.4866500313 3.99615305038
0.861089795037 2.30711657626
0.861089795037 2.30711657626
0.0909682669306 3.84024929046
0.0909682669306 3.84024929046
0.0909682669306 3.84024929046
0.0909682669306 3.84024929046
0.675239627424 3.27026153444
0.675239627424 3.27026153444
0.267034330635 3.57675636382
0.267034330635 3.57675636382
0.267034330635 3.57675636382
0.267034330635 3.57675636382
0.140266632476 3.72378623927
0.140266632476 3.72378623927
0.89568831433 2.35889463605
0.89568831433 2.35889463605
0.780216437363 2.53530937788
0.780216437363 2.53530937788
0.0940698201469 3.83303367492
0.0940698201469 3.83303367492
0.0424100076512 3.94108628524
0.0424100076512 3.94108628524
0.601361287913 3.74583922561
0.601361287913 3.74583922561
0.273575498538 3.58036299517
0.273575498538 3.58036299517
0.783524300642 2.51771134649
0.783524300642 2.51771134649
0.030672163412 3.96058415612
0.030672163412 3.96058415612
0.217544618215 3.58944554978
0.217544618215 3.58944554978
0.217544618215 3.58944554978
0.217544618215 3.58944554978
0.757165428015 2.67252893289
0.757165428015 2.67252893289
0.33149804384 3.66276825546
0.33149804384 3.66276825546
0.865784239628 2.30860945824
0.865784239628 2.30860945824
0.956708476814 2.66368278556
0.244439443642 3.57389893996
0.244439443642 3.57389893996
0.822929846167 2.35809292688
0.822929846167 2.35809292688
0.320302458363 3.6404590161
0.320302458363 3.6404590161
0.140190009687 3.7239620912
0.140190009687 3.7239620912
0.665694422864 3.3404053709
0.665694422864 3.3404053709
0.177008198287 3.64682370449
0.177008198287 3.64682370449
0.0781427094932 3.86937019096
0.0781427094932 3.86937019096
0.31671176188 3.63387655674
0.31671176188 3.63387655674
0.814162326537 2.38492886817
0.814162326537 2.38492886817
0.728872139957 2.86787201499
0.728872139957 2.86787201499
0.136817376179 3.73174367595
0.136817376179 3.73174367595
0.612673840124 3.68581539272
0.612673840124 3.68581539272
0.0309772547772 3.96010675264
0.0309772547772 3.96010675264
0.240418468128 3.5749417649
0.240418468128 3.5749417649
0.240418468128 3.5749417649
0.261149396474 3.574577205
0.261149396474 3.574577205
0.755027655146 2.68639798827
0.755027655146 2.68639798827
0.425700603782 3.89982314879
0.425700603782 3.89982314879
0.187137660403 3.62919687106
0.187137660403 3.62919687106
0.174120870417 3.65218778271
0.174120870417 3.65218778271
0.174120870417 3.65218778271
0.174120870417 3.65218778271
0.174120870417 3.65218778271
0.174120870417 3.65218778271
0.834845092647 2.3303945523
0.834845092647 2.3303945523
0.0934796743917 3.83441088392
0.0934796743917 3.83441088392
0.939544231235 2.55361988524
0.939544231235 2.55361988524
0.773923341455 2.5703357252
0.773923341455 2.5703357252
0.783001479398 2.52045430651
0.783001479398 2.52045430651
0.134654206045 3.73677396498
0.134654206045 3.73677396498
0.636878336105 3.53958461825
0.636878336105 3.53958461825
0.716480251808 2.95936661887
0.716480251808 2.95936661887
0.324975659412 3.64945272378
0.324975659412 3.64945272378
0.755149513381 2.68560282452
0.755149513381 2.68560282452
0.360604090358 3.73106160466
0.360604090358 3.73106160466
0.728420736862 2.87115827286
0.728420736862 2.87115827286
0.335374241817 3.67107632059
0.335374241817 3.67107632059
0.335374241817 3.67107632059
0.133251982291 3.74004946003
0.133251982291 3.74004946003
0.950227869103 2.62019699785
0.950227869103 2.62019699785
0.80135374076 2.43341621589
0.80135374076 2.43341621589
0.509308691063 3.99804119141
0.509308691063 3.99804119141
0.757260646765 2.67191521255
0.757260646765 2.67191521255
0.462383908066 3.97124530359
0.462383908066 3.97124530359
0.138281980834 3.72835478444
0.138281980834 3.72835478444
0.138281980834 3.72835478444
0.138281980834 3.72835478444
0.138281980834 3.72835478444
0.824312647679 2.35435199858
0.824312647679 2.35435199858
0.500757084195 3.99998725247
0.500757084195 3.99998725247
0.886595251049 2.33618809925
0.886595251049 2.33618809925
0.473230966533 3.98501882236
0.473230966533 3.98501882236
0.349079945046 3.70253645933
0.349079945046 3.70253645933
0.349079945046 3.70253645933
0.332889613089 3.66571825833
0.332889613089 3.66571825833
0.308523544049 3.61999098676
0.308523544049 3.61999098676
